343,2 1
4,1 5
343,1 1
319,1 1
101,1 1
0,2 1
0,1 2
186,2 1
186,1 1
45,3 1
45,2 11
45,1 4
311,1 2
408,1 1
158,2 1
396,4 2
158,1 1
396,3 5
396,2 4
396,1 2
154,3 1
154,2 9
154,1 5
368,1 1
126,1 1
122,8 1
122,7 2
122,6 2
122,5 1
122,4 9
122,3 5
122,2 4
122,1 1
219,1 1
360,1 1
90,1 1
66,3 3
66,2 5
66,1 2
215,1 2
332,1 1
211,2 2
211,1 3
38,2 1
38,1 6
296,1 1
304,2 1
175,1 1
304,1 3
34,1 1
171,4 1
171,3 2
171,2 2
171,1 2
300,1 1
30,1 4
147,1 2
385,1 1
264,3 2
264,2 2
264,1 1
143,1 1
260,1 1
87,1 1
115,2 1
115,1 1
232,1 1
59,3 1
329,2 2
59,2 1
329,1 1
59,1 1
111,2 2
208,3 3
111,1 2
208,2 9
208,1 5
196,1 1
55,3 2
55,2 2
55,1 2
204,1 1
192,1 1
289,2 1
321,1 1
289,1 4
200,1 1
27,1 2
285,1 1
414,1 1
164,1 1
23,2 4
23,1 5
378,1 1
136,2 1
136,1 1
374,2 1
374,1 1
229,2 1
229,1 1
370,2 1
370,1 1
108,2 6
108,1 4
346,1 1
76,1 2
225,3 2
225,2 5
225,1 3
318,8 1
318,7 2
318,6 2
318,5 1
342,1 2
3,1 1
72,1 1
318,4 9
318,3 5
189,1 1
318,2 4
318,1 1
48,1 3
100,1 1
44,2 1
314,1 2
44,1 1
181,8 1
181,7 2
181,6 2
181,5 1
181,4 9
181,3 5
399,1 1
181,2 4
16,8 1
181,1 2
278,2 1
16,7 2
310,1 1
40,2 1
278,1 1
16,6 2
16,5 1
40,1 6
16,4 9
157,1 1
16,3 5
395,4 1
16,2 5
395,3 11
16,1 4
395,2 4
395,1 1
403,1 1
153,2 1
391,4 1
153,1 1
12,2 1
391,3 3
391,2 1
12,1 8
391,1 1
129,1 2
270,1 1
97,1 1
125,1 2
242,1 1
339,1 2
69,1 1
65,2 3
65,1 5
214,1 1
331,1 1
61,1 1
178,1 1
210,1 2
303,3 1
303,2 3
303,1 1
291,1 1
388,1 1
267,1 3
263,1 1
380,1 1
118,1 2
86,2 1
86,1 1
235,1 2
114,2 2
114,1 3
231,3 1
82,1 1
231,2 3
328,2 1
199,1 1
231,1 2
328,1 1
58,2 2
58,1 4
110,1 2
54,2 4
54,1 5
50,1 2
163,2 2
163,1 2
139,2 2
139,1 4
256,1 1
135,2 1
135,1 2
252,1 1
79,1 1
131,1 1
228,1 1
6,1 1
224,2 1
224,1 3
103,1 1
2,2 1
341,1 1
2,1 1
188,2 1
220,1 1
188,1 2
184,1 2
19,1 2
398,1 1
180,2 1
180,1 1
156,1 1
152,1 2
128,1 5
124,2 2
124,1 1
92,2 1
362,1 1
92,1 6
217,5 1
241,1 2
68,3 6
217,4 2
68,2 5
217,3 2
68,1 2
120,1 1
217,2 2
217,1 3
334,1 1
64,1 1
298,2 2
60,2 1
298,1 1
60,1 1
177,1 3
306,1 1
36,1 2
32,4 2
173,1 3
32,3 2
32,2 6
302,1 1
32,1 4
149,1 3
290,1 1
266,1 1
262,1 1
141,1 1
238,1 2
117,1 1
234,1 1
113,2 1
113,1 2
351,1 1
57,6 1
57,5 2
57,4 2
198,1 1
57,3 1
327,1 1
57,2 9
57,1 4
206,1 2
194,2 1
194,1 4
202,1 3
29,2 4
29,1 2
416,4 1
287,3 1
416,3 9
287,2 4
416,2 4
287,1 1
416,1 2
166,2 1
166,1 1
25,2 2
25,1 2
412,1 1
162,1 1
21,1 1
138,3 1
138,2 1
138,1 4
251,1 1
348,1 1
9,1 1
227,2 2
227,1 2
106,1 2
74,3 2
74,2 3
74,1 2
223,1 1
70,1 2
187,1 1
46,1 1
312,1 2
42,1 1
409,1 1
397,3 1
18,1 3
397,2 8
397,1 1
276,2 2
276,1 4
405,1 1
14,1 3
151,5 1
151,4 2
401,1 1
151,3 2
99,1 3
151,2 2
151,1 3
248,1 2
10,1 3
365,1 1
95,2 2
123,7 1
95,1 2
123,6 2
123,5 2
123,4 1
244,1 2
123,3 9
240,9 1
123,2 5
240,8 2
123,1 4
240,7 2
240,6 1
361,2 1
240,5 6
361,1 1
240,4 5
240,3 5
240,2 6
240,1 2
337,1 1
67,2 2
216,3 1
67,1 3
216,2 9
216,1 3
63,3 3
63,2 9
63,1 6
212,1 2
309,1 1
297,1 2
293,1 2
301,2 1
301,1 1
31,1 1
265,2 2
265,1 2
144,1 1
382,2 2
382,1 2
261,1 1
358,1 1
88,1 1
140,2 1
237,2 1
140,1 5
237,1 1
116,2 1
116,1 1
354,1 1
84,1 1
112,1 1
209,1 1
197,5 2
197,4 2
197,3 6
197,2 4
197,1 1
326,2 2
326,1 2
322,1 1
52,2 1
52,1 3
169,3 2
169,2 3
169,1 2
286,1 1
165,1 1
24,2 1
24,1 1
282,1 3
161,2 1
161,1 1
258,1 1
137,1 1
375,1 1
254,1 1
133,1 1
371,1 1
109,1 1
8,2 1
77,3 1
8,1 1
77,2 1
347,1 1
77,1 3
