[295, 296]
[195, 278]
[378, 10]
[64, 65]
[43, 102]
[40, 208]
[8, 9]
[228, 5]
[232, 69]
[321, 322]
[56, 4]
[172, 173]
[10, 139]
[225, 389]
[168, 351]
[119, 102]
[201, 10]
[344, 3]
[40, 43]
[54, 55]
[128, 240]
[295, 300]
[201, 165]
[143, 165]
[277, 124]
[221, 76]
[16, 192]
[166, 24]
[107, 233]
[38, 39]
[193, 194]
[89, 90]
[311, 27]
[197, 13]
[163, 374]
[105, 174]
[264, 113]
[343, 192]
[62, 63]
[238, 24]
[70, 71]
[168, 94]
[12, 305]
[25, 263]
[138, 368]
[84, 85]
[161, 50]
[132, 99]
[289, 290]
[227, 228]
[273, 77]
[187, 307]
[94, 95]
[111, 162]
[105, 30]
[314, 186]
[159, 196]
[119, 104]
[140, 161]
[168, 95]
[154, 182]
[51, 184, 13]
[117, 217]
[4, 171]
[59, 149, 180]
[180, 150]
[159, 160]
[59, 130]
[72, 192]
[138, 139]
[82, 83]
[68, 69]
[191, 7]
[44, 38]
[21, 151]
[16, 147]
[333, 334]
[376, 44]
[72, 7]
[310, 43]
[280, 13]
[30, 259]
[36, 50]
[228, 203]
[108, 241]
[238, 269]
[336, 192]
[294, 69]
[57, 139]
[61, 43]
[49, 50]
[38, 245]
[193, 25]
[255, 103]
[125, 50]
[275, 276]
[212, 292]
[174, 104]
[133, 134]
[360, 361]
[324, 69]
[27, 291]
[222, 208]
[209, 50]
[98, 99]
[70, 111]
[4, 50]
[210, 331]
[130, 48]
[129, 340]
[40, 365]
[21, 306]
[21, 318]
[44, 277]
[12, 13]
[40, 35]
[82, 273]
[57, 43]
[194, 226]
[366, 367]
[56, 202]
[281, 197]
[83, 145, 57]
[372, 286, 287]
[2, 3]
[3, 247]
[26, 186]
[163, 164]
[169, 117]
[293, 233]
[258, 102]
[201, 55]
[180, 181]
[25, 174]
[202, 161]
[38, 158]
[196, 213]
[350, 101]
[29, 30]
[106, 50]
[42, 43]
[297, 326]
[96, 265]
[36, 37]
[287, 13]
[100, 101]
[19, 20]
[225, 226]
[59, 231]
[25, 173]
[169, 170]
[285, 102]
[51, 229, 13]
[142, 43]
[242, 243]
[251, 50]
[202, 203]
[231, 282]
[31, 11]
[309, 93]
[287, 256]
[196, 359]
[297, 298]
[116, 117]
[32, 33]
[14, 169]
[56, 36]
[140, 5]
[14, 375]
[89, 19]
[250, 121]
[128, 104]
[122, 24]
[122, 335]
[89, 371]
[53, 102]
[193, 7]
[143, 83]
[191, 192]
[211, 384]
[57, 337]
[65, 197]
[136, 290]
[73, 74]
[17, 150]
[211, 26]
[357, 358]
[323, 41]
[280, 18]
[10, 288]
[30, 87]
[182, 48]
[122, 35]
[47, 48]
[268, 48]
[214, 182]
[187, 188]
[273, 104]
[392, 236]
[163, 249]
[47, 158]
[391, 201]
[56, 140]
[268, 245]
[328, 207]
[382, 383]
[73, 237]
[238, 239]
[89, 385]
[299, 294]
[287, 355]
[180, 69]
[89, 373]
[255, 77]
[193, 130]
[140, 144]
[57, 91]
[29, 167]
[32, 54]
[53, 21]
[59, 7]
[49, 272]
[131, 182]
[53, 104]
[172, 167]
[103, 104]
[256, 340]
[10, 11]
[138, 207]
[193, 51]
[178, 179]
[40, 335]
[117, 56]
[27, 28]
[284, 285]
[51, 52]
[44, 312]
[294, 233]
[212, 21]
[53, 292]
[131, 115]
[59, 194]
[128, 118, 119]
[345, 346]
[6, 7]
[103, 292]
[25, 26]
[122, 93]
[117, 269]
[212, 104]
[200, 43]
[21, 22, 292]
[130, 390]
[143, 139]
[268, 158]
[17, 18]
[0, 1]
[379, 20]
[231, 68]
[110, 11]
[44, 30]
[129, 256]
[16, 13]
[83, 273]
[353, 354]
[161, 218]
[196, 27]
[308, 241]
[112, 113]
[246, 93]
[107, 69]
[302, 117]
[232, 13]
[143, 352]
[277, 278]
[96, 150]
[4, 203]
[12, 262]
[329, 77]
[23, 24]
[341, 342]
[0, 43]
[292, 104]
[10, 77]
[14, 15]
[183, 32]
[10, 381]
[129, 81]
[54, 92]
[204, 55]
[254, 255]
[231, 232]
[57, 58, 148, 43]
[210, 338]
[316, 317]
[143, 10]
[210, 19]
[216, 113]
[113, 135]
[325, 174]
[40, 174]
[369, 370]
[362, 363]
[89, 301]
[303, 79]
[65, 261]
[197, 69]
[165, 332]
[175, 176]
[10, 326]
[88, 13]
[141, 99]
[141, 139]
[53, 93]
[122, 167]
[128, 174]
[206, 207]
[59, 81]
[129, 280]
[386, 233]
[273, 139]
[8, 234]
[218, 49]
[143, 257]
[4, 5]
[387, 388]
[324, 150]
[347, 348]
[391, 94]
[83, 157]
[105, 195]
[38, 270]
[241, 48]
[122, 208]
[120, 121]
[30, 278]
[10, 177]
[195, 267]
[66, 105]
[8, 320]
[218, 125]
[136, 137]
[38, 226]
[40, 41]
[189, 190]
[47, 245]
[21, 53]
[92, 285]
[356, 43]
[34, 35]
[4, 228]
[68, 13]
[187, 13]
[32, 168]
[202, 279]
[222, 223]
[227, 14]
[30, 364]
[377, 212]
[321, 339]
[14, 117]
[131, 349]
