[151, 174, 199, 1]
[71, 40, 46]
[151, 152]
[129, 72, 55, 65, 70, 71, 40, 46]
[201, 13, 191, 72, 55, 168, 70, 46]
[72, 55, 2, 80, 3]
[114, 72, 55, 2, 152]
[13, 191, 72, 55, 168, 70]
[58, 16, 117]
[208, 98, 99, 0, 1]
[70, 71, 40, 41, 133]
[191, 72, 55, 2, 152]
[168, 70, 46]
[148, 36, 208, 98, 213]
[36, 208, 98, 213]
[156, 73, 74]
[72, 55, 2, 80, 83]
[36, 208, 98]
[38, 39]
[168, 70]
[68, 69, 111, 32, 33]
[65, 83]
[201, 13, 191, 72, 55, 168]
[56, 44, 45]
[13, 72, 55, 168, 3]
[243, 50, 51]
[2, 80]
[70, 71]
[159, 160, 236, 131]
[151, 174]
[215, 160, 236, 131]
[70, 71, 38, 39]
[78, 79]
[201, 13, 72, 55]
[156, 73, 177]
[32, 244]
[136, 137, 93, 107, 47, 25, 26]
[168, 70, 71, 40, 46]
[191, 72, 55, 168, 70, 71, 38, 46]
[224, 225]
[2, 83]
[114, 72, 55, 168, 70, 71, 38]
[129, 72, 216]
[13, 191, 72, 55, 65, 83]
[191, 72, 55, 65, 70, 71, 40, 46]
[146, 147]
[240, 241]
[137, 93, 166]
[201, 13, 191, 72, 55, 168, 70, 71, 40, 41]
[13, 72, 55, 65, 70, 71, 38]
[82, 83]
[47, 25, 61]
[93, 166]
[137, 42, 78]
[173, 80]
[201, 13, 72, 55, 34, 35]
[201, 13, 191, 72, 55, 2, 152]
[136, 137, 42, 78, 79]
[36, 208, 98, 99, 0]
[201, 13, 191, 72, 55, 168, 70, 71, 40, 46]
[201, 13, 72, 55, 168, 70]
[191, 72, 55, 65, 70, 71, 38]
[13, 191, 72, 55, 65]
[208, 98]
[12, 4]
[15, 16, 29]
[170, 148, 36, 208, 98]
[99, 231, 1]
[137, 93, 107, 47]
[181, 97, 204]
[136, 137, 93]
[175, 49]
[201, 13, 72, 55, 168, 70, 46]
[191, 72, 55, 2, 83]
[2, 3]
[65, 70, 71, 40, 46]
[168, 70, 71, 38, 46]
[201, 13, 72, 55, 65, 70]
[13, 72, 55, 34, 35]
[134, 85, 103]
[137, 42, 187]
[21, 59]
[121, 171]
[13, 191, 72, 55, 65, 70, 71, 38, 39]
[136, 137, 42, 87]
[148, 56, 44]
[65, 70, 46]
[13, 72, 55, 168, 70]
[15, 16, 117]
[201, 13, 72, 55, 168, 70, 71, 40]
[56, 104]
[162, 143]
[72, 55, 65, 83]
[114, 72, 55, 65, 70, 71, 38]
[42, 43]
[72, 55, 168, 70, 46]
[27, 105]
[191, 72, 55, 65, 70, 71]
[42, 67]
[15, 16, 29, 52]
[55, 168, 70, 71, 38, 46]
[107, 47, 25, 61]
[85, 103]
[140, 141]
[129, 72, 55, 65, 70, 71, 40, 41]
[250, 251]
[129, 72, 55, 2, 3]
[55, 65, 70, 46]
[60, 47]
[191, 72, 55, 168, 70, 46]
[13, 191, 72, 55, 2, 80, 3]
[114, 72, 55, 168, 70, 71]
[15, 88]
[191, 72, 55, 2, 80]
[13, 72, 55, 2, 80, 83]
[13, 191, 72, 55, 34, 46]
[68, 69, 111]
[230, 29, 52]
[29, 52]
[65, 66]
[97, 204]
[199, 1]
[201, 13, 72, 55, 65]
[201, 13, 72, 55, 168, 169]
[170, 148, 56, 57]
[13, 191, 72, 55, 2, 80]
[85, 73]
[230, 29]
[53, 54]
[82, 3]
[136, 137, 42, 67]
[187, 188]
[8, 233]
[85, 73, 177]
[201, 13, 191, 72, 55, 2]
[13, 191, 72, 84]
[55, 168, 70, 71]
[157, 158]
[201, 13, 72, 55, 65, 70, 71, 38, 39]
[72, 55, 2]
[183, 184]
[136, 137, 42, 43]
[148, 36, 208]
[191, 72, 55, 65, 70, 71, 40, 41]
[72, 55, 65, 70, 71, 38, 46]
[201, 13, 72, 55, 168, 70, 71, 38, 46]
[148, 56, 176]
[111, 32]
[137, 42, 205]
[134, 85, 73]
[13, 191, 72, 55, 2, 80, 83]
[55, 168, 70, 71, 40, 46]
[42, 87]
[93, 125]
[201, 13, 191, 72, 55, 65, 70, 71, 38, 39]
[110, 98, 99, 0]
[129, 72, 55, 65, 70, 71, 40]
[114, 72, 55, 65, 70, 71, 38, 46]
[191, 72, 55, 168, 70, 71, 40]
[142, 80, 3]
[137, 42, 206]
[201, 13, 72, 55, 168, 3]
[236, 131]
[25, 26]
[170, 148, 149]
[55, 34]
[0, 1]
[98, 213]
[36, 208, 98, 99, 231]
[75, 84]
[81, 1]
[68, 69, 111, 32]
[114, 72, 55, 168, 169]
[13, 72, 55, 65, 70]
[201, 13, 72, 55, 65, 70, 71, 40, 41]
[201, 13, 191, 72, 175, 49]
[201, 13, 72, 55, 65, 70, 71]
[42, 206]
[181, 97, 27]
[93, 107]
[137, 93, 209]
[201, 13, 72, 216]
[148, 36, 37]
[99, 231]
[151, 174, 199]
[116, 122]
[13, 14]
[55, 65, 70]
[137, 42, 53]
[201, 13, 191, 72, 55, 65]
[208, 98, 99, 0]
[230, 24]
[2, 80, 3]
[30, 31]
[72, 175, 49, 46]
[142, 3]
[42, 205]
[123, 27, 28]
[95, 96]
[13, 191, 72]
[148, 36, 208, 98, 99, 231]
[201, 13, 191, 72, 55, 2, 83]
[160, 236, 131, 62]
[129, 72, 55]
[178, 29, 52]
[191, 72, 55, 34, 46]
[72, 55, 34]
[72, 55, 168, 169]
[13, 72, 55, 2]
[42, 78, 79]
[191, 72, 55, 65, 70, 71, 38, 46]
[15, 116, 122, 128]
[114, 72, 175, 49, 46]
[71, 38]
[201, 13, 191, 72, 55, 2, 80]
[16, 29, 52]
[42, 53, 54]
[120, 121]
[47, 25, 26]
[114, 72, 55, 34]
[170, 148]
[173, 80, 3]
[40, 41]
[136, 137, 93, 107, 47, 25, 61]
[55, 168]
[58, 16, 29, 52]
[170, 148, 254]
[13, 72, 175]
[72, 55, 65, 66]
[15, 116, 29]
[131, 62]
[201, 13, 191, 192]
[13, 191, 72, 55, 2]
[13, 72, 55, 168, 70, 71, 40, 46]
[114, 72, 55, 168, 70, 71, 38, 39]
[13, 191, 72, 55, 168, 70, 71, 40]
[13, 191, 72, 55, 2, 83]
[55, 65, 70, 71, 40, 46]
[114, 72, 55, 65, 70]
[8, 9]
[137, 42, 53, 54]
[191, 72, 55, 65, 70]
[2, 152]
[80, 3]
[13, 191, 72, 55, 168, 70, 46]
[201, 13, 217]
[242, 119]
[60, 47, 25, 61]
[201, 13, 191, 72, 55, 65, 70, 71, 40, 41, 133]
[13, 72, 175, 49]
[248, 199]
[201, 13, 191, 72, 55, 168, 70, 71, 38, 39]
[56, 57]
[77, 48]
[201, 13, 72, 55, 168, 70, 71]
[10, 212]
[13, 191, 72, 175, 49]
[13, 72, 55, 65, 70, 71]
[72, 55, 168, 3]
[15, 116, 29, 52]
[215, 160, 94]
[36, 125]
[201, 13, 191, 72, 175]
[13, 191, 72, 55, 168, 70, 71, 38]
[55, 2, 80, 83]
[72, 55, 65, 70, 71, 40, 46]
[129, 72]
[70, 71, 40, 46]
[116, 122, 29, 52]
[77, 25]
[137, 93, 107, 47, 25]
[106, 107, 47]
[170, 148, 56, 44, 45]
[40, 46]
[142, 143]
[129, 72, 175]
[201, 13, 191, 72, 55, 34, 46]
[191, 72, 55, 34]
[13, 72, 84]
[191, 72, 55, 34, 35]
[139, 73, 167]
[4, 195]
[131, 179]
[146, 147, 228]
[148, 36, 208, 98, 99, 0]
[65, 70, 71, 38]
[137, 42, 246]
[252, 253]
[142, 144]
[243, 50]
[68, 69]
[118, 119]
[36, 208, 98, 99, 231, 1]
[134, 135]
[13, 191, 192]
[191, 72, 55, 65, 70, 46]
[98, 99, 0]
[126, 127]
[171, 172]
[42, 246]
[200, 109]
[12, 4, 195]
[218, 219]
[148, 36, 208, 98]
[15, 16]
[55, 168, 70, 71, 40, 41, 133]
[173, 80, 83]
[201, 13, 191, 72]
[70, 71, 40, 41]
[114, 72, 55, 34, 35]
[72, 55, 65, 70, 71, 40]
[10, 256]
[137, 93, 94]
[201, 13, 191, 72, 55, 168, 70, 71]
[191, 72, 55, 168, 70, 71, 40, 41]
[41, 133]
[120, 121, 171, 172]
[10, 124]
[168, 70, 71, 38]
[12, 4, 62]
[181, 182]
[120, 121, 171]
[170, 148, 36, 208, 98, 99, 0, 1]
[226, 227]
[93, 94]
[160, 236, 131]
[36, 37]
[70, 46]
[73, 177]
[129, 72, 55, 65, 70]
[134, 85]
[13, 191]
[129, 72, 175, 49]
[201, 13, 191, 72, 55, 65, 70, 71]
[13, 191, 72, 55, 65, 70, 71, 40, 41]
[65, 70, 71, 40, 41, 133]
[108, 109]
[175, 49, 46]
[136, 137, 42, 198]
[191, 72, 55, 2, 80, 3]
[2, 46]
[116, 117]
[32, 33]
[111, 32, 33]
[191, 72, 55, 168]
[148, 36, 154]
[55, 168, 70, 71, 40]
[47, 25]
[12, 4, 5]
[129, 72, 55, 65, 70, 71, 38, 46]
[136, 137, 42, 53, 54]
[97, 27]
[72, 55, 2, 152]
[13, 191, 72, 55, 168, 70, 71, 38, 39]
[21, 245]
[116, 29]
[201, 13, 191, 72, 55, 2, 46]
[168, 3]
[234, 235]
[25, 61]
[55, 168, 169]
[47, 48]
[98, 99, 231]
[55, 34, 46]
[201, 13, 191, 72, 55, 65, 66]
[114, 72, 55, 2, 3]
[13, 72, 55, 34]
[110, 98, 99]
[129, 72, 55, 2]
[114, 72, 55, 168, 70, 71, 40, 41, 133]
[201, 13, 72, 55, 2, 3]
[151, 80, 3]
[107, 47, 25, 26]
[13, 191, 72, 55, 168, 70, 71, 40, 41]
[107, 47]
[181, 97, 27, 28]
[114, 72, 55]
[148, 36]
[13, 191, 72, 55, 65, 70, 71, 40, 46]
[27, 28]
[72, 55]
[6, 7]
[55, 2, 152]
[138, 155]
[4, 179]
[170, 148, 56, 176]
[72, 175, 49]
[71, 40, 41, 133]
[123, 27, 105]
[137, 42]
[148, 36, 208, 98, 99, 231, 1]
[13, 72, 55, 168, 70, 71, 38, 46]
[129, 72, 55, 34]
[20, 5]
[134, 85, 73, 177]
[201, 13, 72, 55, 65, 70, 71, 40]
[69, 145]
[201, 13, 191, 72, 55, 65, 70, 71, 38]
[136, 137, 239]
[72, 55, 2, 80]
[247, 133]
[248, 199, 1]
[136, 137, 42, 246]
[55, 168, 70, 46]
[13, 72, 55, 65, 70, 71, 38, 39]
[72, 55, 65, 70, 46]
[34, 46]
[72, 55, 65, 70, 71, 40, 41, 133]
[107, 47, 48]
[237, 238]
[107, 194]
[65, 70, 71, 38, 46]
[114, 72, 55, 65, 70, 46]
[201, 13, 72, 175]
[208, 98, 99]
[136, 137, 212]
[71, 38, 39]
[55, 168, 3]
[71, 40, 41]
[137, 93, 107, 47, 48]
[201, 13, 72, 55, 65, 66]
[129, 72, 55, 168, 70, 71, 40, 41]
[92, 130]
[55, 65, 70, 71, 38, 39]
[72, 55, 168, 70, 71, 38, 46]
[114, 72, 55, 168]
[201, 13, 72, 55, 2]
[173, 190]
[72, 55, 34, 46]
[55, 65, 70, 71, 40]
[170, 148, 36, 208]
[129, 72, 55, 2, 80, 83]
[136, 137, 42]
[15, 116, 122, 29, 52]
[123, 27]
[136, 137, 42, 187, 188]
[44, 45]
[13, 217]
[136, 137, 93, 107, 47]
[4, 5]
[13, 72]
[201, 13, 191, 72, 55, 65, 83]
[13, 191, 72, 175]
[72, 55, 2, 83]
[191, 72, 55, 168, 70, 71, 40, 46]
[97, 27, 105]
[129, 72, 55, 168, 70, 71, 38, 39]
[201, 13, 191, 72, 55, 2, 80, 83]
[138, 39]
[191, 72, 55, 65, 70, 71, 40, 41, 133]
[201, 13, 191, 72, 84]
[201, 13, 191]
[13, 191, 72, 55, 168, 70, 71, 40, 46]
[136, 137]
[201, 13, 72, 175, 49]
[42, 198]
[107, 47, 25]
[13, 72, 55, 65, 70, 71, 40, 41, 133]
[137, 42, 78, 86]
[129, 72, 55, 34, 35]
[170, 148, 36, 208, 98, 213]
[15, 116, 117]
[191, 72, 55, 2, 46]
[55, 65, 70, 71, 40, 41]
[13, 72, 216]
[160, 236]
[181, 97, 211]
[121, 171, 172]
[85, 73, 74]
[156, 73, 167]
[13, 72, 55, 168, 70, 71, 38, 39]
[65, 70]
[129, 72, 55, 168, 70, 71, 38]
[8, 150]
[148, 36, 208, 98, 99]
[201, 13, 72, 55, 34, 46]
[81, 229]
[201, 13, 72, 55, 2, 80, 83]
[142, 80, 83]
[114, 72, 55, 65, 70, 71, 40, 41, 133]
[72, 55, 168, 70, 71, 38]
[13, 72, 55, 2, 83]
[13, 191, 72, 55, 34]
[201, 13, 72, 55, 65, 70, 46]
[89, 90]
[106, 125]
[129, 72, 55, 168, 70, 71, 40, 46]
[114, 72, 84]
[13, 72, 55, 168, 169]
[13, 191, 72, 55, 168, 70, 71, 40, 41, 133]
[201, 13, 72, 55, 65, 70, 71, 38]
[201, 13, 191, 72, 216]
[174, 199, 1]
[201, 13, 191, 72, 55, 65, 70, 71, 38, 46]
[236, 131, 62]
[183, 243, 50]
[13, 72, 55, 2, 80]
[116, 122, 128]
[191, 72, 84]
[201, 13, 72, 55, 168, 70, 71, 40, 41, 133]
[13, 72, 55, 65]
[137, 42, 67]
[19, 20, 195]
[137, 42, 43]
[129, 72, 55, 168, 169]
[148, 254]
[114, 72, 55, 168, 70]
[13, 191, 72, 175, 49, 46]
[201, 13, 72, 55, 2, 46]
[159, 160, 236]
[70, 71, 40]
[191, 72, 55, 2]
[114, 72, 55, 2, 46]
[201, 13, 191, 72, 55, 168, 70, 71, 40]
[55, 2, 83]
[13, 191, 72, 55, 65, 70, 71, 40]
[13, 72, 55, 65, 70, 71, 40, 41]
[60, 47, 25, 26]
[139, 73]
[170, 148, 36, 208, 98, 99, 0]
[55, 168, 70, 71, 38, 39]
[55, 65, 70, 71, 38]
[71, 40]
[72, 55, 2, 3]
[136, 137, 42, 206]
[201, 13, 72, 55, 65, 83]
[156, 73, 232]
[13, 72, 55, 34, 46]
[42, 53]
[137, 42, 198]
[20, 62]
[210, 46]
[21, 22]
[137, 93, 107, 47, 25, 61]
[98, 99]
[129, 72, 55, 65]
[13, 191, 72, 55, 65, 70, 46]
[201, 13, 72, 55, 168, 70, 71, 38, 39]
[69, 111, 32, 33]
[208, 98, 99, 231]
[136, 137, 42, 205]
[42, 78, 86]
[15, 116, 122]
[69, 111, 32]
[13, 72, 55, 168]
[78, 86]
[201, 13, 191, 72, 55, 65, 70, 71, 40]
[23, 163]
[161, 41]
[106, 107, 47, 25, 26]
[42, 78]
[191, 72, 55, 168, 169]
[170, 148, 36, 37]
[13, 72, 55, 168, 70, 46]
[13, 191, 72, 55, 65, 70]
[106, 107, 194]
[55, 168, 70, 71, 38]
[10, 180]
[129, 72, 55, 2, 83]
[13, 191, 72, 55]
[72, 55, 65, 70, 71]
[13, 72, 175, 49, 46]
[38, 46]
[148, 56]
[114, 72, 55, 168, 70, 71, 40, 46]
[137, 42, 187, 188]
[101, 102]
[136, 137, 42, 78, 86]
[148, 56, 104]
[55, 2, 80]
[114, 72, 55, 65, 70, 71]
[170, 148, 56, 104]
[196, 197]
[122, 128]
[72, 55, 65, 70]
[77, 25, 26]
[148, 149]
[201, 13, 14]
[114, 72, 175, 49]
[93, 107, 194]
[170, 148, 56, 44]
[183, 243]
[129, 72, 55, 168, 70, 71, 40, 41, 133]
[191, 72, 55, 2, 80, 83]
[136, 137, 42, 53]
[191, 72, 55, 168, 70, 71, 38, 39]
[13, 191, 72, 55, 168, 70, 71]
[68, 69, 111, 32, 244]
[112, 46]
[129, 72, 175, 49, 46]
[132, 133]
[215, 160, 236]
[201, 13, 191, 72, 55, 34]
[147, 228]
[191, 72, 55, 168, 3]
[129, 72, 55, 65, 70, 46]
[13, 72, 55]
[136, 137, 42, 78]
[236, 131, 179]
[13, 72, 55, 2, 152]
[110, 98, 213]
[63, 64]
[191, 192]
[156, 73, 103]
[73, 74]
[173, 143]
[20, 195]
[139, 207]
[161, 41, 133]
[13, 72, 55, 65, 83]
[114, 72, 55, 2, 83]
[134, 164]
[186, 17, 18, 39]
[60, 115]
[13, 72, 55, 65, 70, 71, 40, 46]
[91, 92, 130]
[114, 72, 55, 168, 70, 71, 40]
[13, 72, 55, 65, 70, 71, 40]
[208, 98, 99, 231, 1]
[191, 72]
[136, 137, 93, 209]
[72, 55, 2, 46]
[114, 72, 55, 168, 70, 71, 40, 41]
[93, 107, 47, 25, 26]
[72, 55, 168, 70, 71, 40, 41]
[114, 72, 55, 65, 66]
[97, 27, 28]
[114, 72, 55, 168, 70, 71, 38, 46]
[68, 69, 145]
[72, 175]
[114, 72, 55, 65]
[191, 72, 55, 65, 70, 71, 40]
[56, 176]
[10, 11]
[159, 160, 236, 131, 179]
[129, 72, 55, 2, 80, 3]
[13, 72, 55, 168, 70, 71, 38]
[114, 72, 55, 168, 70, 46]
[114, 72, 55, 65, 70, 71, 40, 41]
[148, 56, 57]
[114, 72, 216]
[170, 148, 36]
[139, 73, 103]
[181, 97]
[72, 55, 65]
[116, 29, 52]
[85, 73, 167]
[18, 39]
[191, 72, 55, 65, 70, 71, 38, 39]
[151, 80]
[129, 72, 55, 2, 46]
[201, 13, 191, 72, 55, 168, 3]
[201, 13, 72, 84]
[106, 107]
[36, 208]
[249, 46]
[174, 199]
[137, 93, 107, 194]
[93, 107, 47, 48]
[12, 4, 179]
[129, 72, 55, 168, 70, 46]
[13, 191, 72, 55, 2, 152]
[72, 55, 168, 70, 71, 40, 41, 133]
[114, 72, 55, 65, 70, 71, 38, 39]
[215, 160, 236, 131, 62]
[215, 160, 236, 131, 179]
[13, 191, 72, 55, 2, 3]
[201, 13, 72, 55, 65, 70, 71, 38, 46]
[191, 72, 175]
[23, 24]
[55, 65]
[168, 70, 71]
[75, 193]
[72, 55, 168, 70, 71, 40, 46]
[72, 55, 65, 70, 71, 38, 39]
[13, 72, 55, 168, 70, 71, 40, 41, 133]
[191, 72, 55, 2, 3]
[58, 16, 29]
[201, 13, 191, 72, 55, 2, 80, 3]
[72, 55, 65, 70, 71, 40, 41]
[156, 73]
[160, 236, 131, 179]
[170, 148, 36, 208, 98, 99, 231]
[191, 72, 175, 49]
[191, 72, 55, 168, 70]
[55, 65, 83]
[114, 72, 55, 2, 80, 3]
[201, 13, 72, 55, 2, 83]
[201, 13, 72, 55, 2, 80, 3]
[36, 208, 98, 99, 0, 1]
[50, 51]
[80, 83]
[13, 191, 72, 55, 65, 70, 71, 38, 46]
[201, 13, 191, 72, 55, 168, 169]
[65, 70, 71]
[170, 148, 36, 154]
[58, 16]
[139, 73, 232]
[13, 191, 72, 216]
[137, 42, 87]
[129, 72, 55, 65, 66]
[93, 107, 47, 25]
[17, 18, 39]
[97, 211]
[13, 191, 72, 55, 34, 35]
[85, 73, 232]
[222, 223]
[75, 76]
[201, 13, 72, 55, 168, 70, 71, 38]
[122, 29]
[201, 13, 72, 55, 34]
[13, 191, 72, 55, 168, 3]
[23, 102]
[136, 137, 93, 107, 47, 25]
[106, 107, 47, 25, 61]
[137, 93, 107, 47, 25, 26]
[106, 107, 47, 25]
[137, 93, 107]
[60, 47, 25]
[201, 13, 72]
[13, 72, 55, 65, 70, 71, 38, 46]
[137, 93]
[168, 169]
[73, 167]
[114, 72, 55, 65, 83]
[201, 13, 72, 55, 2, 80]
[139, 73, 177]
[36, 208, 98, 99]
[156, 207]
[114, 72, 55, 2, 80, 83]
[136, 137, 93, 107, 47, 48]
[137, 239]
[72, 55, 168, 70, 71]
[93, 209]
[55, 168, 70, 71, 40, 41]
[106, 107, 47, 48]
[110, 98, 99, 231, 1]
[191, 72, 55, 65, 83]
[129, 72, 55, 65, 83]
[201, 13, 191, 72, 55, 65, 70]
[60, 47, 48]
[201, 13, 191, 72, 55, 168, 70]
[201, 13, 72, 55, 168, 70, 71, 40, 46]
[134, 85, 73, 232]
[55, 65, 70, 71, 40, 41, 133]
[77, 25, 61]
[142, 80]
[170, 148, 36, 208, 98, 99]
[55, 2, 3]
[191, 72, 55, 168, 70, 71]
[72, 55, 168, 70]
[137, 42, 100]
[93, 107, 47]
[201, 13, 191, 72, 55, 2, 3]
[136, 137, 93, 125]
[55, 168, 70]
[40, 41, 133]
[191, 72, 55, 168, 70, 71, 38]
[13, 72, 55, 2, 3]
[13, 72, 55, 168, 70, 71, 40, 41]
[55, 65, 66]
[201, 13, 191, 72, 175, 49, 46]
[159, 160]
[85, 73, 103]
[129, 72, 84]
[111, 32, 244]
[201, 80]
[13, 191, 72, 55, 168, 70, 71, 38, 46]
[201, 13, 191, 72, 55, 34, 35]
[13, 72, 55, 65, 66]
[72, 84]
[201, 13, 72, 55, 2, 152]
[56, 44]
[220, 221]
[13, 191, 72, 55, 65, 70, 71, 38]
[13, 72, 55, 168, 70, 71, 40]
[13, 72, 55, 2, 80, 3]
[136, 137, 42, 189]
[136, 137, 93, 107]
[201, 80, 3]
[13, 72, 55, 2, 46]
[129, 72, 55, 65, 70, 71, 38, 39]
[110, 98, 99, 0, 1]
[110, 98]
[4, 62]
[201, 13, 72, 55, 65, 70, 71, 40, 46]
[137, 42, 78, 79]
[201, 13, 191, 72, 55, 65, 70, 71, 40, 41]
[70, 71, 38]
[201, 13, 72, 55, 168]
[98, 99, 231, 1]
[170, 148, 36, 208, 98, 99, 231, 1]
[42, 100]
[201, 80, 83]
[114, 72, 55, 2, 80]
[134, 85, 73, 103]
[13, 191, 72, 55, 65, 70, 71, 40, 41, 133]
[13, 191, 72, 55, 168, 169]
[159, 160, 236, 131, 62]
[201, 13, 191, 72, 55, 168, 70, 71, 38]
[136, 137, 93, 94]
[201, 13, 72, 55, 168, 70, 71, 40, 41]
[136, 137, 42, 187]
[55, 2, 80, 3]
[19, 20, 62]
[19, 20]
[170, 148, 56]
[129, 72, 55, 168, 70, 71]
[55, 2]
[114, 72, 55, 65, 70, 71, 40, 46]
[202, 203]
[72, 55, 168, 70, 71, 40]
[42, 255]
[208, 98, 213]
[114, 72, 55, 34, 46]
[170, 148, 36, 125]
[165, 24]
[148, 36, 125]
[16, 29]
[148, 36, 208, 98, 99, 0, 1]
[114, 72]
[191, 72, 55, 65, 66]
[201, 13, 191, 72, 55]
[55, 34, 35]
[65, 70, 71, 40, 41]
[55, 65, 70, 71, 38, 46]
[114, 72, 55, 168, 3]
[72, 55, 168, 70, 71, 38, 39]
[36, 154]
[181, 97, 27, 105]
[201, 13, 72, 55, 65, 70, 71, 40, 41, 133]
[73, 103]
[55, 2, 46]
[139, 73, 74]
[70, 71, 38, 46]
[178, 29]
[42, 187, 188]
[129, 72, 55, 2, 80]
[129, 72, 55, 168]
[71, 38, 46]
[134, 85, 73, 74]
[116, 122, 29]
[191, 72, 55, 65]
[110, 98, 99, 231]
[129, 72, 55, 168, 70, 71, 38, 46]
[201, 13, 191, 72, 55, 65, 70, 71, 40, 46]
[65, 70, 71, 38, 39]
[201, 13, 191, 72, 55, 65, 70, 46]
[65, 70, 71, 40]
[168, 70, 71, 40, 41]
[168, 70, 71, 38, 39]
[72, 55, 168]
[173, 3]
[72, 216]
[129, 72, 55, 168, 70, 71, 40]
[137, 93, 125]
[98, 99, 0, 1]
[136, 137, 93, 107, 194]
[201, 13, 191, 72, 55, 168, 70, 71, 40, 41, 133]
[13, 191, 72, 55, 2, 46]
[55, 65, 70, 71]
[69, 111, 32, 244]
[114, 72, 175]
[160, 94]
[13, 191, 72, 55, 65, 70, 71]
[13, 72, 55, 168, 70, 71]
[137, 42, 189]
[129, 72, 55, 168, 70]
[122, 29, 52]
[17, 18]
[151, 80, 83]
[136, 137, 93, 166]
[191, 72, 55]
[201, 13, 191, 72, 55, 168, 70, 71, 38, 46]
[99, 0, 1]
[13, 191, 72, 55, 65, 66]
[114, 72, 55, 2]
[191, 72, 216]
[13, 72, 55, 65, 70, 46]
[129, 72, 55, 65, 70, 71, 40, 41, 133]
[15, 116, 122, 29]
[49, 46]
[137, 42, 255]
[168, 70, 71, 40]
[191, 72, 175, 49, 46]
[93, 107, 47, 25, 61]
[137, 212]
[42, 189]
[99, 0]
[168, 70, 71, 40, 41, 133]
[85, 153]
[73, 232]
[129, 72, 55, 65, 70, 71, 38]
[15, 113]
[201, 13]
[186, 17]
[19, 20, 5]
[129, 72, 55, 65, 70, 71]
[136, 137, 42, 100]
[191, 72, 55, 168, 70, 71, 40, 41, 133]
[201, 13, 72, 175, 49, 46]
[114, 72, 55, 65, 70, 71, 40]
[16, 117]
[134, 85, 73, 167]
[69, 111]
[72, 55, 65, 70, 71, 38]
[157, 185]
[231, 1]
[2, 80, 83]
[42, 187]
[215, 160]
[183, 243, 50, 51]
[183, 214]
[129, 72, 55, 34, 46]
[129, 72, 55, 168, 3]
[13, 191, 72, 55, 168]
[72, 55, 34, 35]
[134, 85, 153]
[159, 160, 94]
[34, 35]
[136, 137, 42, 255]
[220, 84]
[148, 56, 44, 45]
[129, 72, 55, 2, 152]
[91, 92]
[15, 116]
[186, 17, 18]
