[106, 33, 158]
[153, 2, 52, 88, 43]
[96, 126]
[128, 44]
[10, 91, 22, 41]
[33, 77]
[51, 100]
[52, 88, 23, 53]
[151, 152]
[43, 138]
[50, 51, 3, 166]
[113, 37, 131, 35, 36]
[123, 37, 51, 3, 139]
[105, 106, 33, 144]
[172, 173]
[51, 159, 75]
[102, 52, 168]
[37, 51, 159, 75, 76]
[95, 96, 126, 127]
[105, 106, 163]
[52, 88, 43, 138]
[153, 2, 52, 88, 16, 17]
[88, 23, 24, 29, 30]
[102, 52, 88, 23, 24, 31, 53]
[105, 106, 38, 86]
[178, 22]
[102, 52, 88, 23, 44]
[129, 140]
[45, 11, 92]
[51, 159]
[105, 106, 33, 56, 57]
[54, 55]
[153, 2, 3, 139]
[2, 52, 88, 43, 44]
[91, 97, 22]
[52, 88, 23, 30]
[160, 69, 86]
[89, 52, 88, 43, 84]
[105, 106, 33, 155]
[20, 81]
[2, 52, 88, 23, 24, 31, 53]
[160, 69, 3]
[118, 119, 180]
[52, 88, 43, 84]
[88, 23, 24]
[23, 24, 29]
[89, 52, 88, 23, 24, 31]
[122, 19]
[89, 52, 88]
[160, 69, 3, 184, 39, 40]
[89, 52, 88, 23, 30]
[113, 37, 51, 3, 139]
[113, 37, 131, 35]
[51, 3, 139]
[160, 69, 100]
[78, 79]
[160, 69, 83]
[69, 70]
[123, 37, 38]
[50, 51, 86]
[102, 52, 88, 43, 84]
[105, 106, 33, 142]
[16, 30]
[88, 43, 53]
[123, 37, 131, 40]
[153, 2, 52, 88, 23, 53]
[136, 74]
[33, 63]
[88, 16]
[106, 33, 144]
[113, 37, 192]
[37, 51, 3]
[10, 11, 22]
[91, 97]
[124, 150]
[2, 117]
[3, 184]
[37, 131, 40]
[89, 52, 168]
[89, 52, 88, 16, 17]
[69, 83]
[82, 83]
[184, 39, 40]
[102, 52, 88]
[59, 28]
[91, 97, 22, 41]
[42, 24]
[106, 38, 86]
[43, 17]
[2, 52, 88, 23, 24]
[136, 74, 20]
[74, 161]
[89, 52, 88, 23, 44]
[153, 2, 52, 88]
[18, 120]
[88, 23, 24, 31]
[106, 33, 114]
[89, 52, 88, 43, 53]
[123, 37, 51, 3, 184, 39, 40]
[113, 37, 51]
[15, 84]
[105, 106, 33, 148]
[106, 69, 3]
[2, 3, 184, 39, 40]
[153, 2, 52, 88, 23, 150]
[42, 53]
[16, 84]
[6, 99]
[188, 189]
[153, 2, 3, 184, 39]
[124, 24, 31]
[33, 114, 40]
[102, 52, 88, 23, 24]
[105, 106, 69, 3, 184, 39, 40]
[11, 92]
[103, 121]
[33, 56]
[160, 69, 70]
[103, 59, 80]
[50, 51, 159]
[2, 3]
[37, 131]
[23, 24, 31, 53]
[85, 75, 76, 164]
[153, 2, 52, 88, 23, 30]
[88, 23, 44]
[91, 97, 101]
[153, 2, 52, 168]
[23, 150]
[51, 3]
[107, 84]
[106, 33, 148]
[180, 193]
[4, 112]
[29, 30]
[69, 3, 139]
[105, 106, 33, 158]
[123, 37, 131, 134]
[51, 3, 184, 39]
[50, 51, 100]
[52, 88, 23, 24, 31]
[76, 164]
[102, 52, 46]
[74, 20, 81]
[106, 33, 56, 61]
[102, 52, 58]
[69, 86]
[37, 51, 3, 184]
[153, 2, 117]
[89, 52, 88, 23, 53]
[74, 154]
[106, 33, 114, 40]
[129, 130]
[169, 170]
[37, 51, 159, 75, 76, 164]
[88, 43, 138]
[156, 157]
[141, 14, 15, 84]
[102, 52, 44]
[113, 37, 51, 3, 184, 39]
[141, 14, 15]
[10, 91, 97, 22]
[153, 2, 52, 88, 23, 44]
[159, 75, 76, 190]
[88, 43, 44]
[67, 68]
[62, 53]
[33, 49]
[132, 133]
[2, 52, 88, 43, 17]
[65, 66]
[52, 88, 23, 24, 31, 53]
[89, 52, 88, 16]
[129, 140, 27, 185]
[45, 11]
[102, 52, 88, 23, 24, 31]
[42, 24, 29]
[113, 37, 51, 159, 75, 76, 190]
[113, 37, 51, 3, 184, 39, 40]
[10, 91, 92]
[153, 2, 3, 166]
[89, 52, 88, 43, 44]
[102, 52, 88, 23, 24, 29, 30]
[2, 52, 88, 16]
[2, 52, 88, 23, 24, 29]
[153, 2, 52, 191]
[2, 52, 44]
[98, 20]
[105, 106, 33, 56, 61]
[82, 83, 48]
[91, 22]
[105, 106, 38, 117]
[153, 24, 31, 53]
[113, 37, 38, 117]
[111, 101]
[140, 27, 185]
[153, 2, 52, 88, 43, 138]
[22, 41]
[105, 106, 33]
[105, 106, 33, 49]
[105, 106, 33, 114]
[153, 2, 52]
[103, 104]
[50, 51, 3, 184]
[95, 96, 126]
[10, 11]
[50, 51, 159, 75, 76]
[102, 52, 88, 43, 44]
[2, 52, 88, 16, 30]
[11, 22, 41]
[103, 59, 60]
[2, 52, 58]
[2, 52, 46]
[105, 106, 69, 3, 166]
[35, 36]
[43, 44]
[129, 140, 27]
[10, 11, 22, 41]
[88, 16, 84]
[83, 48]
[187, 162]
[2, 3, 184, 39]
[33, 34]
[50, 51, 159, 75]
[136, 74, 154]
[69, 3]
[25, 26]
[2, 52, 88, 43, 138]
[153, 2, 52, 88, 16]
[88, 23, 24, 31, 53]
[89, 52, 88, 23, 24, 29]
[102, 52, 46, 44]
[153, 2, 52, 88, 23, 24]
[0, 1]
[2, 52, 88, 23, 150]
[51, 3, 184, 39, 40]
[2, 3, 184]
[98, 20, 21]
[105, 106, 69]
[88, 43]
[174, 175]
[132, 165]
[153, 2, 52, 88, 23]
[62, 24, 29, 30]
[106, 69, 3, 139]
[107, 115]
[105, 106, 69, 70]
[102, 52, 88, 43, 138]
[23, 24]
[85, 75, 76, 190]
[123, 37, 131, 35]
[102, 52, 88, 16, 17]
[37, 51]
[106, 69, 83]
[18, 19]
[105, 106, 69, 3, 184]
[153, 2, 52, 88, 43, 17]
[37, 38, 117]
[153, 24, 29]
[2, 52, 88, 16, 84]
[37, 51, 159, 75, 76, 190]
[160, 69, 3, 139]
[106, 38, 117]
[136, 74, 20, 81]
[96, 126, 127]
[37, 51, 100]
[123, 37, 51, 159, 75, 76, 164]
[51, 159, 75, 76, 190]
[102, 52, 88, 43, 53]
[95, 96]
[2, 3, 166]
[62, 71]
[89, 52, 88, 23]
[106, 69, 70]
[20, 21]
[52, 88, 43]
[131, 40]
[119, 180, 193]
[159, 75, 76, 164]
[136, 74, 161]
[153, 2, 52, 88, 23, 24, 31, 53]
[97, 101]
[2, 52, 168]
[42, 71]
[52, 88, 16, 84]
[37, 51, 159]
[42, 24, 29, 30]
[50, 51]
[102, 52, 88, 23, 30]
[69, 3, 166]
[123, 37, 131, 35, 36]
[178, 22, 41]
[10, 91, 97, 22, 41]
[88, 43, 17]
[106, 33, 56, 57]
[54, 146]
[38, 117]
[113, 37, 131, 40]
[176, 177]
[59, 80]
[85, 75]
[113, 37, 38]
[182, 152]
[153, 2, 52, 88, 23, 24, 31]
[23, 24, 31]
[76, 190]
[169, 58]
[105, 106, 69, 3, 184, 39]
[105, 106, 69, 83]
[102, 52, 88, 23, 53]
[106, 69]
[33, 56, 61]
[106, 33]
[123, 37, 51, 159, 75]
[124, 24]
[37, 51, 3, 184, 39]
[50, 51, 3, 184, 39]
[89, 52, 88, 23, 24]
[75, 76]
[167, 119, 70]
[88, 23]
[33, 142]
[110, 111, 101]
[2, 52, 88, 43]
[8, 9]
[23, 44]
[123, 37]
[153, 2, 3]
[153, 2, 52, 88, 16, 84]
[105, 106, 69, 86]
[59, 60, 80]
[113, 37, 51, 100]
[52, 88, 23, 24, 29, 30]
[72, 73]
[89, 52, 88, 43, 17]
[2, 52, 88, 23, 24, 31]
[113, 37, 131, 134]
[56, 57]
[62, 39, 40]
[113, 37, 38, 86]
[123, 37, 51, 159]
[105, 106, 33, 56]
[153, 2, 3, 184, 39, 40]
[102, 52, 88, 43, 17]
[10, 11, 92]
[135, 22]
[113, 37, 51, 3]
[3, 184, 39]
[31, 53]
[52, 44]
[105, 106]
[118, 119, 180, 193]
[106, 69, 86]
[125, 162]
[123, 37, 51, 3]
[27, 185]
[103, 59, 60, 80]
[136, 74, 20, 21]
[52, 88, 23]
[89, 52, 88, 43]
[43, 84]
[118, 119, 70]
[50, 51, 3]
[105, 106, 33, 77]
[3, 139]
[124, 125, 162]
[105, 106, 69, 3, 139]
[140, 27]
[160, 69, 3, 166]
[142, 143]
[113, 37, 51, 159]
[106, 33, 142, 143]
[10, 87]
[102, 52, 88, 43]
[106, 38]
[37, 192]
[108, 60]
[113, 37, 51, 86]
[153, 2, 3, 184]
[124, 24, 29]
[50, 51, 159, 75, 76, 164]
[74, 20, 21]
[131, 35, 36]
[52, 88, 43, 17]
[52, 46, 44]
[42, 24, 31, 53]
[102, 52, 88, 23, 24, 29]
[106, 69, 3, 184, 39, 40]
[18, 79]
[89, 52, 88, 43, 138]
[59, 60]
[106, 33, 56]
[113, 37, 51, 3, 184]
[102, 52, 191]
[105, 106, 69, 100]
[123, 37, 51, 3, 184, 39]
[75, 76, 164]
[52, 58]
[85, 75, 76]
[52, 46]
[88, 16, 44]
[52, 168]
[88, 16, 32]
[51, 3, 184]
[118, 119]
[124, 24, 31, 53]
[10, 64]
[123, 37, 51, 159, 75, 76, 190]
[10, 91, 97]
[181, 44]
[11, 22]
[126, 127]
[24, 29]
[33, 186]
[114, 40]
[52, 88, 16, 30]
[2, 52, 88, 23]
[123, 37, 192]
[62, 24, 31]
[106, 69, 83, 48]
[2, 52, 88, 16, 32]
[2, 52, 88, 16, 44]
[89, 52, 88, 16, 84]
[160, 69, 83, 147]
[69, 3, 184]
[45, 11, 22]
[106, 33, 194]
[110, 111]
[52, 88, 16]
[88, 16, 30]
[12, 13]
[42, 39, 40]
[39, 40]
[106, 33, 34]
[2, 52, 88]
[37, 51, 3, 139]
[153, 24, 31]
[23, 53]
[51, 3, 166]
[90, 53]
[23, 24, 29, 30]
[89, 52, 88, 23, 24, 29, 30]
[123, 37, 38, 117]
[102, 52, 88, 16, 44]
[52, 88]
[37, 51, 3, 184, 39, 40]
[167, 119, 180]
[102, 52, 88, 16, 32]
[153, 2, 52, 88, 23, 24, 29]
[3, 184, 39, 40]
[123, 37, 38, 86]
[153, 2, 52, 88, 43, 44]
[123, 37, 51, 86]
[52, 88, 16, 44]
[52, 88, 16, 32]
[60, 80]
[131, 134]
[124, 24, 29, 30]
[106, 33, 49]
[93, 94]
[160, 69, 83, 48]
[24, 29, 30]
[131, 35]
[183, 94]
[123, 37, 51, 159, 75, 76]
[23, 30]
[102, 52, 88, 23]
[123, 37, 51, 3, 184]
[89, 52, 191]
[105, 106, 38]
[140, 27, 28]
[109, 44]
[69, 83, 147]
[43, 53]
[105, 106, 33, 34]
[2, 52, 46, 44]
[69, 3, 184, 39]
[178, 19]
[119, 180]
[159, 75]
[14, 15, 84]
[116, 60]
[106, 69, 3, 166]
[102, 52, 88, 16, 30]
[124, 125]
[160, 69]
[113, 37, 131]
[123, 37, 51, 100]
[33, 194]
[33, 56, 57]
[16, 17]
[33, 114]
[56, 61]
[129, 140, 27, 28]
[153, 2, 52, 88, 16, 44]
[153, 24]
[153, 2, 52, 88, 16, 32]
[10, 91, 97, 101]
[123, 37, 51, 3, 166]
[102, 52, 88, 23, 150]
[153, 2, 52, 88, 43, 53]
[167, 119]
[88, 16, 17]
[62, 24]
[141, 14]
[88, 23, 53]
[50, 51, 159, 75, 76, 190]
[106, 69, 83, 147]
[106, 33, 186]
[153, 2, 52, 46, 44]
[2, 52, 88, 43, 84]
[47, 48]
[24, 31, 53]
[2, 52]
[75, 76, 190]
[105, 106, 33, 194]
[2, 52, 191]
[52, 88, 43, 44]
[2, 52, 88, 23, 30]
[105, 106, 69, 3]
[103, 59]
[24, 31]
[82, 83, 147]
[113, 37, 51, 159, 75, 76]
[97, 22, 41]
[153, 2, 52, 46]
[45, 11, 22, 41]
[102, 52, 88, 16]
[37, 38]
[69, 83, 48]
[116, 60, 80]
[153, 2, 52, 58]
[153, 2]
[160, 69, 3, 184, 39]
[89, 52, 88, 23, 24, 31, 53]
[135, 22, 41]
[62, 24, 29]
[88, 23, 24, 29]
[33, 148]
[37, 51, 159, 75]
[153, 2, 52, 88, 16, 30]
[33, 142, 143]
[184, 39]
[6, 163]
[69, 3, 184, 39, 40]
[2, 52, 88, 23, 53]
[89, 52, 46, 44]
[10, 91, 22]
[10, 91]
[2, 3, 139]
[27, 28]
[103, 59, 28]
[37, 131, 35]
[105, 106, 33, 114, 40]
[50, 51, 3, 139]
[167, 119, 180, 193]
[6, 7]
[51, 159, 75, 76, 164]
[108, 60, 80]
[4, 179]
[153, 2, 52, 88, 23, 24, 29, 30]
[52, 88, 23, 24]
[89, 52, 88, 23, 150]
[37, 131, 35, 36]
[106, 163]
[89, 52]
[105, 106, 69, 83, 48]
[88, 23, 30]
[89, 52, 46]
[89, 52, 58]
[2, 52, 88, 43, 53]
[106, 33, 63]
[33, 158]
[89, 52, 88, 16, 44]
[160, 69, 3, 184]
[171, 17]
[89, 52, 88, 16, 32]
[52, 88, 23, 24, 29]
[83, 147]
[14, 15]
[16, 44]
[16, 32]
[106, 69, 3, 184, 39]
[51, 86]
[46, 44]
[37, 38, 86]
[37, 51, 3, 166]
[105, 106, 33, 63]
[105, 106, 69, 83, 147]
[106, 33, 142]
[3, 166]
[52, 88, 23, 150]
[123, 37, 51]
[62, 39]
[82, 100]
[119, 70]
[159, 75, 76]
[113, 37]
[62, 24, 31, 53]
[106, 69, 3, 184]
[97, 22]
[102, 52, 88, 16, 84]
[153, 2, 52, 88, 43, 84]
[105, 106, 33, 142, 143]
[89, 52, 44]
[106, 33, 155]
[54, 58]
[98, 20, 81]
[106, 33, 77]
[33, 144]
[145, 30]
[2, 52, 88, 23, 24, 29, 30]
[50, 51, 3, 184, 39, 40]
[74, 20]
[91, 22, 41]
[105, 106, 33, 186]
[4, 5]
[102, 52]
[89, 52, 88, 16, 30]
[37, 51, 86]
[6, 195]
[42, 24, 31]
[52, 88, 43, 53]
[42, 39]
[38, 86]
[113, 37, 51, 3, 166]
[52, 88, 16, 17]
[113, 37, 51, 159, 75, 76, 164]
[69, 100]
[51, 159, 75, 76]
[153, 24, 29, 30]
[52, 88, 23, 44]
[149, 150]
[106, 69, 100]
[136, 137]
[33, 155]
[2, 52, 88, 16, 17]
[123, 37, 131]
[113, 37, 51, 159, 75]
[88, 43, 84]
[37, 131, 134]
[2, 52, 88, 23, 44]
[52, 191]
[91, 92]
[153, 2, 52, 44]
[88, 23, 150]
