[105, 63, 52, 133, 61, 62, 37, 38]
[102, 26, 15, 107]
[102, 14, 15, 194]
[14, 112, 156]
[188, 18, 76]
[21, 54]
[102, 14, 112, 210]
[168, 22, 157, 63, 52, 8, 9]
[0, 11]
[91, 87]
[52, 8, 68, 9]
[22, 157, 63, 52, 59, 61, 45]
[188, 18, 32, 140]
[173, 69, 70]
[22, 157, 63, 52, 133]
[53, 31, 18, 32, 140]
[31, 18, 76]
[105, 63, 52, 59, 61, 62, 41]
[168, 22, 157, 63, 52, 8, 68]
[105, 63, 174]
[22, 63, 174]
[105, 63, 52]
[157, 63, 52, 133, 61, 62, 37]
[105, 63, 52, 8, 9]
[133, 61, 62, 37, 45]
[105, 63, 52, 133, 61, 62, 41, 42]
[187, 82, 24, 51, 87]
[93, 63, 52, 133, 61]
[64, 101]
[168, 22, 157, 63, 52, 8, 45]
[94, 70]
[93, 63, 52, 133, 9]
[14, 15, 107]
[69, 70]
[116, 140]
[52, 8, 9]
[8, 160]
[157, 63, 52, 59, 61, 62, 41]
[198, 199]
[152, 204]
[63, 185]
[157, 63, 144, 46, 45]
[51, 24]
[208, 10, 91, 83]
[168, 22, 63, 52, 8, 160]
[208, 10, 11]
[93, 63, 52, 59, 61, 62, 37, 45]
[93, 63, 52, 133, 61, 62, 37, 45]
[168, 22, 63, 144]
[82, 83]
[63, 52, 8, 160]
[102, 14, 112, 30]
[66, 67]
[157, 63, 52, 133, 61, 62]
[22, 157, 63, 52, 35, 36]
[118, 119, 190]
[22, 157, 63, 52, 133, 61, 62]
[24, 115]
[112, 30]
[93, 63, 52, 59, 117]
[145, 12, 75]
[24, 51, 90]
[145, 12]
[52, 133, 61, 62, 37]
[151, 7]
[168, 22, 63, 52, 59, 61, 62, 41]
[102, 26, 1, 83]
[63, 52, 8, 9]
[79, 172]
[168, 22, 157, 63, 52, 59, 61, 62, 41, 45]
[2, 3]
[68, 9]
[187, 82, 24, 51, 83]
[22, 63, 144, 46, 45]
[14, 136, 15, 194]
[168, 22, 157, 63, 144, 46]
[125, 126]
[25, 87]
[157, 63, 174]
[29, 30]
[29, 54]
[22, 63, 52, 133, 61, 62, 41, 42, 111]
[14, 166, 107]
[82, 24, 25, 87]
[105, 63, 52, 133, 61, 62, 41, 45]
[18, 189]
[168, 22, 157, 63, 52, 59, 61, 62, 37, 38]
[18, 165]
[82, 87]
[169, 170]
[157, 63, 52, 59, 61, 62, 37, 38]
[22, 63, 52, 59, 61, 62, 37]
[51, 24, 25, 87]
[51, 24, 115]
[22, 157, 63, 144]
[188, 18]
[168, 22, 157, 63, 52, 59, 61, 62, 37]
[208, 10, 91, 87]
[78, 196]
[195, 203]
[145, 96, 175]
[53, 31]
[61, 62, 37]
[63, 52]
[145, 96, 75]
[52, 8, 68, 117]
[168, 22, 157, 63, 52, 59, 61, 62, 41, 42]
[168, 22, 63, 52, 8, 68, 9]
[168, 22, 157, 63, 52, 133, 61, 62, 37, 38]
[168, 22, 63, 52, 59, 61, 62, 41, 45]
[22, 63, 52, 8, 68]
[157, 63, 52, 59, 61, 62, 41, 45]
[159, 142]
[82, 24, 51, 87, 83]
[12, 13, 173]
[55, 56]
[123, 103, 104]
[157, 158]
[168, 22, 157, 63, 52, 133, 61, 62, 41, 42]
[93, 63, 52, 35, 36]
[168, 22, 157, 63, 52]
[22, 63, 52, 8, 45]
[22, 157, 63, 52, 8]
[187, 82, 24, 51]
[157, 63, 52, 59, 61, 62]
[145, 55, 56]
[63, 144]
[168, 68, 9]
[31, 18, 32, 140]
[93, 63, 52, 59, 61, 62, 41]
[103, 104]
[157, 63, 52, 8, 68, 9]
[22, 157, 63, 52, 8, 9]
[168, 22, 157, 63, 52, 133, 61, 62, 41, 45]
[14, 136, 15, 107]
[53, 31, 18, 76]
[63, 52, 133, 61, 62]
[82, 24, 141]
[93, 63, 52, 133, 137]
[43, 44]
[157, 63, 52, 133, 61, 45]
[0, 1, 83]
[52, 59, 61, 62, 37]
[132, 72, 90]
[157, 63, 52, 59, 60]
[145, 12, 197]
[52, 133, 61, 62]
[62, 37, 45]
[0, 1]
[133, 61]
[120, 90]
[168, 22, 63, 52, 59, 61, 62, 41, 42]
[187, 82, 24, 51, 81]
[52, 59, 61, 45]
[112, 210]
[105, 63, 52, 133, 61, 62, 37]
[157, 63, 52, 35, 36]
[22, 157, 63, 52, 133, 61, 45]
[52, 133, 61, 62, 37, 38]
[78, 109]
[6, 11]
[52, 59, 61, 62]
[22, 157, 63, 144, 46, 45]
[93, 63, 185]
[100, 27, 28]
[145, 207]
[22, 157, 63, 52, 133, 61, 62, 37, 45]
[168, 22, 157, 63, 52, 8, 160]
[63, 52, 8]
[177, 178]
[52, 59, 61, 62, 37, 38]
[59, 61, 62, 37, 38]
[157, 63, 52, 59, 61, 62, 41, 42]
[102, 14, 136, 15]
[53, 31, 18, 165]
[15, 194]
[53, 31, 18, 189]
[53, 31, 18, 43, 44]
[31, 18]
[12, 13, 132, 72]
[22, 63, 52, 8, 68, 117]
[59, 61, 62, 37]
[97, 81]
[168, 22, 157, 63, 52, 59, 61, 62]
[168, 22, 63, 52, 133, 61, 62, 41]
[63, 52, 59, 61, 62, 41]
[22, 63, 52, 59, 61, 62, 41, 42, 111]
[39, 128]
[6, 139]
[22, 63, 52, 133, 61, 62, 37, 45]
[168, 22, 157, 63, 52, 8, 68, 117]
[12, 75]
[12, 13, 173, 69]
[105, 63, 52, 8, 68, 117]
[8, 68, 9]
[31, 32, 140]
[168, 22, 63, 52, 8]
[35, 45]
[12, 13, 132]
[64, 65]
[187, 82]
[8, 9]
[82, 24, 25]
[105, 63, 52, 59, 61, 62, 37, 38]
[168, 22, 23]
[113, 114]
[63, 52, 133, 61, 62, 37, 38]
[22, 157, 63, 52, 8, 68, 9]
[176, 21]
[82, 24, 115]
[168, 22, 157, 63, 52, 133, 137]
[22, 63, 52, 133, 137]
[22, 157, 63, 52, 59]
[102, 26, 15]
[12, 13, 132, 72, 90]
[52, 8, 45]
[188, 18, 19]
[63, 52, 59, 61, 62, 37, 45]
[147, 148]
[167, 89]
[22, 157, 63, 52, 35]
[102, 14, 15]
[16, 192]
[61, 62, 41, 42, 111]
[10, 91, 87]
[63, 52, 133, 61, 45]
[52, 8, 68]
[51, 83]
[168, 22, 63, 52, 133, 61, 62, 41, 42]
[93, 63, 52, 8, 160]
[168, 22, 63, 52, 59, 117]
[159, 30]
[93, 63, 52, 59, 61, 62, 37]
[159, 54]
[63, 52, 133, 61, 62, 41]
[84, 85]
[168, 22, 63, 52, 8, 117]
[49, 7]
[24, 25, 87, 83]
[39, 1]
[168, 22, 63, 52, 133, 61, 62, 41, 45]
[157, 63, 52, 8, 68, 117]
[63, 52, 59, 61, 62, 41, 42, 111]
[47, 48, 162]
[14, 166]
[15, 107]
[63, 52, 59, 61, 62, 41, 42]
[63, 52, 8, 117]
[31, 18, 19]
[161, 19]
[77, 78, 196]
[31, 18, 193]
[61, 62, 37, 45]
[100, 27, 86]
[22, 157, 63, 52, 59, 61, 62, 37]
[187, 99, 11]
[18, 43]
[22, 63, 52, 59, 61, 62, 37, 38]
[39, 34]
[118, 119]
[157, 63, 52, 59, 61, 45]
[52, 133, 61, 62, 37, 45]
[134, 135]
[51, 81]
[157, 63, 52, 8, 117]
[59, 61, 62, 41, 42]
[168, 22, 157, 63, 52, 133, 61, 62, 37, 45]
[187, 82, 83]
[93, 63, 52, 133, 61, 62, 37]
[157, 63, 52, 59, 61]
[102, 14]
[52, 35, 36]
[93, 63, 52, 8, 68, 9]
[26, 15, 194]
[98, 19]
[12, 13]
[143, 15, 194]
[168, 22, 63, 52, 8, 68, 117]
[39, 99, 11]
[59, 61, 45]
[163, 164]
[168, 22, 63, 52, 35, 45]
[168, 22, 157, 63, 185]
[10, 91, 83]
[88, 89]
[62, 41, 45]
[61, 45]
[63, 52, 35, 45]
[105, 63, 52, 59, 117]
[52, 59, 61, 62, 41, 42, 111]
[63, 52, 59, 61, 62, 41, 45]
[42, 111]
[188, 18, 189]
[188, 18, 165]
[147, 79, 183]
[155, 135]
[105, 63, 144, 46]
[136, 15, 194]
[63, 52, 59, 61, 62, 37]
[93, 63, 144, 46]
[108, 109]
[112, 142]
[63, 52, 133, 137]
[187, 82, 87]
[22, 63, 52, 59, 117]
[22, 157, 63, 52, 133, 61, 62, 37]
[63, 144, 46]
[168, 22, 63, 52]
[16, 17]
[22, 157, 63, 52, 133, 9]
[157, 63, 144]
[77, 78, 131]
[145, 96]
[168, 22, 63, 52, 8, 68]
[22, 157]
[41, 45]
[105, 63, 52, 59, 61, 62, 37]
[22, 63, 52, 35, 36]
[52, 59, 61, 62, 41, 45]
[22, 157, 63, 52, 133, 61, 62, 41, 42]
[47, 48]
[61, 62]
[105, 63, 52, 133, 61, 62, 41, 42, 111]
[136, 15, 107]
[146, 90]
[188, 18, 11]
[168, 22, 63, 52, 8, 45]
[100, 27]
[168, 22, 63, 52, 133, 61]
[82, 24, 51, 81]
[157, 63, 52]
[168, 22, 157, 63, 52, 8]
[168, 22, 63, 185]
[157, 63, 52, 133, 61, 62, 37, 38]
[20, 138]
[61, 62, 41, 42]
[22, 157, 63, 52, 8, 68]
[168, 22, 157, 63, 52, 59]
[168, 22, 157, 63, 52, 35]
[195, 76]
[22, 157, 63, 52, 59, 61, 62, 37, 38]
[22, 157, 63, 52, 8, 160]
[22, 157, 63, 52, 133, 61, 62, 41, 45]
[63, 144, 46, 45]
[22, 63, 52, 133, 61, 62, 41, 42]
[168, 22, 63, 144, 46]
[168, 22, 157, 63, 144, 46, 45]
[10, 91]
[105, 63, 52, 59, 61, 62, 41, 42, 111]
[157, 63, 52, 8]
[61, 62, 41, 45]
[27, 28]
[187, 82, 87, 83]
[62, 41, 42]
[6, 7]
[22, 157, 63, 52, 8, 45]
[22, 63, 144]
[32, 140]
[102, 14, 15, 107]
[96, 175]
[102, 14, 112, 156]
[41, 42]
[82, 24, 51, 83]
[96, 75]
[168, 22, 157, 63, 52, 59, 61, 62, 37, 45]
[31, 18, 11]
[52, 59, 61, 62, 41, 42]
[18, 43, 44]
[188, 18, 32]
[66, 67, 75]
[152, 153]
[157, 63, 52, 8, 160]
[52, 35]
[102, 26, 106, 107]
[52, 59]
[93, 63, 52, 133, 61, 62, 37, 38]
[102, 14, 166]
[157, 63, 52, 133, 9]
[102, 14, 136, 15, 107]
[168, 22, 186]
[157, 63]
[91, 83]
[133, 61, 62, 41, 42, 111]
[31, 18, 32]
[168, 22, 63, 52, 133, 137]
[127, 128]
[63, 52, 8, 68, 117]
[112, 180]
[82, 24, 25, 87, 83]
[168, 22, 157, 63, 52, 35, 36]
[25, 87, 83]
[51, 87]
[59, 117]
[105, 63, 52, 59]
[105, 63, 52, 35]
[22, 157, 63, 52, 8, 68, 117]
[93, 63, 52, 8, 45]
[157, 63, 52, 133, 137]
[157, 63, 52, 8, 9]
[4, 5]
[173, 69]
[22, 63, 52, 133, 61, 62, 41]
[22, 157, 63, 185]
[157, 63, 52, 133]
[102, 26, 1]
[22, 157, 158]
[59, 61, 62, 41, 45]
[78, 131]
[59, 61, 62, 41, 42, 111]
[105, 63, 52, 133, 61]
[168, 22, 157, 63, 144]
[132, 72]
[93, 63, 52, 8, 68]
[62, 37]
[52, 59, 117]
[82, 24, 51, 87]
[71, 72, 90]
[63, 52, 133, 61, 62, 41, 42, 111]
[93, 63, 52, 35]
[22, 63, 52, 133, 61, 62, 41, 45]
[145, 55]
[24, 25]
[105, 63, 52, 35, 36]
[26, 15, 107]
[93, 63, 52, 59]
[105, 63, 185]
[157, 63, 52, 59, 61, 62, 37, 45]
[10, 91, 87, 83]
[24, 51, 87, 83]
[205, 111]
[63, 52, 59, 117]
[168, 22, 63, 52, 133]
[63, 52, 59]
[108, 131]
[63, 52, 35]
[22, 63, 52, 8, 160]
[96, 67, 75]
[157, 63, 185]
[157, 63, 52, 133, 61]
[49, 182]
[79, 27]
[93, 63, 52, 59, 61, 62, 41, 42]
[24, 95]
[52, 59, 61, 62, 37, 45]
[157, 63, 52, 8, 45]
[22, 63, 52, 35]
[22, 63, 52, 59]
[52, 133, 61, 62, 41, 42, 111]
[2, 120, 90]
[145, 12, 13, 132, 72, 90]
[13, 132]
[22, 63, 52]
[22, 63, 185]
[93, 63, 52, 8, 117]
[168, 22, 63, 52, 59, 61, 62, 37, 45]
[18, 32, 140]
[157, 63, 52, 8, 68]
[91, 87, 83]
[37, 45]
[99, 11]
[52, 59, 61, 62, 41]
[93, 63, 52, 59, 60]
[147, 79, 27, 28]
[157, 63, 144, 46]
[187, 82, 24, 25]
[133, 137]
[187, 82, 24, 141]
[93, 63, 52, 59, 61]
[22, 157, 63, 52, 59, 61, 62, 41, 42, 111]
[46, 45]
[82, 24, 95]
[61, 62, 41]
[122, 101]
[31, 18, 43, 44]
[93, 63, 52, 59, 61, 62, 41, 45]
[105, 63, 52, 133, 61, 62, 41]
[105, 63, 52, 133, 61, 62]
[53, 31, 18]
[93, 63, 52, 8, 9]
[16, 121]
[20, 21, 54]
[22, 157, 63, 52, 35, 45]
[63, 52, 8, 68]
[52, 59, 61]
[51, 24, 25]
[22, 23]
[22, 63, 52, 133, 61, 45]
[93, 63, 52, 133, 61, 62, 41, 42]
[200, 81]
[52, 133, 61]
[102, 26, 106]
[24, 51]
[52, 8, 117]
[63, 52, 8, 45]
[22, 157, 63, 52, 133, 61]
[52, 59, 60]
[93, 63, 52, 59, 61, 62]
[49, 76]
[79, 183]
[157, 63, 52, 59, 61, 62, 41, 42, 111]
[50, 11]
[51, 87, 83]
[52, 8]
[168, 22, 157, 63, 52, 133]
[22, 63, 144, 46]
[93, 63, 52, 8, 68, 117]
[59, 61, 62, 41]
[168, 22, 63, 52, 133, 61, 62, 37]
[105, 63, 144]
[129, 130]
[26, 15]
[123, 103]
[168, 22, 63, 52, 133, 61, 62, 41, 42, 111]
[14, 112, 142]
[13, 132, 72, 90]
[62, 41]
[105, 63, 52, 133, 61, 62, 37, 45]
[39, 179]
[12, 13, 173, 69, 70]
[93, 63, 52, 59, 61, 62, 37, 38]
[96, 67]
[157, 63, 52, 133, 61, 62, 41, 42]
[8, 45]
[22, 157, 63, 52, 133, 61, 62, 37, 38]
[12, 197]
[73, 74]
[168, 22, 63, 52, 59, 61, 62]
[27, 86]
[143, 15, 107]
[80, 65]
[22, 157, 63]
[112, 156]
[102, 14, 166, 107]
[26, 1]
[8, 68]
[157, 63, 52, 133, 61, 62, 41]
[22, 157, 63, 52, 59, 61]
[168, 22, 63]
[52, 35, 45]
[72, 90]
[188, 18, 43, 44]
[53, 31, 18, 43]
[102, 14, 136, 15, 194]
[39, 99]
[63, 52, 133, 61, 62, 37]
[93, 63, 52, 133, 61, 62, 41, 45]
[123, 124]
[10, 11]
[22, 157, 63, 52, 59, 60]
[105, 63, 52, 133, 137]
[145, 96, 67, 75]
[22, 157, 63, 52, 8, 117]
[35, 36]
[168, 22, 63, 52, 35, 36]
[22, 63, 52, 133, 61, 62, 37, 38]
[31, 18, 189]
[31, 18, 165]
[33, 34]
[82, 87, 83]
[26, 106, 107]
[63, 52, 35, 36]
[22, 157, 63, 52, 59, 61, 62, 41]
[168, 22, 63, 52, 133, 61, 62, 37, 45]
[14, 136, 15]
[22, 157, 63, 144, 46]
[93, 63, 52, 133, 61, 62, 41, 42, 111]
[98, 116]
[106, 107]
[63, 52, 59, 60]
[22, 63]
[93, 63, 174]
[53, 31, 32, 140]
[133, 61, 62, 37, 38]
[145, 96, 67]
[22, 63, 52, 133, 61]
[63, 52, 133, 61]
[59, 61, 62]
[168, 22, 157, 63, 52, 133, 61, 62, 37]
[18, 19]
[22, 157, 63, 52, 133, 61, 62, 41, 42, 111]
[13, 173]
[168, 22, 63, 52, 59, 61, 62, 37]
[13, 173, 69, 70]
[67, 75]
[98, 116, 140]
[63, 52, 59, 61]
[168, 68, 117]
[157, 63, 52, 133, 61, 62, 41, 45]
[125, 154]
[168, 22, 63, 52, 59, 60]
[20, 21]
[63, 174]
[53, 31, 32]
[168, 22, 157, 63, 52, 59, 61, 62, 41]
[22, 63, 52, 59, 61, 62]
[133, 61, 62, 41]
[87, 83]
[22, 63, 52, 59, 61, 62, 37, 45]
[105, 63, 52, 59, 61, 62]
[22, 157, 63, 52, 59, 117]
[18, 193]
[93, 63, 52, 35, 45]
[187, 82, 24]
[168, 22, 63, 52, 59, 61]
[188, 18, 193]
[14, 112, 210]
[144, 46]
[187, 82, 24, 51, 90]
[77, 78, 109]
[22, 157, 63, 52]
[157, 63, 52, 35, 45]
[105, 63, 52, 8, 160]
[157, 63, 52, 59, 117]
[93, 63, 52, 8]
[105, 63, 52, 59, 61, 62, 37, 45]
[102, 14, 112, 180]
[22, 63, 52, 59, 61, 62, 41]
[168, 22, 63, 52, 59, 61, 45]
[171, 135]
[82, 24, 51]
[52, 133]
[105, 63, 52, 133]
[105, 63, 144, 46, 45]
[105, 63, 52, 8, 117]
[52, 133, 61, 45]
[63, 52, 133]
[129, 85]
[59, 61, 62, 37, 45]
[105, 63, 52, 133, 9]
[39, 1, 83]
[93, 63, 52, 59, 61, 62, 41, 42, 111]
[147, 79, 27, 86]
[22, 63, 52, 59, 61]
[63, 52, 133, 61, 62, 41, 42]
[22, 63, 52, 133, 9]
[105, 63, 52, 8]
[105, 63, 52, 59, 61, 62, 41, 42]
[22, 63, 52, 59, 61, 62, 41, 45]
[51, 24, 95]
[168, 22, 157, 63, 52, 133, 61, 45]
[47, 76]
[68, 117]
[41, 42, 111]
[51, 24, 141]
[152, 184]
[22, 63, 52, 8, 117]
[134, 76]
[22, 63, 52, 59, 60]
[62, 41, 42, 111]
[22, 157, 63, 52, 59, 61, 62, 37, 45]
[105, 63, 52, 59, 61]
[24, 25, 87]
[8, 117]
[146, 83]
[168, 22, 63, 52, 133, 61, 45]
[168, 22, 157, 63, 52, 133, 9]
[168, 22, 157, 63, 52, 35, 45]
[93, 63, 144]
[18, 32]
[52, 133, 61, 62, 41, 42]
[59, 61]
[181, 45]
[133, 61, 62]
[59, 60]
[122, 65]
[93, 63]
[8, 68, 117]
[22, 186]
[93, 63, 52]
[52, 133, 137]
[208, 10, 91]
[168, 22, 157, 63]
[62, 37, 38]
[93, 63, 52, 133, 61, 45]
[102, 26]
[201, 174]
[31, 32]
[82, 24, 51, 90]
[26, 106]
[51, 90]
[187, 82, 24, 51, 87, 83]
[52, 8, 160]
[168, 22, 157, 63, 174]
[63, 52, 59, 61, 62, 37, 38]
[110, 111]
[168, 22, 63, 52, 133, 61, 62]
[157, 63, 52, 133, 61, 62, 41, 42, 111]
[39, 40]
[119, 190]
[136, 15]
[22, 63, 52, 59, 61, 45]
[147, 79]
[63, 52, 133, 61, 62, 37, 45]
[187, 99]
[102, 26, 15, 194]
[53, 31, 18, 11]
[206, 45]
[168, 22, 157]
[133, 61, 45]
[1, 83]
[147, 79, 172]
[168, 22, 157, 63, 52, 59, 117]
[187, 82, 24, 95]
[22, 63, 52, 35, 45]
[168, 22, 63, 52, 133, 9]
[53, 31, 18, 193]
[133, 61, 62, 37]
[176, 21, 54]
[102, 14, 112]
[168, 22, 63, 52, 59]
[102, 14, 136]
[53, 31, 18, 32]
[77, 78]
[22, 63, 52, 133, 61, 62, 37]
[168, 22, 63, 52, 35]
[18, 11]
[105, 63, 52, 59, 61, 45]
[63, 52, 59, 61, 45]
[63, 52, 133, 9]
[79, 27, 86]
[168, 22, 157, 63, 52, 133, 61, 62, 41]
[202, 203]
[168, 22, 157, 63, 52, 59, 61, 45]
[14, 15, 194]
[105, 63]
[168, 22, 63, 52, 133, 61, 62, 37, 38]
[63, 52, 133, 61, 62, 41, 45]
[166, 107]
[168, 22, 157, 158]
[48, 162]
[57, 58]
[71, 72]
[143, 15]
[61, 62, 37, 38]
[22, 157, 63, 52, 59, 61, 62, 41, 45]
[168, 22, 63, 174]
[14, 136]
[93, 63, 52, 133]
[14, 112]
[144, 46, 45]
[24, 51, 81]
[29, 142]
[13, 173, 69]
[157, 63, 52, 59]
[102, 14, 112, 142]
[168, 22, 63, 144, 46, 45]
[79, 27, 28]
[26, 1, 83]
[157, 63, 52, 35]
[187, 82, 24, 115]
[37, 38]
[168, 22, 63, 52, 59, 61, 62, 37, 38]
[24, 141]
[39, 191]
[145, 12, 13, 132]
[22, 63, 52, 8, 9]
[22, 63, 52, 8]
[51, 24, 25, 87, 83]
[168, 22, 63, 52, 59, 61, 62, 41, 42, 111]
[157, 63, 52, 59, 61, 62, 37]
[145, 12, 13, 173, 69, 70]
[168, 68]
[63, 52, 8, 68, 9]
[22, 157, 63, 52, 59, 61, 62, 41, 42]
[143, 139]
[145, 12, 13, 173, 69]
[145, 12, 13, 132, 72]
[168, 22, 157, 63, 52, 133, 61]
[105, 63, 52, 8, 45]
[22, 63, 52, 133, 61, 62]
[93, 63, 52, 133, 61, 62, 41]
[2, 120]
[22, 63, 52, 133]
[53, 31, 18, 19]
[93, 63, 144, 46, 45]
[209, 90]
[22, 157, 63, 52, 133, 137]
[208, 10]
[14, 15]
[105, 63, 52, 35, 45]
[13, 132, 72]
[22, 63, 52, 8, 68, 9]
[24, 51, 87]
[52, 133, 61, 62, 41]
[133, 61, 62, 41, 42]
[157, 63, 52, 133, 61, 62, 37, 45]
[168, 22, 157, 63, 52, 59, 61, 62, 41, 42, 111]
[14, 112, 30]
[188, 18, 43]
[168, 22, 157, 63, 52, 8, 68, 9]
[145, 12, 13, 173]
[52, 133, 61, 62, 41, 45]
[168, 22, 157, 63, 52, 133, 61, 62, 41, 42, 111]
[22, 157, 63, 174]
[105, 63, 52, 59, 61, 62, 41, 45]
[168, 22]
[14, 112, 180]
[145, 12, 13]
[105, 63, 52, 8, 68, 9]
[168, 22, 157, 63, 52, 133, 61, 62]
[22, 63, 52, 59, 61, 62, 41, 42]
[82, 24]
[133, 9]
[168, 22, 63, 52, 8, 9]
[63, 52, 59, 61, 62]
[18, 76]
[22, 157, 63, 52, 59, 61, 62]
[92, 45]
[168, 22, 157, 63, 52, 8, 117]
[168, 22, 157, 63, 52, 59, 61]
[105, 63, 52, 59, 60]
[22, 157, 63, 52, 133, 61, 62, 41]
[105, 63, 52, 8, 68]
[93, 63, 52, 59, 61, 45]
[105, 63, 52, 133, 61, 45]
[149, 150]
[24, 51, 83]
[52, 133, 9]
[187, 82, 24, 25, 87]
[93, 63, 52, 133, 61, 62]
[168, 22, 157, 63, 52, 59, 60]
[187, 82, 24, 25, 87, 83]
[208, 10, 91, 87, 83]
[133, 61, 62, 41, 45]
[147, 79, 27]
[31, 18, 43]
