80,1 1
67,1 1
153,1 1
63,7 1
151,1 1
63,6 2
63,5 2
63,4 1
63,3 9
63,2 5
63,1 4
136,2 2
136,1 1
61,4 1
61,3 2
61,2 2
61,1 2
48,1 1
134,1 2
132,2 1
46,1 1
132,1 1
119,1 1
208,1 1
42,1 1
29,1 3
204,1 1
27,1 2
113,1 1
98,2 1
98,1 2
202,1 1
25,2 1
25,1 1
96,1 3
200,1 1
169,1 1
94,1 1
21,1 1
92,1 1
79,2 2
79,1 3
165,1 1
77,2 3
77,1 1
163,1 1
161,1 3
148,1 2
73,1 1
146,2 1
146,1 1
71,2 1
71,1 1
129,1 2
52,6 1
127,1 1
52,5 2
52,4 2
52,3 1
52,2 9
52,1 4
39,2 2
39,1 7
125,1 2
50,1 1
123,2 1
37,1 2
123,1 2
1,1 1
35,1 2
108,1 2
210,3 2
210,2 2
210,1 1
179,1 1
33,1 1
190,3 1
106,1 1
190,2 7
190,1 1
31,3 1
31,2 8
18,2 1
31,1 2
18,1 7
175,2 1
175,1 1
102,3 8
102,2 6
16,1 3
102,1 2
87,1 1
173,1 1
14,2 7
14,1 4
100,2 2
100,1 1
12,4 2
171,1 1
12,3 2
12,2 2
12,1 3
10,2 2
10,1 2
68,1 2
154,1 3
66,2 1
66,1 1
64,1 2
62,3 1
62,2 3
62,1 2
49,1 3
133,5 1
133,4 2
133,3 2
47,2 1
47,1 2
133,2 2
133,1 3
118,2 1
118,1 1
189,4 2
189,3 5
189,2 4
189,1 2
207,1 1
43,1 1
116,1 1
41,2 1
41,1 2
99,1 1
203,1 1
26,2 3
26,1 3
112,1 5
97,1 1
183,1 1
24,2 4
22,8 1
24,1 5
22,7 2
110,1 1
22,6 2
93,8 1
22,5 1
93,7 2
22,4 9
168,1 1
93,6 2
22,3 5
93,5 1
22,2 5
93,4 9
22,1 4
93,3 5
93,2 4
93,1 1
20,2 1
20,1 2
91,1 2
78,1 3
149,3 2
149,2 3
149,1 2
147,5 2
147,4 2
147,3 2
147,2 6
147,1 4
59,5 1
59,4 2
59,3 2
72,1 1
59,2 2
59,1 3
145,2 2
145,1 2
57,1 1
143,1 1
8,1 5
55,1 1
6,1 3
53,4 1
53,3 8
53,2 2
53,1 1
4,1 1
197,1 2
51,2 4
51,1 5
2,2 1
2,1 2
0,2 1
122,1 2
0,1 2
211,1 1
120,1 1
105,8 1
105,7 2
178,2 1
105,6 2
105,5 1
178,1 1
105,4 9
32,1 1
105,3 5
105,2 4
105,1 1
103,1 1
88,1 1
159,8 1
159,7 2
159,6 2
15,1 2
159,5 1
159,4 9
159,3 5
170,9 1
159,2 4
170,8 2
159,1 2
13,3 2
170,7 2
13,2 2
170,6 1
13,1 2
170,5 6
170,4 5
170,3 5
84,1 1
170,2 6
170,1 2
157,1 1
82,3 2
82,2 5
82,1 3
69,1 1
