0 1
2 3
4 5
6 7
8 9
10 11
12 13
14 15
16 17
18 19
20 17
21 22
23 24
25 26
27 28
29 30
31 32
33 15
34 35
1 36
37 38
39 40
41 42
43 44
45 46
47 11
48 41
49 50
51 52
53 54
55 56
25 57
58 59
60 39
61 62
63 11
64 65
66 67
68 69
70 71
72 73
74 75
76 77
78 79
80 9
81 82
83 84
14 85
86 87
88 89
90 91
92 93
94 95
96 97
98 75
61 11
65 36
99 100
61 101
102 103
104 86
105 106
57 107
108 109
110 111
112 113
114 115
116 117
57 118
119 120
121 96
122 54
123 124
125 126
127 75
57 120
128 129
130 15
131 83
132 11
133 134
36 135
136 137
98 138
139 140
141 142
143 144
125 120
145 138
146 38
147 148
149 150
151 54
152 153
11 118
154 120
155 156
157 91
158 136
159 160
161 115
162 70
163 164
134 165
166 106
167 168
169 170
171 7
172 115
173 11
174 170
171 175
176 177
178 11
72 121
112 179
25 180
21 179
181 182
183 184
185 59
140 186
93 187
188 189
51 190
142 118
191 192
193 9
171 194
131 195
196 197
174 198
31 199
200 108
201 202
203 76
105 204
205 206
6 207
208 209
2 11
210 159
121 211
212 213
214 215
14 216
194 54
217 218
106 219
183 220
68 27
221 34
55 222
186 223
224 225
226 227
228 120
229 230
182 84
231 232
211 120
233 234
235 236
121 237
191 238
239 240
241 75
242 14
34 58
243 244
208 199
245 144
246 189
146 247
248 54
249 23
103 250
43 247
80 232
251 25
238 252
200 109
253 103
98 254
110 255
256 257
258 134
140 259
260 261
262 151
263 264
265 84
266 267
266 247
268 263
269 204
270 271
106 179
272 17
153 273
274 275
276 277
18 205
127 278
12 279
61 170
280 101
81 281
106 176
282 283
32 97
154 284
106 75
285 52
286 287
220 52
288 190
51 289
62 178
290 107
5 291
34 292
196 293
294 295
296 144
235 55
297 54
298 137
41 299
43 38
300 301
302 124
34 200
157 303
184 84
174 304
58 104
305 118
174 14
147 306
32 307
73 308
228 62
69 309
16 310
131 149
301 85
311 134
112 312
255 313
237 314
99 23
315 289
282 316
41 317
129 84
242 198
318 309
105 91
261 75
53 319
151 245
320 85
242 59
223 54
169 189
321 84
322 323
48 324
324 325
236 204
32 325
277 75
243 326
327 233
328 22
194 262
329 22
18 140
330 241
140 60
276 331
271 7
146 107
60 243
111 289
332 107
333 334
213 52
154 141
14 170
65 75
335 336
238 29
257 84
48 32
14 337
231 9
251 120
338 339
162 211
6 271
29 340
251 341
294 233
342 278
145 278
343 344
345 346
315 190
27 145
343 347
78 131
99 348
349 140
350 351
212 352
0 162
154 211
353 354
355 87
356 254
57 25
25 357
226 358
359 285
275 360
361 107
222 17
110 9
299 164
362 11
363 29
48 364
146 199
365 177
60 6
81 268
239 366
367 368
369 370
25 371
130 372
271 244
41 289
158 137
119 341
12 373
277 17
374 375
226 17
69 318
376 44
145 75
377 75
113 312
378 211
345 379
292 380
261 36
336 17
381 85
382 91
249 383
372 384
385 14
386 387
14 49
146 388
162 209
262 53
389 232
60 171
162 356
336 303
157 329
249 390
374 391
157 392
320 170
393 126
68 98
41 204
303 392
394 232
172 170
395 5
69 241
396 397
398 399
105 400
401 402
158 403
166 261
404 117
341 120
200 405
270 18
243 194
327 75
235 9
16 254
36 234
406 407
336 295
408 11
409 410
238 411
320 11
20 232
412 413
140 316
414 415
235 213
55 272
26 341
121 32
32 416
43 417
418 419
169 420
235 162
421 422
99 423
424 335
110 213
99 425
198 384
196 426
276 74
105 276
104 334
110 288
18 427
205 140
428 48
324 150
429 251
430 14
256 220
431 24
158 220
429 432
14 433
20 177
434 360
320 120
435 436
14 379
6 244
437 438
439 274
99 440
276 90
441 278
39 54
43 388
315 52
377 179
158 298
241 17
442 443
269 444
43 211
237 325
432 85
301 119
445 120
41 190
174 93
446 447
334 118
276 382
6 54
329 17
448 108
57 341
167 339
448 242
128 285
359 321
74 17
