0 1
2 3
4 5
6 7
8 9
10 11
12 13
14 15
16 17
18 19
20 21
22 23
19 24
25 26
27 28
29 19
30 31
32 11
33 34
35 36
37 1
38 39
37 40
41 42
43 44
45 46
47 11
48 3
2 11
49 50
51 52
53 3
54 55
56 15
57 58
33 59
60 61
62 45
63 64
32 65
66 67
68 69
66 19
14 70
71 72
14 73
74 19
75 76
77 78
79 80
81 3
82 28
83 84
85 19
86 87
88 19
19 15
89 21
90 91
92 3
93 94
95 19
96 19
97 11
98 91
59 99
80 11
100 19
101 21
53 9
102 19
103 104
59 105
106 70
107 11
108 52
109 61
110 3
111 19
48 19
112 113
114 105
59 70
115 116
61 24
64 117
118 19
86 13
119 120
75 121
122 123
124 116
125 11
126 19
101 3
127 19
128 11
129 52
130 131
132 11
133 105
134 67
135 28
136 44
40 137
138 64
114 15
139 140
141 142
143 144
145 91
146 55
147 13
148 149
150 40
2 19
151 19
147 87
152 153
154 11
155 156
157 58
158 80
33 159
110 19
123 160
161 11
92 21
162 19
163 105
164 165
157 17
147 166
167 168
64 142
169 170
20 11
171 42
172 173
174 28
12 175
176 24
146 91
4 133
177 78
178 3
19 179
180 3
166 52
181 163
182 3
183 184
2 21
185 67
186 13
32 187
160 188
189 190
10 67
109 191
1 70
192 19
193 123
194 11
195 80
196 19
92 19
164 197
198 19
199 19
195 67
200 11
136 201
202 19
178 203
204 205
206 13
207 28
136 1
171 208
209 210
211 19
212 116
213 52
154 3
214 33
197 215
216 19
217 17
218 175
123 219
180 67
220 210
221 129
126 3
180 19
37 222
20 19
223 70
66 3
125 3
224 113
131 225
30 172
226 227
182 67
228 19
229 15
22 230
126 80
40 231
232 11
233 19
8 21
101 11
97 67
163 70
234 71
235 120
171 236
237 3
71 236
238 99
86 191
126 9
239 227
240 11
169 241
191 116
97 19
115 87
242 19
20 67
243 17
244 52
245 246
247 248
249 11
102 11
250 72
20 3
92 11
193 251
252 19
198 28
36 55
253 156
180 21
233 3
223 105
184 137
154 28
254 105
66 21
249 105
155 255
64 256
55 15
257 11
237 258
259 142
180 11
260 113
183 40
261 262
249 19
161 263
154 203
97 3
264 91
134 19
109 13
249 203
265 263
202 28
266 171
228 3
51 267
136 268
129 212
202 3
48 21
188 52
189 269
128 67
145 255
270 271
272 202
273 251
262 274
118 11
275 276
182 19
223 91
204 277
14 91
278 3
166 221
30 123
2 67
279 67
123 62
113 13
57 61
62 204
280 281
282 144
237 11
19 91
110 9
197 38
207 19
283 76
214 70
284 285
12 113
92 67
190 91
38 286
185 21
214 287
185 3
101 19
279 91
155 15
27 19
269 288
289 210
290 123
9 21
59 33
33 291
292 254
195 11
293 99
136 294
81 9
242 80
295 38
296 64
62 12
234 183
297 298
222 137
141 117
229 105
200 19
183 171
299 300
33 301
61 302
113 205
10 19
106 287
22 303
304 121
305 306
234 37
95 80
307 308
309 310
132 263
311 312
313 19
249 3
8 3
135 19
261 314
134 91
185 11
302 315
74 28
171 72
19 49
316 65
253 40
273 123
157 61
221 51
62 147
245 237
114 91
232 19
278 9
317 255
71 274
309 318
319 1
320 149
229 91
47 67
85 11
66 11
321 71
322 323
186 61
235 308
101 67
324 19
148 91
269 325
326 227
327 19
109 87
98 55
233 203
328 104
287 70
183 150
329 91
224 30
204 166
330 271
331 19
332 333
334 149
335 336
337 163
197 338
307 120
54 91
339 89
123 58
136 312
329 24
340 262
341 73
273 99
259 117
342 19
110 11
183 71
34 287
228 21
343 11
344 19
145 345
182 11
258 339
279 19
305 297
28 315
169 346
154 19
347 3
348 308
349 19
30 350
172 123
17 214
182 21
351 19
258 143
352 210
353 202
223 15
17 294
19 354
342 11
128 19
355 17
136 356
19 187
347 144
12 205
0 15
304 76
135 67
82 19
125 9
60 175
357 91
45 52
358 288
97 21
359 360
361 58
362 363
245 275
294 15
55 106
265 19
245 195
63 364
144 105
185 19
41 365
12 52
59 287
366 67
357 363
264 55
139 285
367 368
171 369
