[22, 214]
[57, 256]
[185, 37]
[8, 17]
[8, 9]
[268, 230, 9]
[14, 19]
[16, 126]
[20, 252]
[100, 115]
[177, 119]
[48, 49]
[154, 37]
[22, 104]
[171, 12]
[57, 233]
[211, 212]
[50, 66]
[26, 73]
[272, 125]
[89, 90]
[105, 106]
[178, 213]
[74, 228]
[155, 156]
[84, 258]
[169, 141]
[185, 186]
[75, 10]
[199, 200]
[166, 201]
[207, 208]
[10, 160]
[71, 235]
[22, 175]
[69, 70]
[84, 85]
[142, 143]
[176, 11]
[26, 188]
[20, 165]
[178, 6]
[223, 224]
[74, 106]
[79, 80]
[87, 59]
[86, 87]
[146, 39]
[70, 210]
[56, 55]
[46, 22]
[246, 22]
[59, 60]
[4, 103]
[202, 219]
[177, 104]
[132, 88]
[41, 4]
[114, 115]
[269, 16]
[73, 122]
[126, 115]
[253, 108, 23]
[220, 24]
[196, 109]
[39, 121]
[154, 29]
[73, 26]
[136, 198]
[63, 84]
[163, 216]
[81, 160]
[239, 217]
[126, 122]
[24, 88]
[81, 86]
[98, 99]
[22, 23]
[110, 111]
[12, 13]
[39, 40]
[61, 66]
[63, 147]
[2, 3]
[203, 119]
[163, 217]
[89, 14]
[266, 66]
[34, 85]
[231, 66]
[10, 94]
[173, 174]
[83, 6]
[86, 66]
[59, 66]
[57, 234]
[226, 227]
[122, 115]
[100, 1]
[42, 43]
[83, 129]
[173, 117]
[76, 46]
[0, 17]
[13, 56]
[94, 11]
[75, 81]
[77, 78]
[38, 242]
[42, 267]
[196, 197]
[88, 75]
[255, 104]
[250, 251]
[4, 232]
[176, 181]
[129, 30]
[202, 106]
[193, 217]
[44, 74]
[75, 176]
[116, 117]
[32, 33]
[34, 258]
[151, 115]
[16, 17]
[4, 78]
[57, 58]
[215, 17]
[127, 175]
[87, 61]
[191, 192]
[34, 54]
[73, 115]
[70, 131]
[1, 115]
[81, 82]
[57, 1]
[93, 37]
[221, 222]
[261, 113]
[18, 93]
[55, 56]
[63, 77]
[176, 86]
[92, 106]
[109, 39]
[199, 240]
[10, 209]
[75, 50]
[88, 33]
[129, 4]
[88, 241]
[151, 125]
[199, 264]
[109, 236]
[111, 56]
[265, 153]
[123, 124]
[10, 11]
[41, 182]
[55, 111]
[84, 198]
[204, 205]
[100, 254]
[24, 207]
[38, 6]
[57, 215]
[6, 7]
[109, 225]
[207, 88]
[166, 167]
[217, 198]
[57, 49]
[34, 43]
[12, 183]
[0, 1]
[245, 215]
[13, 170]
[172, 58]
[71, 104]
[206, 84]
[105, 44]
[259, 260]
[152, 153]
[237, 238]
[26, 158]
[26, 134]
[8, 182]
[94, 160]
[18, 19]
[129, 1]
[30, 31]
[127, 128]
[247, 37]
[138, 113]
[139, 23]
[255, 263]
[63, 4]
[10, 66]
[220, 94]
[20, 21]
[133, 95]
[46, 67]
[96, 97]
[135, 136]
[44, 202]
[218, 124]
[14, 93]
[22, 248]
[77, 157]
[150, 88]
[26, 27, 122]
[97, 125]
[44, 45]
[28, 29]
[63, 34]
[100, 101, 151]
[12, 187]
[163, 149]
[50, 51]
[229, 67]
[4, 5]
[202, 92]
[73, 113]
[71, 9]
[73, 125]
[22, 17]
[130, 66]
[114, 122]
[114, 26]
[24, 243]
[137, 136]
[270, 271]
[74, 67]
[262, 263]
[228, 107, 97]
[34, 35]
[24, 25]
[144, 145]
[245, 114]
[91, 92]
[30, 78]
[244, 63]
