[22, 214]
[53, 95]
[220, 24, 88, 75, 176, 86, 87, 59, 66]
[8, 17]
[132, 88, 75, 176, 86]
[132, 88, 75, 176, 86, 87]
[44, 74, 228, 52]
[114, 26, 158]
[207, 88, 75, 50, 66]
[207, 88, 75, 10, 94, 160]
[150, 88, 75, 176, 86, 66]
[171, 12, 13]
[14, 19]
[24, 207, 88, 75, 81, 86, 87, 59, 66]
[269, 16, 126, 122, 115]
[105, 44, 74, 228, 52, 53, 95]
[57, 1, 115]
[132, 88, 195, 68]
[220, 24, 88, 75, 10]
[220, 24, 207, 88]
[114, 26, 134]
[154, 37]
[207, 88, 75, 81, 86, 87, 59, 66]
[22, 104]
[171, 12]
[81, 86, 87]
[63, 34, 140]
[50, 66]
[150, 88, 75, 176, 181]
[137, 36]
[245, 114, 26, 27]
[272, 125]
[193, 194]
[44, 202, 92]
[120, 104]
[246, 22, 104]
[24, 207, 88, 75, 81, 160]
[74, 228, 52]
[199, 200]
[196, 109, 39, 121]
[81, 86, 66]
[244, 63, 77]
[75, 10, 66]
[24, 88, 75, 81, 86, 87, 61]
[69, 70]
[171, 12, 13, 56, 55, 111]
[75, 176, 86, 87, 61]
[83, 129, 4, 232]
[105, 44, 202, 92]
[26, 188]
[46, 22, 23]
[132, 88, 75, 10, 66]
[47, 184]
[87, 59]
[75, 176, 86, 87]
[146, 39]
[83, 129, 30, 31]
[150, 88, 75, 81, 86, 87, 61]
[24, 88, 75, 10, 66]
[246, 22]
[91, 92, 106]
[126, 122, 115]
[179, 180]
[4, 103]
[24, 88, 75, 176, 86, 87, 61, 62]
[88, 75, 50]
[132, 88]
[150, 88, 75, 176, 86, 87]
[150, 88, 75, 81, 82]
[220, 24, 88, 75, 176, 86, 87, 61]
[24, 88, 75, 81, 86, 87, 59, 60]
[114, 115]
[129, 4, 103]
[220, 24, 88, 75, 176, 86]
[10, 94, 160]
[196, 109, 39]
[83, 129, 30, 78]
[220, 24, 207, 88, 75, 10, 209]
[39, 121]
[76, 46, 22, 23]
[89, 14, 93]
[163, 216]
[24, 88, 75, 176, 86, 87, 59, 60]
[24, 88]
[74, 228, 52, 53]
[207, 88, 75, 81, 86, 87, 59, 60]
[76, 46, 22, 248]
[150, 88, 75, 10, 94]
[18, 93, 37]
[24, 88, 75, 10, 209]
[24, 207, 208]
[150, 88, 195]
[24, 88, 75, 81, 86, 87, 61, 66]
[207, 88, 75, 81, 86, 87, 59]
[2, 3]
[203, 119]
[105, 44, 74, 228, 107, 97]
[163, 217]
[24, 207, 88, 75, 176, 86]
[24, 88, 75, 50]
[88, 75, 81, 86, 66]
[83, 6]
[24, 88, 195, 68, 66]
[220, 24, 207, 88, 75, 50, 66]
[63, 34, 43]
[105, 44, 74, 228, 52, 53]
[176, 86, 87, 61]
[220, 24, 88, 75, 176, 86, 87, 59, 60]
[22, 64, 65]
[63, 84, 85]
[122, 115]
[24, 207, 88, 75, 81]
[105, 44, 74, 106]
[220, 24, 207, 88, 75, 81, 82]
[24, 88, 75, 81, 86, 87, 59, 66]
[42, 43]
[83, 129, 4, 103]
[173, 117]
[88, 75, 81, 86, 87, 59]
[24, 88, 75, 176, 86, 87, 61, 66]
[0, 17]
[13, 56]
[129, 30, 78]
[207, 88, 75, 81, 86, 87, 61, 66]
[140, 141]
[220, 24, 88, 75, 81, 86, 87, 59, 66]
[135, 72]
[220, 24, 88, 75, 81, 160]
[250, 251]
[26, 27]
[4, 232]
[108, 23]
[132, 88, 75, 176, 86, 87, 61]
[132, 88, 75, 176, 86, 66]
[81, 86, 87, 59, 66]
[44, 74]
[44, 74, 106]
[75, 176, 86, 66]
[220, 24, 207, 88, 75, 10, 94, 160]
[86, 87, 59, 66]
[207, 88, 75, 10, 209]
[44, 74, 228, 107, 97, 125]
[150, 88, 195, 68]
[150, 88, 75, 81, 86]
[129, 30, 31]
[127, 175]
[220, 24, 88, 195]
[207, 88, 75, 81]
[220, 24, 88, 75, 50]
[12, 13, 56]
[88, 75, 81, 86, 87]
[70, 131]
[1, 115]
[220, 24, 88, 75, 81, 86, 87, 61]
[132, 88, 75, 10, 160]
[73, 26, 27]
[244, 63, 34]
[69, 70, 210]
[55, 56]
[63, 77]
[207, 88, 75, 176, 86, 87, 59]
[207, 88, 75, 81, 82]
[88, 33]
[129, 4]
[220, 24, 88, 75, 176, 86, 87, 61, 62, 153]
[12, 13, 56, 55]
[24, 207, 88, 75, 81, 86, 87, 61, 62, 153]
[55, 111, 56]
[112, 37]
[109, 236]
[111, 56]
[220, 24, 88, 75, 81, 86, 87, 61, 66]
[244, 63, 4, 103]
[146, 39, 121]
[12, 13, 170]
[76, 46, 67]
[135, 136, 198]
[220, 94, 160]
[220, 24, 207, 88, 241]
[204, 205]
[24, 207]
[88, 75, 10]
[129, 4, 78]
[269, 16, 126]
[88, 75, 176, 86]
[244, 63, 34, 258]
[24, 88, 75, 176, 86, 87, 59, 66]
[268, 230]
[88, 75, 176, 86, 87, 61, 62, 153]
[166, 167]
[24, 207, 88, 75, 50, 66]
[63, 4, 232]
[87, 59, 66]
[12, 183]
[207, 88, 75, 81, 160]
[0, 1]
[220, 24, 207, 88, 75, 176, 86, 87, 61, 62, 153]
[24, 88, 75, 176, 86, 87, 61, 62, 153]
[62, 153]
[207, 88, 75, 81, 86, 66]
[172, 58]
[38, 6, 7]
[24, 207, 88, 75, 10, 160]
[83, 129, 102]
[24, 207, 88, 75, 176, 86, 87, 59, 60]
[245, 114, 115]
[24, 207, 88, 33]
[129, 1]
[75, 10, 94, 11]
[245, 114, 122, 115]
[24, 88, 75, 176]
[30, 31]
[139, 23]
[76, 46, 22]
[88, 75, 10, 160]
[220, 24, 207, 88, 75, 176, 11]
[10, 66]
[163, 148]
[163, 257]
[81, 86, 87, 59, 60]
[86, 87, 59, 60]
[105, 44, 45]
[24, 207, 88, 195, 68]
[24, 88, 75, 176, 86, 87, 61]
[75, 81, 86, 87, 61, 62, 153]
[107, 97, 125]
[24, 88, 75, 10, 94, 160]
[218, 124]
[76, 46, 47]
[207, 88, 75, 176, 11]
[46, 22, 64, 65]
[220, 24, 88, 75, 81, 86, 87, 61, 62]
[244, 63, 4, 232]
[63, 34]
[12, 187]
[163, 149]
[229, 67]
[63, 34, 258]
[75, 50, 66]
[244, 63, 84, 258]
[24, 207, 88, 75, 81, 86, 87, 59, 60]
[46, 22, 214]
[246, 22, 214]
[24, 88, 75, 50, 66]
[246, 22, 23]
[207, 88, 75, 81, 86, 87]
[88, 75, 10, 66]
[76, 46, 22, 64]
[189, 190]
[46, 22, 104]
[30, 78]
[244, 63]
[24, 88, 75, 176, 11]
[64, 65]
[83, 129, 30]
[24, 207, 88, 75, 10, 66]
[185, 37]
[150, 88, 75, 10, 11]
[8, 9]
[257, 149]
[268, 230, 9]
[26, 73, 115]
[100, 115]
[46, 22, 248]
[207, 88, 195, 68, 66]
[48, 49]
[150, 88, 195, 68, 66]
[24, 207, 88, 241]
[220, 24, 88, 241]
[26, 73]
[132, 88, 75]
[46, 47, 184]
[24, 88, 75, 176, 181]
[105, 106]
[24, 207, 88, 75, 176, 86, 87, 59, 66]
[220, 24, 207, 88, 75, 176]
[74, 228]
[196, 109, 236]
[155, 156]
[84, 258]
[100, 101, 151, 115]
[166, 201]
[220, 24, 207, 88, 75, 81]
[207, 208]
[83, 129, 1, 115]
[22, 175]
[139, 159, 184]
[150, 88, 241]
[88, 75, 81, 86, 87, 59, 60]
[88, 75, 50, 66]
[84, 85]
[81, 86, 87, 59]
[24, 207, 88, 75, 176]
[142, 143]
[245, 114, 26, 27, 122]
[89, 14, 15, 157]
[26, 73, 113]
[114, 26, 27, 122]
[223, 224]
[89, 14, 19]
[244, 63, 34, 54]
[56, 55]
[220, 24, 207, 88, 75, 10, 94, 11]
[220, 24, 207, 88, 195, 68, 66]
[137, 36, 37]
[202, 219]
[177, 104]
[75, 10, 160]
[69, 70, 131]
[220, 24, 207, 88, 195]
[137, 136, 198]
[118, 119]
[207, 88, 241]
[220, 24, 88, 75, 81]
[206, 84, 198]
[16, 126, 122, 115]
[269, 16]
[13, 56, 55]
[75, 176, 86, 87, 61, 66]
[196, 109]
[24, 207, 88, 75, 81, 86, 87, 61]
[245, 114, 26, 188]
[73, 26]
[136, 198]
[81, 160]
[239, 217]
[207, 88, 75, 10, 94]
[126, 122]
[81, 86]
[114, 26, 73, 125]
[220, 24, 88, 75, 10, 94, 160]
[228, 52, 53]
[24, 88, 75, 176, 86]
[12, 13]
[150, 88, 75, 176, 86, 87, 61]
[61, 66]
[253, 108]
[63, 147]
[89, 14]
[34, 85]
[231, 66]
[171, 12, 13, 170]
[75, 81, 86, 87, 61]
[194, 37]
[10, 94]
[150, 88, 75, 81]
[220, 24, 243]
[173, 174]
[246, 22, 64]
[207, 88, 195, 68]
[207, 88, 75, 81, 86]
[105, 44, 74, 67]
[73, 26, 27, 122]
[226, 227]
[68, 66]
[89, 14, 15]
[36, 37]
[245, 114, 26, 73, 122, 115]
[114, 26, 27, 122, 115]
[52, 53]
[88, 75, 176, 86, 87, 59]
[105, 44, 74]
[75, 81]
[88, 75, 81, 160]
[44, 74, 228, 52, 53]
[42, 267]
[12, 13, 56, 55, 111]
[132, 88, 75, 50, 51]
[244, 63, 4]
[255, 104]
[129, 30]
[202, 106]
[193, 217]
[245, 114, 26, 73, 125]
[244, 63, 147]
[75, 176]
[116, 117]
[32, 33]
[44, 179]
[34, 258]
[75, 176, 86, 87, 61, 62]
[151, 115]
[16, 17]
[244, 63, 34, 35]
[88, 75, 81, 86, 87, 59, 66]
[220, 24, 88, 75, 81, 86, 87, 59, 60]
[73, 115]
[129, 102]
[81, 82]
[44, 179, 180]
[111, 56, 55]
[150, 88, 75, 81, 86, 87]
[207, 88, 75, 176, 86, 87, 61, 66]
[61, 62]
[24, 88, 75, 81, 86, 87, 61, 62]
[129, 4, 5]
[220, 24, 207, 88, 75, 81, 86, 87, 61, 66]
[261, 113]
[86, 87, 61, 62, 153]
[220, 24, 88, 195, 68, 66]
[52, 53, 95]
[168, 118]
[220, 24, 207, 88, 75, 81, 86, 87, 61]
[132, 88, 75, 10, 11]
[101, 151]
[63, 84, 198]
[244, 63, 84, 198]
[24, 207, 88, 195]
[75, 81, 86, 87, 59, 60]
[63, 34, 140, 141]
[150, 88, 75, 81, 86, 66]
[265, 153]
[24, 88, 75, 81, 86]
[207, 88, 195]
[61, 62, 153]
[105, 44, 202, 106]
[220, 24, 207, 88, 75, 176, 86, 87]
[75, 81, 86, 66]
[207, 88, 75, 81, 86, 87, 61, 62]
[245, 114, 26, 73, 122]
[88, 75, 81, 82]
[245, 215, 17]
[38, 6]
[220, 24, 207, 88, 75, 10, 94]
[75, 81, 86]
[207, 88, 75, 176, 86, 87, 61, 62]
[6, 7]
[69, 120]
[217, 198]
[24, 88, 75, 10, 94]
[269, 16, 17]
[57, 49]
[34, 43]
[220, 24, 88, 75, 10, 66]
[161, 162, 249]
[207, 88, 75, 10, 11]
[220, 24, 207, 88, 75, 81, 86]
[75, 10, 94]
[207, 88, 75, 10, 94, 11]
[75, 176, 86]
[46, 22, 64]
[72, 37]
[46, 22, 175]
[152, 153]
[24, 88, 75, 10, 160]
[237, 238]
[26, 158]
[26, 134]
[150, 88, 75, 50, 51]
[88, 75, 81, 86, 87, 61]
[109, 39, 121]
[206, 84, 85]
[246, 22, 175]
[127, 128]
[207, 88, 75, 10]
[220, 24, 207, 88, 75, 176, 86, 87, 61]
[207, 88, 75, 176, 181]
[138, 113]
[63, 4]
[132, 88, 75, 81, 86, 87, 61, 62, 153]
[246, 22, 64, 65]
[132, 88, 75, 81, 160]
[220, 94]
[24, 207, 88, 75, 176, 86, 87, 59]
[24, 88, 75, 10]
[139, 159]
[96, 97]
[135, 136]
[161, 162]
[88, 75, 176, 86, 87, 59, 66]
[22, 248]
[77, 157]
[150, 88]
[63, 77, 78]
[220, 24, 88, 75, 50, 66]
[44, 45]
[4, 5]
[24, 88, 75, 81, 82]
[75, 81, 82]
[73, 113]
[24, 88, 75, 81, 86, 87, 61, 62, 153]
[88, 75, 10, 94, 160]
[220, 24, 88, 75, 10, 94, 11]
[22, 17]
[130, 66]
[73, 122, 115]
[24, 243]
[244, 63, 77, 78]
[137, 136]
[270, 271]
[34, 140]
[76, 46, 22, 175]
[101, 151, 125]
[207, 88, 75, 50, 51]
[74, 67]
[220, 24, 207, 88, 75, 176, 86, 66]
[75, 81, 160]
[262, 263]
[105, 44, 74, 228, 107, 97, 125]
[75, 81, 86, 87]
[24, 25]
[144, 145]
[129, 4, 232]
[245, 114]
[24, 207, 88]
[75, 81, 86, 87, 59, 66]
[150, 88, 75, 176, 86, 87, 61, 66]
[171, 12, 13, 56, 55]
[16, 126]
[207, 88, 75, 176, 86, 87, 59, 66]
[244, 63, 34, 140, 141]
[246, 22, 248]
[220, 94, 11]
[150, 88, 75, 10]
[150, 88, 75, 10, 94, 160]
[76, 46, 22, 214]
[150, 88, 75]
[211, 212]
[101, 151, 115]
[132, 88, 75, 81, 86, 87, 61]
[13, 56, 55, 111]
[89, 90]
[150, 88, 75, 81, 86, 87, 59, 60]
[178, 213]
[46, 47]
[169, 141]
[185, 186]
[14, 93, 37]
[75, 10]
[244, 63, 4, 78]
[132, 88, 75, 81, 86, 87, 59, 66]
[76, 46, 22, 104]
[10, 160]
[220, 24, 88, 75, 81, 86]
[24, 207, 88, 75, 81, 86, 87, 59]
[41, 4, 232]
[150, 88, 75, 176, 86, 87, 61, 62, 153]
[75, 176, 11]
[86, 87]
[70, 210]
[114, 26, 73]
[46, 22]
[220, 24, 88, 75, 10, 94]
[207, 88, 75, 176, 86, 87, 61]
[24, 88, 75, 10, 94, 11]
[220, 24, 88, 33]
[220, 24, 207, 88, 75, 176, 86, 87, 59, 66]
[24, 207, 88, 75, 81, 86, 87]
[150, 88, 75, 81, 86, 87, 61, 66]
[105, 44, 202, 92, 106]
[163, 257, 149]
[24, 207, 88, 75, 176, 86, 87, 61, 62, 153]
[114, 122, 115]
[88, 75, 176, 86, 87, 61, 66]
[253, 108, 23]
[83, 129, 1]
[86, 87, 59]
[107, 97]
[207, 88, 75, 176, 86, 87]
[154, 29]
[98, 99]
[44, 74, 228]
[110, 111, 56, 55]
[22, 23]
[63, 34, 54]
[228, 52]
[220, 24, 207, 88, 75, 81, 86, 87, 61, 62]
[220, 24, 88, 195, 68]
[24, 88, 75, 81, 86, 66]
[105, 44, 74, 228]
[207, 88, 75, 50]
[266, 66]
[89, 14, 93, 37]
[220, 24, 25]
[86, 66]
[88, 75, 176, 86, 87, 59, 60]
[132, 88, 75, 10, 94, 11]
[41, 4, 103]
[171, 12, 183]
[63, 77, 157]
[24, 88, 75, 81, 86, 87]
[132, 88, 75, 176, 86, 87, 59, 66]
[195, 68]
[88, 75, 81]
[24, 207, 88, 75, 81, 86, 66]
[83, 129]
[105, 44, 202, 219]
[220, 24, 88, 75, 81, 86, 87, 59]
[176, 86, 87, 61, 62, 153]
[83, 129, 4]
[24, 207, 88, 195, 68, 66]
[24, 207, 88, 75, 10, 94, 160]
[88, 75, 81, 86]
[207, 88, 75, 176, 86, 66]
[220, 24, 207, 88, 75, 50, 51]
[196, 197]
[88, 75, 10, 94]
[244, 63, 84]
[150, 88, 33]
[148, 149]
[176, 181]
[132, 88, 75, 176, 181]
[96, 97, 125]
[26, 73, 122, 115]
[88, 75, 176, 86, 87, 61, 62]
[150, 88, 75, 81, 86, 87, 59, 66]
[239, 217, 198]
[150, 88, 75, 10, 209]
[245, 114, 122]
[24, 88, 75, 81, 86, 87, 59]
[4, 78]
[88, 75, 10, 11]
[215, 17]
[75, 81, 86, 87, 61, 66]
[87, 61]
[191, 192]
[2, 164, 125]
[24, 88, 75, 81]
[246, 22, 17]
[24, 207, 88, 75, 50, 51]
[24, 88, 75]
[87, 61, 62, 153]
[220, 24, 207, 88, 75, 81, 86, 87, 61, 62, 153]
[220, 24, 207, 88, 195, 68]
[93, 37]
[221, 222]
[220, 24, 88, 75]
[83, 129, 4, 5]
[176, 86, 87, 61, 62]
[220, 24, 207, 88, 75, 10, 11]
[24, 88, 75, 50, 51]
[176, 86]
[92, 106]
[109, 39]
[132, 88, 75, 176, 86, 87, 61, 62, 153]
[75, 50, 51]
[63, 34, 35]
[75, 50]
[176, 86, 87]
[244, 63, 4, 5]
[220, 24, 207]
[196, 109, 39, 40]
[102, 103]
[114, 26, 73, 122]
[123, 124]
[132, 88, 75, 81, 86]
[10, 11]
[132, 88, 75, 176]
[55, 111]
[74, 228, 107]
[24, 88, 75, 81, 160]
[114, 26, 188]
[207, 88, 75, 176, 86, 87, 59, 60]
[24, 207, 88, 75, 10, 11]
[109, 225]
[150, 88, 75, 81, 86, 87, 59]
[16, 126, 115]
[24, 207, 88, 75, 50]
[220, 24, 88, 75, 176, 11]
[220, 24, 207, 88, 75, 81, 86, 87, 59, 60]
[132, 88, 33]
[75, 10, 209]
[105, 44, 179]
[13, 170]
[24, 88, 75, 10, 11]
[206, 84]
[76, 46, 47, 184]
[150, 88, 75, 176, 86, 87, 61, 62]
[220, 24, 88]
[74, 228, 52, 53, 95]
[220, 24, 207, 88, 75, 176, 181]
[46, 22, 17]
[18, 19]
[75, 81, 86, 87, 61, 62]
[150, 88, 75, 10, 94, 11]
[150, 88, 75, 176, 11]
[176, 86, 66]
[24, 207, 88, 75, 10, 94, 11]
[150, 88, 75, 176, 86, 87, 59]
[14, 15, 157]
[132, 88, 75, 176, 86, 87, 59, 60]
[22, 64]
[109, 39, 40]
[220, 24, 207, 88, 75, 176, 86, 87, 59, 60]
[247, 37]
[88, 195, 68]
[132, 88, 75, 10, 94]
[176, 86, 87, 61, 66]
[220, 24, 88, 75, 176, 86, 66]
[88, 75, 50, 51]
[88, 75, 176, 181]
[20, 21]
[26, 27, 122, 115]
[133, 95]
[220, 24, 88, 75, 176, 86, 87, 59]
[44, 202]
[110, 111, 56]
[14, 93]
[44, 74, 228, 52, 53, 95]
[97, 125]
[28, 29]
[190, 37]
[100, 101, 151]
[50, 51]
[220, 24, 207, 88, 75, 81, 86, 87, 59, 66]
[220, 24, 88, 75, 176, 181]
[228, 52, 53, 95]
[24, 88, 33]
[206, 84, 258]
[114, 122]
[73, 26, 158]
[114, 26]
[73, 26, 134]
[220, 24, 88, 75, 81, 82]
[132, 88, 75, 176, 86, 87, 59]
[269, 16, 126, 122]
[75, 10, 11]
[132, 88, 75, 81]
[228, 107, 97]
[24, 207, 88, 75, 176, 181]
[83, 129, 102, 103]
[193, 194, 37]
[164, 125]
[162, 249]
[44, 202, 92, 106]
[220, 24, 207, 88, 75, 10]
[207, 88, 75, 81, 86, 87, 61, 62, 153]
[207, 88, 75, 81, 86, 87, 61]
[105, 44, 74, 228, 107]
[57, 256]
[87, 61, 66]
[2, 164]
[220, 24, 88, 75, 176, 86, 87]
[88, 75, 81, 86, 87, 61, 66]
[81, 86, 87, 61, 62]
[220, 24, 88, 75, 10, 209]
[220, 24, 88, 75, 10, 11]
[20, 252]
[24, 88, 75, 176, 86, 66]
[34, 140, 141]
[132, 88, 75, 10, 209]
[177, 119]
[176, 86, 87, 59]
[57, 233]
[244, 63, 77, 157]
[245, 114, 26, 73, 115]
[73, 26, 27, 122, 115]
[220, 24, 88, 75, 81, 86, 87]
[150, 88, 75, 81, 86, 87, 61, 62, 153]
[87, 59, 60]
[132, 88, 75, 50]
[269, 16, 126, 115]
[71, 235]
[189, 190, 37]
[83, 6, 7]
[88, 75, 176, 86, 87]
[230, 9]
[176, 11]
[220, 24, 207, 88, 75, 10, 66]
[20, 165]
[26, 73, 125]
[178, 6]
[74, 106]
[79, 80]
[132, 88, 75, 81, 86, 87, 61, 62]
[24, 207, 88, 75, 10]
[196, 109, 225]
[176, 86, 87, 59, 60]
[63, 84, 258]
[81, 86, 87, 61, 62, 153]
[159, 184]
[41, 4, 5]
[220, 24, 207, 88, 75]
[88, 195]
[59, 60]
[220, 24, 207, 88, 75, 81, 160]
[150, 88, 75, 81, 160]
[228, 107]
[220, 24, 207, 88, 75, 176, 86, 87, 59]
[41, 4]
[24, 88, 75, 176, 86, 87]
[73, 122]
[126, 115]
[244, 63, 34, 43]
[220, 24]
[132, 88, 241]
[41, 4, 78]
[87, 61, 62]
[220, 24, 207, 88, 75, 176, 86]
[81, 86, 87, 61, 66]
[193, 217, 198]
[220, 24, 88, 75, 176, 86, 87, 61, 62]
[63, 84]
[163, 148, 149]
[114, 26, 27]
[146, 39, 40]
[220, 24, 88, 75, 81, 86, 66]
[114, 26, 73, 113]
[73, 26, 188]
[110, 111]
[63, 4, 5]
[39, 40]
[75, 176, 86, 87, 59, 60]
[207, 88, 75]
[129, 102, 103]
[171, 12, 13, 56]
[44, 74, 228, 107, 97]
[220, 24, 207, 208]
[24, 207, 88, 75, 10, 209]
[44, 74, 228, 107]
[105, 44, 202]
[59, 66]
[132, 88, 75, 50, 66]
[244, 63, 34, 140]
[57, 234]
[132, 88, 75, 81, 86, 87, 61, 66]
[100, 1]
[56, 55, 111]
[105, 44, 179, 180]
[132, 88, 75, 81, 82]
[76, 46]
[105, 44, 74, 228, 52]
[100, 101]
[24, 207, 88, 75]
[94, 11]
[77, 78]
[114, 26, 73, 115]
[38, 242]
[220, 24, 207, 88, 75, 81, 86, 87]
[88, 75]
[63, 4, 103]
[132, 88, 75, 176, 11]
[24, 88, 241]
[150, 88, 75, 176]
[207, 88, 75, 176, 86]
[27, 122, 115]
[69, 120, 104]
[88, 75, 176, 86, 66]
[74, 228, 107, 97, 125]
[245, 114, 26, 73, 113]
[26, 73, 122]
[16, 126, 122]
[150, 88, 75, 176, 86]
[88, 195, 68, 66]
[135, 72, 37]
[220, 24, 207, 88, 75, 81, 86, 87, 59]
[220, 24, 207, 88, 75, 50]
[24, 207, 88, 75, 176, 86, 87, 61]
[24, 88, 195]
[24, 207, 88, 75, 10, 94]
[57, 58]
[228, 107, 97, 125]
[220, 24, 88, 75, 176, 86, 87, 61, 66]
[34, 54]
[132, 88, 75, 81, 86, 87]
[132, 88, 75, 81, 86, 87, 59, 60]
[114, 26, 73, 122, 115]
[132, 88, 75, 81, 86, 87, 59]
[245, 114, 26]
[81, 86, 87, 61]
[27, 122]
[132, 88, 195]
[83, 129, 4, 78]
[150, 88, 75, 50]
[15, 157]
[150, 88, 75, 176, 86, 87, 59, 66]
[88, 75, 81, 86, 87, 61, 62, 153]
[57, 1]
[24, 207, 88, 75, 81, 86, 87, 61, 66]
[239, 112, 37]
[18, 93]
[132, 88, 195, 68, 66]
[220, 24, 88, 75, 176]
[88, 75, 176]
[150, 88, 75, 50, 66]
[199, 240]
[207, 88, 75, 176, 86, 87, 61, 62, 153]
[75, 176, 86, 87, 59]
[10, 209]
[88, 241]
[151, 125]
[24, 207, 88, 75, 81, 86]
[199, 264]
[220, 24, 207, 88, 75, 81, 86, 66]
[245, 114, 26, 27, 122, 115]
[88, 75, 10, 94, 11]
[24, 207, 88, 75, 176, 86, 87, 61, 62]
[86, 87, 61]
[44, 74, 67]
[41, 182]
[171, 12, 187]
[84, 198]
[100, 254]
[207, 88, 75, 176]
[88, 75, 10, 209]
[132, 88, 75, 176, 86, 87, 61, 66]
[132, 88, 75, 10]
[202, 92, 106]
[57, 215]
[207, 88]
[244, 63, 84, 85]
[168, 118, 119]
[207, 88, 33]
[220, 24, 207, 88, 75, 176, 86, 87, 61, 62]
[24, 88, 75, 176, 86, 87, 59]
[86, 87, 61, 66]
[220, 24, 88, 75, 81, 86, 87, 61, 62, 153]
[245, 215]
[220, 24, 88, 75, 10, 160]
[44, 202, 219]
[76, 46, 22, 17]
[163, 217, 198]
[71, 104]
[105, 44]
[259, 260]
[88, 75, 81, 86, 87, 61, 62]
[74, 228, 107, 97]
[220, 24, 207, 88, 75, 10, 160]
[24, 207, 88, 75, 176, 11]
[8, 182]
[14, 15]
[94, 160]
[207, 88, 75, 10, 66]
[88, 75, 176, 86, 87, 61]
[195, 68, 66]
[239, 112]
[176, 86, 87, 59, 66]
[24, 207, 88, 75, 81, 86, 87, 61, 62]
[24, 207, 88, 75, 176, 86, 66]
[255, 263]
[220, 24, 88, 75, 50, 51]
[88, 75, 176, 11]
[10, 94, 11]
[24, 88, 195, 68]
[24, 207, 88, 75, 81, 82]
[46, 67]
[244, 63, 34, 85]
[75, 176, 86, 87, 61, 62, 153]
[0, 1, 115]
[100, 1, 115]
[24, 207, 88, 75, 176, 86, 87]
[26, 27, 122]
[75, 81, 86, 87, 59]
[24, 207, 88, 75, 176, 86, 87, 61, 66]
[178, 6, 7]
[75, 176, 181]
[202, 92]
[150, 88, 75, 176, 86, 87, 59, 60]
[132, 88, 75, 176, 86, 87, 61, 62]
[71, 9]
[73, 125]
[63, 4, 78]
[75, 176, 86, 87, 59, 66]
[220, 24, 207, 88, 33]
[245, 114, 26, 73]
[150, 88, 75, 10, 66]
[76, 46, 22, 64, 65]
[86, 87, 61, 62]
[150, 88, 75, 81, 86, 87, 61, 62]
[207, 88, 75, 10, 160]
[34, 35]
[75, 10, 94, 160]
[150, 88, 75, 10, 160]
[220, 24, 207, 88, 75, 176, 86, 87, 61, 66]
[132, 88, 75, 81, 86, 66]
[91, 92]
[44, 202, 106]
[57, 215, 17]
[245, 114, 26, 134]
[63, 34, 85]
[129, 1, 115]
[132, 88, 75, 10, 94, 160]
[245, 114, 26, 158]
[100, 101, 151, 125]
