0 1
2 3
4 5
6 7
8 9
10 11
12 13
14 15
16 17
18 15
19 20
21 22
23 24
25 26
27 28
29 30
31 13
32 33
34 35
36 37
38 39
40 41
42 43
44 9
45 38
46 47
48 49
50 51
52 53
23 54
55 56
57 36
58 59
60 61
62 9
63 64
65 66
67 68
69 70
71 72
73 74
75 7
76 77
78 79
12 80
81 82
83 84
85 86
60 7
87 88
89 90
58 9
91 92
58 93
94 81
54 95
96 97
98 99
100 101
102 103
54 104
105 106
107 89
108 51
109 70
54 106
110 111
112 13
113 78
114 9
115 116
117 118
119 120
121 122
123 124
125 35
126 127
128 129
130 131
132 51
133 134
9 104
135 106
136 84
60 137
138 117
139 140
141 101
142 143
116 144
145 146
147 148
149 5
150 101
151 9
152 148
149 153
154 131
155 9
67 107
98 156
23 157
19 156
158 159
160 161
162 56
120 163
86 164
48 165
122 104
166 167
149 168
113 169
170 171
152 172
29 173
174 96
175 176
177 71
178 179
4 180
181 182
0 9
183 139
107 184
185 186
12 187
168 51
188 189
190 191
160 192
65 25
193 32
52 194
163 195
196 197
198 199
200 201
159 79
202 203
184 106
204 205
107 206
166 207
208 209
210 70
211 12
32 55
212 213
181 173
214 124
215 216
125 217
218 51
219 21
40 217
75 203
220 23
207 221
174 97
222 223
224 116
120 225
226 132
227 228
229 79
230 231
230 217
232 227
233 234
235 236
190 156
237 15
134 238
239 240
16 178
109 241
242 243
10 244
58 148
76 245
190 154
246 247
30 90
135 248
190 70
249 49
250 251
192 49
252 165
122 106
48 253
59 155
254 95
3 255
32 256
170 257
258 124
204 52
259 51
60 205
260 118
38 261
40 35
262 263
32 174
136 264
161 79
152 265
55 94
266 104
152 12
126 267
30 268
68 269
66 270
14 271
113 128
263 80
272 273
274 116
98 275
61 276
206 277
91 21
278 253
246 279
38 280
111 79
281 70
211 172
282 270
60 84
283 190
50 284
132 214
285 80
211 56
195 51
147 216
286 79
287 288
45 289
289 290
205 234
30 290
240 70
212 291
168 226
292 20
16 120
293 210
120 57
239 294
281 295
236 5
125 95
57 212
296 253
297 298
137 49
135 121
12 148
299 300
207 27
223 79
45 30
12 301
202 7
220 106
302 303
272 184
4 236
27 304
220 305
306 241
307 241
308 309
310 311
278 165
25 307
308 312
73 113
91 313
314 120
315 316
135 184
317 82
318 319
54 23
23 320
198 321
322 249
323 95
194 15
261 143
324 9
325 27
45 326
125 173
327 131
57 4
328 197
76 232
208 329
330 331
23 332
112 333
236 213
38 253
138 118
105 305
10 334
240 15
335 336
198 15
66 282
337 41
307 70
338 70
99 275
339 184
310 340
256 341
342 216
300 15
343 80
344 84
219 345
333 346
347 348
12 46
125 349
272 182
226 50
350 203
57 149
272 318
300 264
136 292
219 351
335 352
136 353
285 148
354 355
38 234
264 353
356 203
150 148
357 3
66 210
358 359
360 361
138 362
363 103
305 106
174 364
235 16
212 168
204 7
14 319
365 366
300 367
368 9
369 370
207 371
285 9
18 203
372 373
120 279
374 375
204 137
52 237
24 305
107 30
30 376
40 377
378 379
147 380
204 272
381 382
91 383
384 299
60 252
91 385
172 346
170 386
239 69
60 239
94 298
16 387
178 120
388 45
289 129
389 220
390 12
222 192
391 22
138 192
389 392
12 393
18 131
285 106
394 395
396 397
12 340
4 213
398 399
400 401
91 402
239 83
403 241
36 51
40 349
278 49
338 156
138 260
210 15
404 405
233 406
40 184
206 290
392 80
263 105
407 408
38 165
152 86
409 410
298 104
239 344
4 51
137 411
292 15
60 296
412 96
54 305
413 408
145 303
412 211
110 249
322 286
69 15
