[113, 337, 350]
[240, 16, 181, 123, 57, 151, 5]
[181, 123, 283]
[318, 123, 57, 217]
[399, 81]
[123, 57, 151, 5]
[177, 97]
[225, 23, 54, 309, 107]
[409, 410]
[416, 216, 56]
[395, 45, 30, 294]
[225, 23, 24, 309, 107]
[57, 151, 171, 51]
[231, 135, 219]
[397, 12]
[125, 105]
[225, 23, 54]
[318, 123, 57, 217, 171, 231, 50, 288]
[57, 217, 171, 231, 135]
[276, 185]
[240, 16, 181, 123, 57, 217, 171, 51]
[287, 194, 156, 134]
[16, 181, 123, 57, 4, 218]
[217, 171, 231, 50, 51]
[240, 16, 123, 57, 217]
[38, 39]
[123, 57, 36]
[224, 355]
[151, 171, 231, 50]
[210, 281]
[16, 123, 57, 217, 171, 231, 135, 51]
[122, 123, 57, 217, 171, 51]
[188, 364]
[240, 16, 123, 166]
[240, 16, 181, 123, 283]
[304, 373]
[334, 335]
[123, 57, 151, 171]
[181, 123, 57, 151, 171, 231, 50, 51]
[70, 71]
[122, 123, 57, 36, 51]
[122, 123, 57, 151, 171, 231, 135, 219]
[318, 123, 57, 151, 171, 231, 135, 51]
[211, 27, 28]
[147, 307]
[164, 80]
[76, 7]
[16, 123, 57, 151, 171, 231, 50, 288]
[197, 32, 177, 369]
[66, 67, 285]
[123, 57, 151, 171, 231, 50, 51]
[16, 181, 123, 57, 217, 171, 231, 135, 219]
[140, 196, 49]
[92, 317]
[395, 45, 30, 272]
[181, 123, 57, 151, 171]
[65, 84]
[318, 123, 57, 4, 51]
[16, 181, 123, 57, 36, 51]
[57, 4, 218]
[122, 123, 57, 151, 171]
[240, 16, 123, 57, 217, 171, 231, 135, 219]
[129, 271]
[211, 226]
[395, 45, 38, 263, 145]
[9, 105]
[122, 123, 57, 36]
[240, 241]
[197, 32, 55, 95, 302, 105]
[82, 83]
[177, 98]
[208, 7]
[397, 12, 46]
[66, 67]
[123, 57, 36, 51]
[240, 16, 181, 123, 57, 36, 51]
[304, 266]
[342, 159]
[68, 108, 30]
[169, 211, 226]
[194, 71]
[122, 123, 57, 4, 241, 218]
[139, 85]
[153, 9]
[154, 12]
[139, 297, 15]
[169, 211, 27]
[229, 117]
[156, 134]
[122, 123, 57, 217]
[16, 181, 123, 57, 151, 171, 231]
[391, 303]
[16, 181, 123, 57, 151, 171, 231, 50]
[16, 181, 123, 57, 151, 171, 231, 135, 219]
[231, 135, 219, 127]
[318, 123, 57, 151, 171, 231, 50]
[66, 25, 311, 71]
[181, 123, 57, 4, 51]
[123, 57, 4, 241, 218]
[240, 16, 123, 230]
[32, 55, 95, 82]
[237, 232, 233]
[57, 36, 51]
[16, 123, 57, 4, 183]
[122, 123, 57, 4, 218]
[339, 356]
[68, 108, 30, 91]
[197, 32, 177, 97, 98]
[235, 236]
[16, 181, 123, 57, 151, 5]
[40, 353]
[240, 16, 181, 123, 57, 151, 171, 231]
[240, 16, 123, 57, 36, 37]
[240, 16, 123, 57, 217, 171, 231, 50]
[211, 377]
[181, 123, 166, 199, 51]
[128, 35]
[318, 123, 57, 4, 5]
[108, 187]
[16, 123, 57, 151, 171, 231]
[2, 3]
[77, 237]
[264, 265, 106, 309]
[16, 181, 123, 57, 217, 171, 231, 50, 288]
[374, 9, 105]
[241, 5]
[140, 262, 121]
[169, 211, 377]
[395, 45, 38, 263]
[264, 265, 106, 309, 107]
[66, 25, 311]
[240, 16, 123, 57, 4, 5]
[397, 12, 150]
[240, 16, 123]
[16, 181, 123, 57, 151, 171]
[318, 123, 57, 151, 171, 231, 135, 219]
[16, 181, 123, 57, 217]
[123, 57, 4]
[141, 142]
[240, 16, 123, 57, 151, 171, 51]
[29, 30]
[208, 52]
[123, 166, 199, 51]
[32, 55, 95, 302]
[216, 56]
[42, 43]
[240, 16, 123, 57, 151, 171, 231, 135, 219, 127]
[123, 57, 151, 171, 231]
[135, 219, 127]
[343, 187, 107]
[240, 16, 123, 57, 217, 171, 231]
[111, 251]
[412, 413]
[240, 16, 181, 123, 57, 36]
[151, 5]
[395, 45, 38, 284]
[16, 123, 57, 4, 51]
[40, 222]
[67, 215, 71]
[240, 16, 181, 123, 57, 217, 295]
[416, 216, 12, 13]
[318, 123, 57, 36]
[16, 123, 57, 217, 171, 231, 50, 51]
[63, 65, 348]
[169, 170]
[138, 107]
[318, 123, 166, 199, 51]
[151, 171]
[276, 187]
[92, 407]
[303, 304]
[240, 16, 123, 57, 4, 241]
[289, 9]
[318, 123, 57, 151, 171]
[286, 85]
[48, 168]
[151, 171, 231, 50, 51]
[318, 123, 57, 4]
[76, 207]
[57, 4, 241, 5]
[197, 32, 258]
[382, 118, 268]
[276, 277]
[16, 181, 123, 57, 36, 37]
[122, 123, 166, 199, 51]
[240, 16, 181]
[287, 194]
[293, 294]
[54, 96]
[128, 96]
[343, 187]
[16, 181, 123, 57, 4, 241, 218]
[27, 308]
[123, 57, 151, 155]
[99, 100, 279]
[16, 181, 123, 230]
[266, 357]
[240, 16, 181, 123, 57, 151, 171, 231, 50, 288]
[55, 56]
[16, 394]
[117, 146]
[240, 16, 123, 57, 151, 171, 231, 135, 219]
[4, 218]
[31, 13]
[242, 15]
[16, 123, 57, 217, 218]
[240, 16, 181, 123, 57, 151]
[416, 216, 12, 150]
[57, 217, 171, 231, 50]
[123, 57, 217, 295]
[57, 151]
[181, 123, 57]
[45, 30, 272]
[66, 25]
[16, 181, 123, 57, 4, 5]
[25, 311, 71]
[396, 225, 23, 336]
[157, 49]
[171, 51]
[16, 181, 123, 166]
[208, 209]
[267, 268]
[103, 104]
[123, 57, 217, 171, 231, 50, 51]
[63, 65, 244, 71]
[151, 171, 231]
[256, 96]
[204, 205]
[32, 177, 98]
[178, 179]
[216, 12, 400]
[23, 24, 309]
[63, 254]
[181, 123, 57, 217, 171, 51]
[154, 87, 167]
[181, 123, 57, 151, 155]
[181, 123, 57, 151, 171, 231, 135]
[118, 268]
[23, 54, 96]
[16, 181, 123, 57, 217, 171, 51]
[122, 123, 57, 151, 155]
[370, 209, 239]
[25, 26]
[86, 87, 167]
[217, 171, 231, 135]
[298, 215, 71]
[77, 237, 232, 233]
[45, 38, 39]
[318, 123, 57, 4, 241]
[329, 27, 308]
[0, 1]
[240, 16, 123, 57, 217, 171, 231, 135, 51]
[45, 30, 383]
[240, 16, 181, 123, 57, 151, 155]
[114, 131]
[4, 241, 218]
[57, 217, 171, 231]
[110, 245]
[16, 123, 57, 217, 171, 231, 135, 219, 127]
[32, 177, 97]
[318, 123, 57, 151, 171, 231]
[219, 127]
[63, 157, 49]
[228, 80]
[318, 123, 57, 217, 171, 231, 50]
[192, 193]
[55, 95, 82]
[154, 175, 350]
[99, 279]
[122, 123, 57, 217, 171, 231, 135, 219, 127]
[297, 20]
[318, 123, 57]
[395, 45, 30, 383]
[396, 225, 309, 107]
[240, 241, 218]
[57, 151, 171, 231, 50, 51]
[16, 123, 57, 217, 171, 231, 135, 219]
[0, 9, 105]
[318, 123, 57, 4, 241, 5]
[65, 244, 71]
[318, 123, 57, 151, 171, 231, 135, 219, 127]
[123, 57, 4, 218]
[231, 135]
[74, 114, 79, 80]
[197, 32, 177, 97]
[202, 15]
[264, 265, 106, 107]
[319, 320]
[45, 30]
[122, 123, 57, 217, 295]
[108, 210, 294]
[328, 9, 105]
[231, 50, 51]
[16, 123, 57, 151, 171, 231, 50, 51]
[45, 330]
[240, 16, 181, 123, 57, 4, 218]
[58, 150]
[314, 315]
[122, 123, 57, 4]
[285, 274]
[48, 255]
[171, 231]
[208, 52, 242]
[197, 32, 177, 98]
[240, 16, 123, 57, 4, 51]
[240, 16, 123, 57, 151, 171, 231, 135]
[58, 59, 158, 9, 105]
[99, 100]
[395, 45, 330]
[240, 16, 123, 57]
[57, 217, 171, 231, 135, 51]
[120, 121]
[122, 123, 57, 151, 171, 231, 135, 51]
[265, 106]
[57, 217, 218]
[208, 52, 53]
[45, 293, 294]
[151, 171, 51]
[40, 41]
[108, 210]
[189, 190]
[416, 216, 12, 191]
[32, 55, 95]
[16, 123, 57, 4, 241, 5]
[16, 123, 283]
[318, 123, 57, 151, 171, 51]
[38, 168]
[8, 9]
[227, 196, 49]
[197, 32, 177]
[202, 325]
[208, 157, 49]
[380, 381]
[382, 118, 119]
[217, 171, 231, 50]
[30, 91]
[32, 55, 56]
[123, 57, 151, 171, 231, 135, 51]
[72, 73]
[184, 176]
[48, 49]
[208, 276, 322, 323]
[122, 123, 57, 151, 171, 231]
[337, 350]
[45, 38, 263]
[396, 225, 23, 54]
[147, 148]
[63, 65, 84]
[291, 292]
[122, 123, 57, 4, 183]
[67, 215, 15]
[68, 108, 30, 272]
[396, 225, 23, 24, 309, 107]
[114, 131, 132]
[311, 71]
[23, 24, 309, 107]
[240, 16, 123, 57, 217, 218]
[16, 181, 123, 57]
[151, 171, 231, 135, 219]
[139, 357]
[92, 93]
[329, 27]
[4, 241, 5]
[67, 274]
[57, 151, 171, 231, 50, 288]
[84, 85]
[240, 16, 181, 123, 57, 151, 171, 231, 50]
[163, 164, 80]
[45, 38, 284]
[240, 16, 181, 123, 57, 217, 218]
[122, 123, 166]
[154, 12, 400]
[63, 214]
[23, 54, 309, 107]
[111, 251, 49]
[223, 51]
[14, 275]
[152, 150]
[154, 12, 46]
[240, 16, 181, 123, 57, 151, 171]
[77, 237, 232]
[95, 302]
[57, 151, 171, 231, 135, 219, 127]
[16, 123, 57, 217, 171, 51]
[24, 309, 107]
[395, 45]
[68, 108, 30, 383]
[252, 253]
[216, 175]
[385, 386]
[416, 97]
[68, 69]
[118, 119]
[181, 123, 57, 36, 37]
[65, 299]
[216, 12, 344]
[240, 16, 181, 123]
[126, 127]
[106, 309]
[45, 30, 91]
[131, 132]
[123, 283]
[326, 290, 80]
[57, 151, 155]
[68, 108]
[240, 16, 123, 57, 151, 171, 231]
[23, 336]
[318, 123, 57, 4, 183]
[212, 333]
[240, 16, 181, 123, 57, 217, 171, 231, 50, 51]
[177, 369]
[217, 171, 231, 50, 288]
[318, 123, 57, 217, 171, 231, 135, 219]
[66, 67, 215, 71]
[108, 30, 91]
[173, 393]
[30, 272]
[57, 217, 171]
[59, 158]
[123, 57, 217]
[122, 123, 57, 4, 51]
[240, 16, 123, 166, 199]
[122, 123, 57, 151, 171, 231, 50, 51]
[416, 216, 12, 305]
[12, 13]
[267, 71]
[208, 52, 198]
[216, 12, 13]
[240, 16, 181, 123, 57, 217, 171, 231, 135]
[113, 337]
[198, 15]
[265, 106, 309]
[16, 123, 57, 151, 171, 51]
[12, 344]
[122, 123, 230]
[16, 181, 123, 57, 4, 241]
[45, 38]
[181, 123, 57, 4, 241, 218]
[163, 164]
[181, 123, 57, 217, 171, 231, 135, 51]
[173, 174]
[45, 293, 132]
[32, 55]
[123, 57, 36, 37]
[4, 51]
[240, 16, 181, 123, 57, 36, 37]
[180, 72, 73]
[149, 387]
[88, 89]
[16, 181, 182]
[354, 207]
[38, 255]
[181, 182]
[123, 57, 217, 171, 231, 50, 288]
[351, 352]
[16, 123, 57, 217, 171, 231, 135]
[23, 54]
[36, 37]
[240, 16, 181, 123, 57, 217, 171, 231, 135, 219, 127]
[52, 53]
[314, 344]
[30, 294]
[240, 16, 123, 57, 151, 171, 231, 50, 51]
[278, 117]
[318, 123]
[74, 114, 79]
[69, 273]
[57, 4, 183]
[68, 108, 30, 294]
[181, 123, 57, 217, 295]
[375, 376]
[181, 123, 57, 151, 171, 231, 50, 288]
[181, 123, 57, 217, 171, 231, 135, 219]
[265, 106, 309, 107]
[122, 123, 57]
[276, 322, 323]
[16, 181, 123, 57, 151, 171, 51]
[45, 30, 294]
[124, 125]
[397, 12, 81]
[116, 117]
[181, 123, 57, 151, 171, 231, 50]
[32, 33]
[52, 198, 15]
[123, 57, 217, 171, 231]
[416, 216, 12, 81]
[347, 81]
[16, 181, 123, 166, 199, 51]
[177, 97, 98]
[181, 123, 57, 36]
[248, 283]
[16, 17]
[52, 242, 15]
[135, 51]
[59, 158, 9, 105]
[240, 16, 181, 123, 57, 4, 241]
[57, 151, 171, 231, 135, 219]
[74, 114, 131, 132]
[63, 7]
[143, 102]
[58, 59, 158, 9]
[240, 16, 123, 57, 151, 171, 231, 135, 51]
[298, 215, 15]
[25, 311]
[54, 23, 24]
[68, 108, 210, 294]
[122, 123, 57, 217, 171, 231, 135, 219]
[123, 57, 4, 241]
[240, 16, 181, 123, 57, 217]
[217, 171, 231]
[278, 117, 146]
[61, 62]
[16, 181, 123, 57, 217, 171]
[92, 392]
[181, 123, 57, 217, 171, 231, 50]
[29, 30, 91]
[137, 243]
[16, 181, 123, 57, 4, 51]
[122, 123, 57, 217, 171, 231, 50, 288]
[216, 12, 46, 47]
[238, 239]
[395, 45, 30, 91]
[396, 225, 23]
[16, 181, 123, 57, 217, 171, 231, 50, 51]
[140, 120]
[240, 16, 123, 57, 217, 171, 231, 50, 288]
[92, 21, 22]
[163, 196, 49]
[171, 231, 50, 288]
[4, 241]
[216, 12]
[318, 123, 57, 217, 171, 231]
[30, 383]
[328, 9]
[181, 123, 57, 4, 241]
[140, 121]
[264, 265]
[27, 28]
[397, 12, 191]
[208, 276]
[365, 366]
[6, 7]
[92, 390]
[208, 276, 187, 107]
[216, 175, 350]
[240, 16, 17]
[240, 16, 181, 123, 57, 217, 171, 231, 135, 51]
[396, 225, 23, 160]
[165, 56]
[238, 411]
[74, 114, 131]
[87, 167]
[122, 123, 57, 217, 171, 231, 135]
[225, 23, 336]
[36, 51]
[240, 16, 123, 57, 217, 171]
[318, 123, 57, 217, 171]
[240, 16, 181, 182]
[276, 187, 107]
[16, 123, 57, 151, 155]
[16, 123, 57, 217]
[65, 84, 85]
[318, 123, 57, 217, 171, 51]
[304, 15]
[54, 23]
[65, 244, 15]
[416, 216, 175, 350]
[166, 199, 51]
[54, 23, 336]
[265, 106, 107]
[240, 16, 123, 166, 199, 51]
[362, 363]
[240, 16, 123, 283]
[416, 216, 12, 344]
[109, 51]
[217, 171]
[289, 107]
[151, 171, 231, 135, 51]
[181, 123, 57, 151, 171, 51]
[108, 90, 91]
[196, 49]
[161, 162]
[140, 367]
[240, 16, 181, 123, 57, 4]
[63, 65, 244]
[16, 181, 123, 57, 151, 171, 231, 135, 51]
[63, 254, 168]
[371, 372]
[397, 12, 305]
[4, 5]
[16, 181, 123, 57, 36]
[240, 16, 123, 57, 4, 183]
[265, 81]
[74, 114]
[287, 194, 195]
[395, 45, 293, 294]
[171, 231, 50]
[125, 107]
[154, 150]
[254, 168]
[225, 23, 24]
[391, 303, 304, 266, 357]
[151, 155]
[181, 123, 57, 4, 241, 5]
[29, 176]
[136, 137]
[153, 9, 105]
[123, 57, 217, 171, 231, 135, 219]
[16, 123, 57, 217, 171]
[144, 145]
[154, 175]
[211, 27]
[68, 108, 90, 91]
[318, 123, 57, 151, 155]
[16, 181, 123, 57, 151, 155]
[139, 266]
[65, 348]
[154, 12, 81]
[14, 323]
[68, 108, 90]
[318, 123, 57, 151]
[396, 225, 23, 24, 309]
[65, 348, 85]
[66, 25, 26]
[225, 309]
[194, 156, 134]
[208, 276, 322]
[58, 9, 105]
[122, 123, 57, 217, 171, 231]
[397, 12, 13]
[65, 70]
[208, 52, 242, 15]
[188, 157]
[108, 30, 383]
[154, 269]
[210, 294]
[240, 16, 181, 123, 57, 151, 171, 231, 135, 219]
[270, 105]
[342, 71]
[16, 123, 57, 36]
[32, 177, 97, 98]
[106, 309, 107]
[140, 120, 121]
[240, 16, 394]
[267, 413]
[67, 215]
[287, 194, 159]
[173, 259]
[304, 266, 357]
[40, 384]
[16, 123, 57, 36, 37]
[181, 123, 57, 217]
[54, 107]
[63, 65, 70, 71]
[175, 350]
[181, 123]
[46, 47]
[171, 231, 135]
[241, 218]
[293, 132]
[395, 45, 38, 255]
[140, 196]
[318, 123, 57, 217, 171, 231, 50, 51]
[122, 123]
[251, 49]
[12, 305]
[16, 181, 123, 57, 217, 171, 231, 135]
[318, 123, 166]
[114, 79, 80]
[240, 16, 123, 57, 217, 171, 51]
[331, 134]
[227, 228]
[181, 123, 57, 151, 5]
[217, 171, 51]
[240, 16, 181, 123, 57, 4, 5]
[108, 30, 272]
[74, 114, 172]
[86, 87]
[169, 211, 27, 308]
[208, 209, 239]
[225, 23, 54, 309]
[318, 123, 57, 36, 51]
[123, 57, 151, 171, 231, 50]
[122, 123, 57, 151, 171, 231, 135, 219, 127]
[124, 125, 107]
[240, 16, 181, 123, 57, 151, 171, 231, 135, 219, 127]
[232, 233]
[74, 75]
[77, 247]
[90, 91]
[66, 67, 274]
[16, 123]
[136, 137, 243]
[58, 59]
[23, 160]
[122, 123, 57, 217, 218]
[395, 45, 38, 168]
[368, 104]
[32, 258]
[57, 217, 171, 51]
[123, 57, 217, 218]
[405, 406]
[216, 12, 191]
[287, 194, 71]
[133, 134]
[321, 83]
[16, 181, 123, 57, 4, 241, 5]
[138, 124, 125]
[122, 123, 57, 151, 171, 231, 135]
[258, 345]
[21, 22]
[181, 123, 166]
[16, 123, 57, 151, 171]
[68, 108, 210]
[66, 67, 215, 15]
[197, 32, 55, 95]
[358, 359]
[122, 123, 57, 151, 171, 51]
[361, 3]
[181, 123, 57, 36, 51]
[16, 181, 123]
[416, 216, 175]
[57, 4, 51]
[16, 181, 123, 57, 151, 171, 231, 135, 219, 127]
[216, 12, 81]
[240, 16, 123, 57, 151, 155]
[318, 123, 57, 151, 5]
[248, 249]
[297, 15]
[151, 171, 231, 135]
[181, 123, 57, 217, 218]
[12, 81]
[237, 232]
[16, 123, 166, 199, 51]
[240, 16, 181, 123, 57, 217, 171, 231, 50]
[16, 123, 57, 151, 171, 231, 50]
[235, 222]
[16, 181, 123, 57, 217, 218]
[101, 102]
[140, 262]
[318, 123, 57, 151, 171, 231, 50, 288]
[318, 123, 230]
[16, 123, 57, 4, 241, 218]
[318, 123, 57, 217, 218]
[129, 130]
[318, 123, 57, 217, 171, 231, 135, 51]
[16, 123, 57, 217, 171, 231, 50, 288]
[166, 199]
[391, 303, 304, 15]
[152, 102]
[55, 95, 302, 105]
[123, 57, 217, 171, 231, 135, 219, 127]
[240, 16, 123, 57, 4, 241, 218]
[123, 57, 151]
[54, 105]
[240, 16, 181, 123, 57, 151, 171, 231, 135, 51]
[287, 194, 156]
[224, 349]
[12, 191]
[122, 123, 57, 217, 171, 231, 50]
[54, 23, 24, 309]
[158, 9, 105]
[225, 23]
[416, 216, 12, 46]
[12, 46]
[29, 30, 272]
[122, 123, 57, 217, 171]
[154, 12, 46, 47]
[395, 45, 38, 39]
[108, 30]
[16, 123, 57, 36, 51]
[63, 64]
[217, 218]
[95, 82, 83]
[216, 12, 305]
[240, 16, 181, 123, 57, 217, 171, 231, 50, 288]
[391, 303, 304, 373]
[50, 288]
[111, 112]
[169, 211]
[318, 123, 57, 36, 37]
[378, 379]
[186, 141]
[306, 307]
[397, 12, 344]
[158, 9]
[123, 57, 217, 171, 231, 135]
[115, 9]
[181, 123, 230]
[63, 65]
[339, 340]
[38, 263, 145]
[225, 23, 54, 105]
[197, 32, 55, 95, 302]
[318, 123, 57, 217, 171, 231, 135]
[60, 9]
[240, 16, 181, 123, 57, 217, 171]
[396, 225, 23, 324]
[16, 123, 57, 4, 218]
[215, 15]
[29, 30, 294]
[123, 57, 151, 171, 51]
[12, 46, 47]
[211, 27, 308]
[181, 123, 57, 217, 171]
[95, 302, 105]
[240, 16, 123, 57, 4]
[10, 11]
[398, 22]
[123, 57, 217, 171]
[332, 201]
[391, 303, 304, 266]
[122, 123, 57, 217, 171, 231, 135, 51]
[199, 51]
[240, 16, 181, 123, 230]
[154, 87]
[169, 211, 27, 28]
[16, 123, 57, 151]
[95, 82]
[197, 32, 55, 56]
[18, 15]
[240, 16, 123, 57, 4, 241, 5]
[240, 16, 123, 57, 217, 171, 231, 135]
[225, 23, 54, 107]
[63, 157]
[212, 213]
[188, 157, 49]
[138, 124, 125, 105]
[244, 71]
[289, 81]
[309, 107]
[106, 107]
[122, 123, 57, 4, 5]
[138, 187, 107]
[154, 12, 344]
[301, 302, 105]
[318, 123, 57, 4, 241, 218]
[16, 181, 123, 57, 4]
[122, 123, 57, 217, 171, 231, 50, 51]
[240, 16, 123, 57, 151, 171, 231, 50]
[57, 217, 171, 231, 50, 51]
[64, 280]
[128, 176]
[382, 71]
[181, 123, 57, 151, 171, 231]
[416, 216, 12, 46, 47]
[322, 323]
[63, 65, 84, 85]
[224, 21]
[63, 64, 280]
[23, 24]
[282, 168]
[382, 118]
[197, 32]
[16, 123, 57, 4]
[16, 181, 123, 57, 4, 183]
[57, 217, 171, 231, 135, 219, 127]
[108, 30, 294]
[55, 95, 302]
[67, 285, 274]
[240, 16, 181, 123, 57, 151, 171, 51]
[123, 230]
[240, 16]
[240, 16, 123, 57, 151, 171]
[240, 16, 181, 123, 57]
[396, 399, 81]
[217, 171, 231, 135, 219, 127]
[16, 181, 123, 57, 151, 171, 231, 50, 288]
[138, 124, 125, 107]
[57, 151, 171]
[57, 4, 241, 218]
[240, 16, 181, 123, 166]
[396, 225, 23, 54, 309]
[111, 112, 80]
[154, 12, 13]
[29, 30, 383]
[206, 207]
[318, 123, 57, 151, 171, 231, 135]
[38, 239]
[44, 9, 105]
[108, 210, 281]
[50, 51]
[289, 150]
[25, 311, 245]
[282, 255]
[12, 150]
[65, 70, 71]
[68, 108, 187]
[16, 123, 57]
[225, 23, 160]
[209, 239]
[264, 265, 106]
[68, 69, 273]
[303, 304, 266, 357]
[171, 231, 50, 51]
[24, 309]
[54, 23, 160]
[184, 185]
[181, 123, 57, 4, 218]
[99, 159]
[370, 209]
[52, 242]
[16, 181, 123, 57, 151, 171, 231, 50, 51]
[57, 151, 171, 231, 135]
[16, 181]
[123, 166]
[63, 214, 255]
[276, 322]
[68, 108, 187, 107]
[123, 57, 151, 171, 231, 135, 219, 127]
[416, 97, 98]
[154, 12, 305]
[240, 16, 123, 57, 217, 171, 231, 50, 51]
[240, 16, 181, 123, 57, 4, 241, 218]
[397, 12, 400]
[329, 27, 28]
[181, 123, 57, 151]
[123, 57, 151, 171, 231, 50, 288]
[396, 225, 23, 54, 309, 107]
[57, 217, 171, 231, 50, 288]
[16, 123, 57, 151, 171, 231, 135, 219]
[63, 65, 70, 15]
[180, 72]
[348, 85]
[240, 16, 123, 57, 151, 5]
[70, 15]
[395, 45, 293, 132]
[114, 79]
[231, 50]
[38, 263]
[240, 16, 123, 57, 151]
[16, 123, 57, 217, 171, 231, 50]
[231, 135, 51]
[122, 123, 57, 151, 171, 231, 50]
[395, 45, 38]
[181, 123, 57, 4, 183]
[395, 45, 293]
[396, 399]
[16, 181, 123, 57, 151, 171, 231, 135]
[79, 80]
[388, 389]
[414, 415]
[57, 151, 171, 231, 135, 51]
[225, 23, 54, 96]
[225, 309, 107]
[4, 183]
[123, 57, 4, 51]
[54, 23, 24, 309, 107]
[67, 285]
[63, 65, 299]
[151, 171, 231, 50, 288]
[240, 16, 181, 123, 57, 4, 183]
[224, 21, 22]
[0, 9]
[312, 316]
[63, 65, 70]
[54, 309, 107]
[123, 57, 4, 183]
[220, 221]
[194, 195]
[16, 181, 123, 57, 217, 295]
[23, 324]
[123, 166, 199]
[122, 123, 166, 199]
[154, 12, 191]
[240, 241, 5]
[326, 251]
[206, 7]
[361, 3, 257]
[397, 12, 46, 47]
[108, 90]
[123, 57]
[181, 123, 166, 199]
[122, 123, 57, 151]
[16, 123, 57, 217, 171, 231]
[171, 231, 135, 219, 127]
[181, 123, 57, 217, 171, 231, 135, 219, 127]
[240, 16, 123, 57, 4, 218]
[403, 404]
[114, 172]
[214, 255]
[128, 353]
[16, 181, 123, 57, 217, 171, 231]
[40, 35]
[138, 250]
[45, 38, 255]
[303, 304, 15]
[208, 276, 187]
[261, 51]
[32, 258, 345]
[123, 57, 4, 241, 5]
[217, 171, 231, 135, 219]
[395, 45, 30]
[181, 123, 57, 151, 171, 231, 135, 51]
[97, 98]
[112, 80]
[217, 171, 231, 135, 51]
[396, 225, 23, 54, 107]
[231, 50, 288]
[346, 221]
[16, 181, 123, 283]
[18, 207]
[227, 228, 80]
[216, 12, 46]
[282, 49]
[312, 313]
[58, 59, 158]
[240, 16, 181, 123, 57, 217, 171, 231]
[10, 246]
[16, 181, 123, 57, 151]
[23, 54, 309]
[123, 57, 217, 171, 231, 135, 51]
[19, 20]
[55, 95]
[65, 244]
[416, 216, 12, 400]
[208, 276, 185]
[77, 78]
[240, 16, 181, 123, 57, 4, 241, 5]
[260, 127]
[149, 221]
[138, 187]
[396, 225, 309]
[416, 216]
[45, 38, 168]
[135, 219]
[227, 196]
[32, 55, 95, 82, 83]
[3, 257]
[202, 203]
[240, 16, 123, 57, 36]
[171, 231, 135, 51]
[327, 96]
[8, 9, 105]
[110, 71]
[374, 9]
[234, 80]
[181, 123, 57, 151, 171, 231, 135, 219]
[396, 225, 23, 54, 105]
[2, 3, 257]
[240, 16, 181, 123, 166, 199]
[360, 207]
[240, 16, 123, 57, 151, 171, 231, 50, 288]
[208, 276, 277]
[396, 225, 23, 54, 96]
[395, 45, 38, 239]
[122, 123, 57, 4, 241]
[300, 96]
[45, 293]
[318, 123, 57, 217, 171, 231, 135, 219, 127]
[16, 123, 57, 4, 5]
[187, 107]
[57, 151, 171, 231]
[263, 145]
[197, 32, 33]
[23, 54, 105]
[225, 107]
[208, 157]
[52, 198]
[65, 70, 15]
[60, 9, 105]
[54, 309]
[55, 95, 82, 83]
[225, 23, 24, 309]
[326, 251, 49]
[240, 16, 123, 57, 217, 171, 231, 135, 219, 127]
[16, 181, 123, 57, 217, 171, 231, 135, 219, 127]
[57, 217]
[115, 9, 105]
[318, 123, 166, 199]
[197, 32, 55, 95, 82]
[68, 108, 210, 281]
[57, 217, 295]
[163, 196]
[298, 215]
[32, 177, 369]
[57, 36]
[63, 65, 244, 15]
[181, 123, 57, 217, 171, 231, 135]
[16, 181, 123, 166, 199]
[161, 162, 80]
[16, 123, 166, 199]
[108, 187, 107]
[16, 123, 57, 217, 295]
[139, 266, 357]
[181, 123, 57, 217, 171, 231, 50, 288]
[262, 121]
[57, 151, 171, 231, 50]
[139, 297, 20]
[181, 123, 57, 217, 171, 231]
[290, 80]
[217, 295]
[197, 32, 55]
[57, 4, 5]
[123, 57, 151, 171, 231, 135]
[40, 187, 107]
[139, 297]
[197, 32, 258, 345]
[215, 71]
[128, 222]
[16, 123, 230]
[181, 123, 57, 4]
[244, 15]
[289, 9, 105]
[318, 123, 57, 217, 295]
[240, 16, 181, 123, 57, 151, 171, 231, 50, 51]
[391, 303, 304]
[16, 181, 123, 57, 217, 171, 231, 135, 51]
[122, 123, 57, 4, 241, 5]
[240, 16, 181, 123, 57, 217, 171, 231, 135, 219]
[396, 225, 23, 24]
[396, 225]
[318, 123, 57, 151, 171, 231, 50, 51]
[100, 279]
[240, 16, 181, 123, 166, 199, 51]
[200, 201]
[181, 123, 57, 217, 171, 231, 50, 51]
[311, 245]
[301, 302]
[225, 23, 324]
[138, 124]
[58, 9]
[122, 123, 57, 36, 37]
[302, 105]
[12, 400]
[32, 177]
[416, 216, 12]
[40, 187]
[14, 15]
[59, 158, 9]
[240, 16, 181, 123, 57, 4, 51]
[66, 67, 215]
[194, 156]
[326, 290]
[38, 284]
[123, 57, 217, 171, 231, 50]
[303, 304, 373]
[229, 117, 146]
[16, 123, 57, 4, 241]
[124, 125, 105]
[54, 23, 324]
[113, 13]
[63, 65, 348, 85]
[16, 123, 57, 151, 171, 231, 135]
[16, 181, 123, 57, 217, 171, 231, 50]
[16, 123, 57, 151, 171, 231, 135, 51]
[18, 134]
[45, 38, 239]
[57, 4]
[408, 245]
[10, 338]
[151, 171, 231, 135, 219, 127]
[171, 231, 135, 219]
[318, 123, 283]
[19, 159]
[240, 16, 181, 123, 57, 151, 171, 231, 135]
[57, 4, 241]
[122, 123, 57, 151, 171, 231, 50, 288]
[92, 21]
[57, 151, 5]
[197, 32, 55, 95, 82, 83]
[208, 52, 198, 15]
[181, 123, 57, 151, 171, 231, 135, 219, 127]
[123, 57, 217, 171, 51]
[122, 123, 283]
[240, 16, 123, 57, 36, 51]
[44, 9]
[264, 265, 81]
[16, 123, 57, 151, 5]
[45, 38, 263, 145]
[123, 57, 151, 171, 231, 135, 219]
[240, 16, 123, 57, 217, 295]
[123, 57, 4, 5]
[23, 54, 107]
[32, 55, 95, 302, 105]
[57, 36, 37]
[57, 217, 171, 231, 135, 219]
[318, 123, 57, 4, 218]
[186, 141, 142]
[149, 150]
[310, 245]
[66, 67, 285, 274]
[296, 20]
[194, 159]
[396, 225, 107]
[303, 304, 266]
[401, 402]
[34, 35]
[216, 12, 150]
[58, 94]
[181, 123, 57, 4, 5]
[116, 117, 146]
[16, 123, 57, 151, 171, 231, 135, 219, 127]
[122, 123, 57, 151, 5]
[162, 80]
[66, 25, 311, 245]
[154, 12, 150]
[341, 41]
[16, 123, 166]
