[301, 85]
[72, 121, 211]
[186, 223]
[43, 211]
[448, 242, 198, 384]
[72, 121]
[409, 410]
[448, 242, 14, 337]
[18, 140, 60, 243, 194, 262, 53]
[261, 36, 135]
[205, 140, 60, 171, 194, 262, 53, 54]
[243, 194, 262, 53]
[98, 254]
[0, 162, 70]
[60, 243, 194, 262, 151, 245, 144]
[131, 149, 150]
[103, 250]
[48, 32, 307]
[48, 32, 416]
[441, 278]
[349, 140, 60, 171]
[18, 205, 140, 60, 243, 194, 262, 151]
[18, 205, 140, 259]
[105, 106, 176]
[276, 277, 17]
[27, 145, 75]
[205, 140, 60, 6, 271]
[14, 216]
[72, 73, 308]
[18, 205, 140, 60, 39]
[258, 134]
[385, 14, 49, 50]
[130, 15]
[102, 103, 250]
[130, 372]
[70, 71]
[191, 238, 29]
[350, 351]
[78, 79]
[335, 336, 17]
[359, 285]
[6, 244]
[260, 261, 36, 135]
[94, 95]
[154, 211]
[224, 225]
[428, 48, 364]
[55, 272]
[205, 140, 60, 243, 194, 262, 151, 245]
[448, 242]
[270, 18, 140, 60, 171, 194, 262, 151, 245, 144]
[18, 205, 140, 60, 171, 194, 262, 151, 245, 144]
[139, 140, 186]
[349, 140, 186]
[140, 60, 6, 271, 244]
[270, 18, 205, 140, 60, 39]
[349, 140, 60, 243, 194, 262]
[174, 198, 384]
[60, 243, 194]
[99, 23]
[41, 317]
[172, 170]
[302, 124]
[270, 18, 140, 60, 171, 194]
[121, 32]
[140, 60]
[73, 308]
[139, 140, 60, 6, 54]
[18, 205, 140, 60, 6, 271, 7]
[66, 67]
[139, 140, 60, 243, 194, 262, 53]
[243, 326]
[114, 115]
[270, 18, 140, 60, 243]
[376, 44]
[235, 213]
[349, 140, 60, 6, 271, 244]
[205, 140, 60, 243, 194, 54]
[140, 60, 243, 194]
[235, 162, 70, 71]
[25, 57, 118]
[418, 419]
[330, 241, 75]
[140, 186]
[270, 18, 205, 140, 60, 6, 271, 244]
[276, 382]
[34, 292]
[205, 140, 60, 6]
[256, 257]
[139, 140, 60, 171, 194, 262]
[43, 388]
[205, 140, 60, 6, 271, 244]
[270, 18, 140, 60, 171, 194, 262, 151, 54]
[34, 58, 104, 334]
[81, 268, 263]
[140, 60, 243]
[349, 140, 60, 171, 7]
[270, 18, 205, 140, 60, 243, 194, 262, 53]
[238, 29]
[428, 48, 41, 190]
[154, 120]
[188, 189]
[235, 236]
[251, 25, 357]
[99, 348]
[270, 18, 140, 60, 6, 54]
[105, 106, 179]
[158, 298]
[60, 171, 194]
[110, 213, 52]
[424, 335, 336, 17]
[182, 84]
[336, 303, 392]
[2, 3]
[270, 18, 205, 140, 186]
[429, 251]
[349, 140]
[332, 107]
[349, 140, 60, 243, 194, 54]
[361, 107]
[18, 205, 140, 60, 243, 194, 262]
[430, 14, 216]
[270, 18, 140, 60, 243, 194]
[18, 140, 60, 6, 244]
[305, 118]
[125, 126]
[166, 106, 176, 177]
[146, 38]
[72, 121, 237]
[228, 62]
[335, 336, 295]
[48, 324]
[141, 142]
[29, 30]
[18, 140, 60, 171, 194, 262, 151, 245, 144]
[140, 60, 171, 194]
[266, 267]
[61, 170]
[196, 293]
[235, 162, 356, 254]
[242, 14, 216]
[270, 18, 140, 60, 171, 194, 262, 151]
[412, 413]
[282, 283]
[104, 86, 87]
[18, 140, 60, 243, 194, 54]
[243, 194, 54]
[334, 118]
[242, 14, 433]
[72, 121, 32]
[169, 170]
[249, 390]
[57, 25, 357]
[60, 171, 194, 262]
[320, 170]
[106, 179]
[139, 140, 60, 243, 194, 262, 151]
[241, 75]
[83, 84]
[18, 140]
[140, 60, 6, 207]
[58, 104, 334, 118]
[303, 392]
[428, 48, 32, 325]
[336, 295]
[432, 85]
[276, 277]
[242, 14]
[270, 18, 205, 140, 60, 171, 194, 262, 151, 245, 144]
[139, 140, 60, 171, 7]
[34, 58, 104, 334, 118]
[166, 261, 75]
[1, 36]
[262, 151, 245]
[68, 27]
[300, 301, 119, 341, 120]
[270, 18, 205, 206]
[270, 18, 140, 60, 171, 194, 262]
[445, 120]
[270, 18, 140, 60, 171]
[335, 336, 303, 392]
[53, 54]
[386, 387]
[34, 58, 59]
[55, 56]
[60, 243, 326]
[270, 18, 205, 140, 60, 171, 194, 262, 151, 54]
[60, 243, 194, 262, 151, 54]
[106, 176, 177]
[349, 140, 60, 39, 54]
[158, 220, 52]
[183, 184]
[6, 54]
[205, 140, 60, 243, 194, 262, 53, 54]
[140, 60, 243, 194, 262, 53, 319]
[0, 162, 356]
[349, 140, 60, 243, 244]
[105, 276, 277, 75]
[140, 186, 223, 54]
[270, 18, 205, 140, 60, 243, 194, 54]
[228, 62, 178, 11, 118]
[424, 335, 336, 303, 392]
[208, 209]
[270, 18, 205, 140, 316]
[266, 247]
[121, 237, 325]
[18, 140, 60]
[48, 41, 299, 164]
[131, 83]
[166, 261, 36, 234]
[43, 44]
[1, 36, 135]
[146, 107]
[105, 276, 90]
[139, 140, 60, 243, 194, 262, 53, 54]
[68, 69, 241]
[394, 232]
[25, 26]
[205, 140, 186]
[121, 96]
[130, 372, 384]
[48, 41, 42]
[327, 233, 234]
[48, 32, 325]
[152, 153, 273]
[251, 25, 180]
[78, 131, 149]
[125, 120]
[0, 1]
[221, 34, 200, 108, 109]
[431, 24]
[276, 74, 75]
[242, 14, 15]
[6, 271, 7]
[18, 205, 140, 60, 243, 194, 262, 53, 54]
[25, 180]
[105, 106, 75]
[276, 277, 75]
[424, 335, 336]
[428, 48, 32]
[139, 140, 60, 171, 194, 262, 53]
[270, 18, 140, 316]
[214, 215]
[396, 397]
[48, 41, 289]
[58, 104, 334]
[105, 276, 74, 75]
[280, 101]
[221, 34, 58, 59]
[270, 18, 205, 140, 60, 171, 194, 262, 53]
[270, 18, 140, 60, 171, 194, 262, 53, 319]
[194, 54]
[243, 194, 262, 151, 245, 144]
[139, 140, 60, 171]
[205, 140, 60, 6, 207]
[327, 233]
[57, 25, 26]
[205, 140, 60, 39, 40]
[270, 18, 140, 60, 39, 54]
[14, 170]
[57, 25, 371]
[147, 306]
[162, 211]
[167, 168]
[18, 205, 140, 60, 6, 207]
[171, 194, 262]
[242, 59]
[18, 205, 140, 60, 243, 194, 262, 151, 54]
[69, 309]
[171, 7]
[243, 194]
[161, 115]
[324, 325]
[349, 140, 60, 171, 194, 262, 53, 319]
[18, 205, 140, 60, 39, 40]
[140, 60, 243, 194, 262, 151]
[48, 364]
[60, 171, 175]
[140, 60, 39, 40]
[251, 341, 120]
[430, 14, 170]
[174, 14, 49]
[270, 18, 205, 140, 60, 171, 194, 262]
[205, 140, 60, 243, 326]
[286, 287]
[311, 134, 165]
[99, 100]
[292, 380]
[258, 134, 165]
[68, 69, 318, 309]
[60, 171, 194, 262, 151, 245, 144]
[176, 177]
[41, 204]
[140, 60, 243, 244]
[251, 25, 26]
[105, 276, 331]
[34, 58, 104, 86, 87]
[260, 261, 36]
[57, 25, 26, 341, 120]
[18, 205, 206]
[205, 140, 60, 243, 194, 262, 151]
[205, 140, 60, 171, 194]
[221, 34, 58, 104]
[63, 11]
[60, 243, 194, 54]
[429, 432]
[62, 178]
[139, 140, 60, 6, 244]
[174, 14, 170]
[378, 211]
[18, 140, 60, 243, 194, 262, 151, 54]
[349, 140, 60, 6, 54]
[18, 140, 60, 171, 194, 262, 151, 54]
[243, 194, 262, 151]
[0, 1, 36, 234]
[64, 65]
[8, 9]
[262, 151]
[34, 292, 380]
[139, 140, 60, 39, 40]
[68, 69, 241, 75]
[64, 65, 36, 135]
[338, 339]
[72, 73]
[18, 205, 140, 60, 171, 194, 262, 151]
[221, 34, 200, 109]
[270, 18, 205, 140, 186, 223, 54]
[147, 148]
[212, 352]
[157, 392]
[171, 194, 262, 53, 54]
[349, 140, 60, 171, 194, 262, 151, 245, 144]
[151, 245, 144]
[335, 336, 303]
[374, 391]
[429, 251, 25, 180]
[171, 194, 262, 53]
[12, 279]
[238, 29, 340]
[36, 234]
[105, 106]
[121, 211, 120]
[155, 156]
[223, 54]
[221, 34, 200, 108]
[92, 93]
[57, 25, 180]
[60, 6, 271]
[121, 211]
[105, 106, 219]
[122, 54]
[105, 276, 277]
[178, 11, 118]
[18, 140, 60, 39, 54]
[139, 140, 60, 6, 207]
[270, 18, 205, 140, 60, 243, 194, 262, 151]
[270, 18, 205, 140, 259]
[435, 436]
[18, 140, 60, 243, 194, 262, 151, 245, 144]
[69, 318, 309]
[20, 177]
[251, 25, 371]
[243, 194, 262, 151, 245]
[205, 140, 60, 171, 175]
[14, 85]
[18, 140, 60, 243, 194, 262, 151, 245]
[429, 251, 25, 57, 341]
[25, 371]
[18, 205, 140, 60, 171, 194, 262, 53, 319]
[76, 77]
[68, 69]
[140, 60, 171]
[333, 334]
[18, 205, 140, 60, 6]
[270, 18, 205, 140, 60, 243, 194, 262, 151, 245]
[18, 140, 60, 6]
[105, 276, 74]
[140, 60, 171, 194, 262, 151, 245]
[69, 241, 17]
[140, 60, 243, 194, 262, 53]
[18, 140, 186, 223]
[110, 9]
[121, 237]
[174, 14, 337]
[58, 104, 86]
[18, 140, 60, 243, 194, 262, 53, 319]
[200, 109]
[41, 289]
[139, 140, 60, 171, 194, 262, 151, 245]
[205, 140, 60, 171, 194, 262, 151, 54]
[34, 200, 108]
[270, 18, 205, 140, 60, 243, 244]
[157, 303, 392]
[113, 312]
[43, 417]
[18, 205, 140, 60, 6, 271, 244]
[55, 222]
[18, 140, 60, 171, 7]
[18, 205, 140, 60, 171, 194, 262]
[105, 276, 382, 91]
[233, 234]
[128, 285, 52]
[194, 262, 151]
[430, 14, 49]
[385, 14, 15]
[238, 252]
[61, 62, 178, 11]
[68, 98, 254]
[429, 251, 25, 26, 341, 120]
[18, 205, 140, 60, 171, 194, 262, 53, 54]
[65, 36, 135]
[12, 13]
[55, 272, 17]
[18, 205, 140, 186]
[270, 18, 205, 140, 60, 39, 40]
[151, 54]
[228, 62, 178, 11]
[0, 162, 70, 71]
[275, 360]
[300, 301, 85]
[270, 18, 205, 140, 60, 6, 207]
[437, 438]
[163, 164]
[181, 182, 84]
[242, 14, 49]
[349, 140, 60, 243, 194, 262, 53]
[110, 255]
[315, 52]
[395, 5]
[25, 26, 341, 120]
[88, 89]
[169, 420]
[105, 276, 382]
[18, 140, 60, 171]
[181, 182]
[185, 59]
[226, 227]
[428, 48, 41, 289]
[349, 140, 60, 171, 175]
[65, 36]
[203, 76]
[34, 58, 104]
[200, 108, 109]
[251, 25, 57, 107]
[270, 18, 140, 60, 171, 7]
[349, 140, 259]
[68, 27, 145, 75]
[80, 9]
[367, 368]
[205, 140, 186, 223]
[235, 162, 209]
[140, 60, 6, 244]
[320, 85]
[39, 54]
[200, 108]
[48, 32, 97]
[335, 336]
[171, 175]
[194, 262, 53, 54]
[34, 200, 109]
[72, 121, 237, 314]
[140, 60, 243, 194, 54]
[41, 299, 164]
[108, 109]
[329, 22]
[139, 140, 60, 243, 194, 262, 53, 319]
[238, 29, 30]
[276, 74]
[349, 140, 60, 171, 194, 262]
[68, 27, 145, 278]
[191, 238, 411]
[424, 335, 336, 295]
[162, 209]
[377, 179]
[349, 140, 60, 243, 194, 262, 151, 54]
[116, 117]
[260, 261, 75]
[26, 341, 120]
[343, 344]
[16, 17]
[251, 25, 57, 341, 120]
[243, 194, 262, 53, 54]
[151, 245]
[385, 14, 337]
[140, 60, 243, 326]
[446, 447]
[64, 65, 75]
[140, 60, 6, 54]
[251, 25, 26, 341]
[430, 14, 85]
[221, 34, 292]
[235, 55, 56]
[48, 41]
[203, 76, 77]
[60, 171]
[243, 194, 262, 151, 54]
[186, 223, 54]
[139, 140, 60, 243]
[81, 82]
[145, 278]
[61, 62]
[61, 62, 178]
[374, 375]
[18, 140, 60, 243]
[110, 255, 313]
[268, 263, 264]
[34, 200, 108, 109]
[270, 18, 140, 60]
[27, 145, 278]
[10, 11, 118]
[243, 194, 262]
[133, 134, 165]
[349, 140, 60, 39]
[174, 14, 49, 50]
[270, 18, 205, 140, 60, 171, 175]
[171, 194]
[251, 120]
[63, 11, 118]
[140, 60, 171, 194, 262, 151, 245, 144]
[270, 18, 140, 60, 243, 326]
[31, 32, 416]
[92, 93, 187]
[18, 140, 60, 171, 194, 262, 53, 54]
[31, 32, 307]
[0, 162, 211, 120]
[263, 264]
[106, 176]
[429, 251, 25]
[25, 357]
[167, 339]
[429, 251, 25, 57, 107]
[228, 62, 178]
[243, 244]
[253, 103]
[428, 48, 324]
[18, 205, 140, 60, 6, 271]
[205, 140, 60, 6, 244]
[270, 18, 140, 60, 6, 271]
[48, 324, 150]
[343, 347]
[27, 28]
[210, 159]
[430, 14, 433]
[110, 111, 289]
[57, 118]
[221, 34, 35]
[345, 346]
[57, 25]
[448, 242, 14, 49]
[6, 7]
[174, 93, 187]
[276, 90, 91]
[260, 261]
[18, 205, 140, 60, 6, 54]
[145, 75]
[395, 5, 291]
[140, 60, 171, 194, 262, 151, 54]
[41, 42]
[68, 69, 318]
[359, 285, 52]
[238, 411]
[353, 354]
[104, 86]
[220, 52]
[80, 232]
[139, 140, 60, 171, 194, 262, 53, 54]
[146, 388]
[221, 34, 58]
[31, 32, 325]
[105, 276, 277, 17]
[152, 153]
[349, 140, 60, 6, 244]
[60, 6, 271, 7]
[235, 162, 356]
[239, 366]
[349, 140, 60, 171, 194, 262, 151]
[270, 18, 205, 140, 60, 171, 194]
[105, 276, 90, 91]
[0, 162, 356, 254]
[68, 27, 28]
[301, 119]
[270, 18, 205]
[166, 106, 75]
[251, 341]
[430, 14, 49, 50]
[53, 319]
[60, 39, 40]
[72, 121, 32, 325]
[191, 238]
[205, 140, 60, 6, 271, 7]
[68, 69, 241, 17]
[173, 11, 118]
[162, 70]
[429, 251, 120]
[301, 119, 341, 120]
[96, 97]
[265, 84]
[48, 41, 190]
[174, 14, 379]
[242, 14, 85]
[174, 304]
[330, 241, 17]
[18, 140, 259]
[60, 243, 244]
[205, 140]
[448, 242, 14, 379]
[237, 325]
[226, 17]
[4, 5]
[429, 251, 341]
[18, 140, 60, 6, 271, 7]
[60, 6, 207]
[270, 18, 205, 140, 60, 6, 244]
[270, 18, 140, 60, 6, 271, 244]
[324, 150]
[14, 49]
[14, 433]
[298, 137]
[270, 18, 140, 186, 223]
[18, 140, 60, 39]
[78, 131]
[139, 140, 316]
[121, 96, 97]
[140, 259]
[205, 140, 316]
[270, 271]
[140, 60, 6, 7]
[349, 140, 60, 171, 194, 54]
[158, 136, 137]
[34, 58, 104, 86]
[136, 137]
[72, 121, 96]
[429, 251, 25, 26, 341]
[128, 129]
[157, 329, 22]
[242, 198, 384]
[198, 384]
[18, 205, 140, 186, 223]
[60, 6, 271, 244]
[270, 18, 140, 60, 243, 194, 54]
[18, 205, 140]
[154, 211, 120]
[158, 298, 137]
[178, 11]
[154, 284]
[242, 14, 379]
[365, 177]
[146, 247]
[300, 301]
[428, 48, 41, 299, 164]
[25, 57]
[239, 240]
[43, 247]
[205, 140, 60, 171]
[448, 242, 14, 216]
[72, 121, 211, 120]
[6, 271, 244]
[68, 27, 145]
[191, 238, 252]
[251, 25, 57, 120]
[205, 140, 60]
[274, 275]
[429, 251, 25, 57, 341, 120]
[166, 106, 219]
[25, 57, 107]
[99, 425]
[249, 23, 24]
[171, 194, 262, 151]
[139, 140, 186, 223, 54]
[270, 18, 427]
[300, 301, 119, 341]
[69, 241, 75]
[270, 18, 140, 60, 243, 194, 262, 53]
[14, 337]
[257, 84]
[404, 117]
[428, 48, 324, 325]
[169, 189]
[270, 18, 205, 140, 60, 243, 194, 262]
[270, 18, 140, 60, 243, 194, 262]
[251, 25]
[18, 205, 140, 60, 243, 326]
[385, 14, 379]
[157, 303]
[143, 144]
[18, 140, 186]
[300, 301, 119, 120]
[261, 36, 234]
[48, 41, 299]
[270, 18, 205, 140, 60, 171, 194, 262, 151, 245]
[86, 87]
[104, 334, 118]
[60, 171, 194, 262, 53, 54]
[429, 251, 25, 357]
[139, 140, 60, 243, 194, 262, 151, 245, 144]
[112, 312]
[132, 11, 118]
[272, 17]
[428, 48, 41, 204]
[64, 65, 36]
[205, 140, 60, 6, 54]
[349, 140, 60, 171, 194, 262, 53, 54]
[74, 75]
[389, 232]
[448, 242, 14, 433]
[90, 91]
[270, 271, 7]
[60, 39]
[18, 205, 140, 60]
[359, 321, 84]
[58, 59]
[270, 18, 205, 140, 60, 171, 194, 262, 53, 54]
[269, 444]
[349, 140, 60, 243, 326]
[262, 151, 245, 144]
[49, 50]
[60, 171, 194, 262, 53]
[251, 25, 57]
[51, 289]
[133, 134]
[98, 75]
[60, 171, 194, 54]
[448, 242, 59]
[16, 254]
[183, 220]
[213, 52]
[260, 261, 36, 234]
[162, 211, 120]
[18, 140, 60, 6, 7]
[14, 49, 50]
[21, 22]
[157, 329]
[171, 194, 262, 151, 245]
[139, 140, 60, 6]
[139, 140, 60, 243, 244]
[140, 60, 243, 194, 262, 151, 245]
[139, 140, 60, 243, 194, 262, 151, 245]
[251, 25, 26, 341, 120]
[111, 289]
[270, 18, 140, 259]
[205, 140, 60, 6, 7]
[393, 126]
[29, 340]
[201, 202]
[139, 140, 60, 243, 194, 262]
[205, 140, 60, 171, 194, 262]
[18, 140, 60, 243, 194, 262]
[205, 140, 60, 171, 194, 262, 53]
[430, 14, 337]
[349, 140, 60, 243, 194, 262, 151]
[270, 18, 140, 60, 6, 244]
[245, 144]
[355, 87]
[60, 243, 194, 262, 151, 245]
[140, 60, 171, 7]
[119, 341]
[269, 204]
[222, 17]
[270, 18, 140, 60, 171, 194, 54]
[18, 205, 140, 60, 171, 7]
[205, 140, 60, 171, 7]
[270, 18, 205, 140, 60, 171]
[140, 60, 39]
[349, 140, 60, 171, 194, 262, 53]
[60, 171, 194, 262, 53, 319]
[127, 278]
[270, 18, 205, 140, 60]
[72, 121, 96, 97]
[166, 261]
[242, 14, 337]
[174, 170]
[318, 309]
[25, 57, 341, 120]
[139, 140, 60, 6, 271]
[221, 34, 58, 104, 334]
[27, 145, 138]
[99, 423]
[105, 276]
[140, 60, 243, 194, 262, 151, 245, 144]
[57, 341, 120]
[235, 162, 70]
[57, 25, 26, 341]
[428, 48, 41, 317]
[196, 197]
[235, 55, 222, 17]
[270, 18, 205, 140, 60, 6, 271, 7]
[349, 140, 60, 6, 271]
[336, 17]
[140, 60, 6, 271, 7]
[174, 14]
[18, 140, 60, 243, 326]
[321, 84]
[385, 14]
[421, 422]
[270, 18, 205, 140, 60, 243, 194, 262, 53, 319]
[41, 190]
[212, 213, 52]
[139, 140, 60, 171, 175]
[270, 18, 205, 140, 60, 243, 194]
[349, 140, 60, 6, 271, 7]
[72, 121, 32, 307]
[72, 121, 32, 416]
[21, 179]
[205, 140, 60, 243, 244]
[47, 11, 118]
[270, 18, 205, 140, 60, 171, 194, 262, 151]
[270, 18, 140, 60, 243, 194, 262, 151, 245]
[139, 140, 60, 171, 194, 54]
[256, 220, 52]
[268, 263]
[235, 55, 272]
[270, 18, 140, 60, 243, 194, 262, 53, 319]
[226, 358]
[378, 211, 120]
[25, 57, 341]
[382, 91]
[288, 190]
[349, 140, 60, 171, 194, 262, 151, 245]
[140, 60, 39, 54]
[221, 34, 200]
[363, 29, 30]
[191, 192]
[217, 218]
[341, 120]
[18, 205, 140, 60, 243, 194]
[119, 341, 120]
[442, 443]
[320, 11]
[60, 243, 194, 262, 151]
[249, 23]
[362, 11, 118]
[1, 36, 234]
[106, 219]
[243, 194, 262, 53, 319]
[61, 101]
[140, 60, 171, 194, 262, 151]
[428, 48, 41]
[18, 205, 140, 316]
[270, 18, 140, 60, 243, 194, 262, 151, 54]
[45, 46]
[140, 186, 223]
[18, 205, 140, 60, 171, 175]
[99, 440]
[106, 75]
[205, 140, 186, 223, 54]
[18, 140, 60, 171, 194, 54]
[61, 11, 118]
[134, 165]
[154, 141, 142]
[0, 162, 211]
[270, 18, 205, 140, 60, 6, 271]
[32, 325]
[48, 324, 325]
[102, 103]
[229, 230]
[300, 301, 119]
[60, 6, 54]
[123, 124]
[43, 211, 120]
[132, 11]
[277, 75]
[10, 11]
[18, 205, 140, 60, 243, 194, 54]
[439, 274]
[69, 318]
[205, 140, 60, 171, 194, 54]
[349, 140, 60, 6, 7]
[205, 140, 60, 171, 194, 262, 151]
[174, 198]
[60, 243, 194, 262]
[221, 34, 292, 380]
[119, 120]
[18, 205, 140, 60, 171, 194, 262, 53]
[205, 140, 60, 243, 194, 262, 151, 245, 144]
[139, 140, 60, 6, 271, 244]
[158, 220]
[429, 251, 341, 120]
[31, 32, 97]
[349, 140, 60, 6, 207]
[131, 195]
[212, 213]
[448, 242, 14]
[429, 251, 25, 26]
[121, 32, 325]
[349, 140, 60, 171, 194]
[184, 84]
[349, 140, 60, 39, 40]
[60, 6, 244]
[221, 34, 200, 405]
[439, 274, 275]
[112, 113]
[60, 6]
[128, 285]
[194, 262, 53, 319]
[270, 18, 205, 140, 60, 243, 194, 262, 151, 54]
[128, 129, 84]
[158, 136]
[174, 14, 15]
[322, 323]
[18, 140, 60, 171, 194, 262, 151, 245]
[121, 32, 307]
[140, 60, 171, 194, 262, 53, 319]
[270, 18, 140, 60, 6]
[139, 140, 60, 171, 194]
[23, 24]
[320, 11, 118]
[18, 205, 140, 60, 171, 194]
[18, 140, 60, 243, 194, 262, 53, 54]
[262, 53]
[349, 140, 60, 243, 194, 262, 151, 245, 144]
[428, 48]
[104, 334]
[18, 19]
[270, 18, 140, 60, 6, 271, 7]
[294, 295]
[43, 38]
[139, 140, 60]
[166, 261, 36, 135]
[253, 103, 250]
[231, 232]
[270, 18, 140]
[25, 57, 120]
[363, 29, 340]
[18, 140, 60, 243, 194]
[18, 140, 60, 6, 271]
[57, 120]
[158, 137]
[235, 236, 204]
[276, 331]
[121, 237, 314]
[139, 140, 60, 171, 194, 262, 151, 54]
[205, 140, 60, 171, 194, 262, 53, 319]
[18, 205, 140, 60, 171, 194, 262, 151, 245]
[270, 18, 205, 140, 186, 223]
[121, 32, 416]
[162, 356]
[342, 278]
[65, 75]
[98, 138]
[270, 18, 140, 60, 6, 7]
[60, 243]
[99, 23, 24]
[251, 25, 57, 341]
[183, 220, 52]
[349, 140, 60, 243, 194, 262, 53, 54]
[228, 120]
[33, 15]
[139, 140, 186, 223]
[81, 268, 263, 264]
[139, 140, 60, 243, 194, 262, 151, 54]
[60, 171, 194, 262, 151, 245]
[193, 9]
[78, 131, 83]
[140, 60, 171, 194, 262, 53]
[377, 75]
[297, 54]
[448, 242, 14, 49, 50]
[270, 18, 140, 60, 243, 194, 262, 53, 54]
[18, 205, 140, 60, 243]
[60, 243, 194, 262, 53]
[205, 206]
[55, 222, 17]
[448, 242, 14, 170]
[60, 171, 194, 262, 151]
[60, 171, 194, 262, 151, 54]
[221, 34, 58, 104, 86]
[428, 48, 41, 42]
[32, 97]
[270, 18, 140, 60, 39, 40]
[205, 140, 60, 39, 54]
[242, 198]
[18, 140, 60, 6, 54]
[270, 18, 140, 60, 6, 207]
[271, 7]
[105, 91]
[262, 53, 54]
[110, 213]
[276, 90]
[448, 242, 14, 85]
[18, 205, 140, 60, 39, 54]
[294, 233, 234]
[349, 140, 60, 243, 194, 262, 53, 319]
[429, 251, 25, 57, 120]
[61, 62, 178, 11, 118]
[18, 427]
[270, 18, 205, 140, 60, 6, 54]
[18, 205, 140, 186, 223, 54]
[255, 313]
[329, 17]
[68, 98, 138]
[270, 18, 140, 186]
[32, 416]
[205, 140, 60, 243, 194, 262, 53, 319]
[32, 307]
[57, 341]
[61, 11]
[428, 48, 41, 299]
[162, 356, 254]
[406, 407]
[372, 384]
[205, 140, 60, 243, 194]
[110, 288]
[408, 11, 118]
[349, 140, 186, 223, 54]
[121, 32, 97]
[200, 405]
[270, 271, 244]
[424, 335]
[18, 205, 140, 60, 6, 7]
[270, 18, 140, 60, 171, 194, 262, 53]
[110, 288, 190]
[18, 140, 60, 171, 194, 262, 53, 319]
[51, 190]
[58, 104, 86, 87]
[74, 17]
[72, 121, 32, 97]
[235, 162]
[129, 84]
[196, 426]
[140, 60, 243, 194, 262, 53, 54]
[166, 106, 179]
[60, 6, 7]
[171, 194, 262, 151, 245, 144]
[18, 140, 60, 171, 194, 262, 53]
[256, 257, 84]
[18, 205, 140, 60, 171, 194, 262, 151, 54]
[18, 205, 140, 60, 6, 244]
[140, 60, 171, 194, 262]
[276, 382, 91]
[428, 48, 32, 416]
[41, 299]
[139, 140, 60, 39, 54]
[428, 48, 32, 307]
[282, 316]
[12, 373]
[105, 204]
[290, 107]
[428, 48, 324, 150]
[64, 65, 36, 234]
[166, 106, 176]
[270, 18, 140, 60, 243, 244]
[68, 27, 145, 138]
[315, 190]
[172, 115]
[362, 11]
[18, 140, 60, 171, 175]
[328, 22]
[414, 415]
[333, 334, 118]
[235, 55, 222]
[62, 178, 11, 118]
[105, 276, 74, 17]
[65, 36, 234]
[270, 18, 205, 140, 60, 39, 54]
[356, 254]
[159, 160]
[139, 140, 60, 243, 326]
[270, 18, 205, 140, 60, 6]
[274, 275, 360]
[363, 29]
[68, 98, 75]
[48, 41, 317]
[205, 140, 60, 171, 194, 262, 151, 245]
[242, 14, 170]
[270, 18, 140, 60, 243, 194, 262, 151]
[174, 14, 216]
[166, 106]
[18, 205]
[235, 55]
[72, 121, 237, 325]
[81, 281]
[434, 360]
[20, 232]
[31, 32]
[205, 140, 60, 243, 194, 262, 53]
[194, 262, 151, 245]
[327, 75]
[157, 91]
[270, 18, 140, 186, 223, 54]
[349, 140, 60, 243]
[139, 140, 60, 171, 194, 262, 53, 319]
[299, 164]
[398, 399]
[110, 111]
[162, 70, 71]
[105, 400]
[194, 262, 151, 54]
[39, 40]
[241, 17]
[429, 432, 85]
[270, 18, 205, 140, 60, 243, 194, 262, 151, 245, 144]
[271, 244]
[18, 205, 140, 60, 171, 194, 54]
[20, 17]
[261, 75]
[408, 11]
[301, 119, 120]
[262, 53, 319]
[385, 14, 170]
[359, 321]
[429, 251, 25, 57, 118]
[6, 207]
[34, 200]
[145, 138]
[62, 178, 11]
[349, 140, 60, 171, 194, 262, 151, 54]
[0, 1, 36, 135]
[276, 74, 17]
[112, 179]
[157, 329, 17]
[18, 140, 316]
[174, 93]
[18, 205, 140, 60, 243, 194, 262, 53, 319]
[429, 251, 25, 57]
[47, 11]
[301, 119, 341]
[139, 140, 259]
[171, 194, 262, 53, 319]
[2, 11]
[270, 18, 205, 140, 60, 171, 194, 262, 53, 319]
[430, 14, 15]
[60, 171, 7]
[385, 14, 49]
[231, 9]
[140, 60, 243, 194, 262]
[330, 241]
[140, 316]
[246, 189]
[205, 140, 259]
[251, 25, 57, 118]
[205, 140, 60, 243, 194, 262, 151, 54]
[285, 52]
[48, 41, 204]
[18, 205, 140, 60, 243, 194, 262, 151, 245]
[166, 261, 36]
[18, 205, 140, 60, 243, 194, 262, 151, 245, 144]
[48, 32]
[349, 140, 60]
[36, 135]
[18, 140, 60, 171, 194]
[270, 18]
[221, 34, 58, 104, 86, 87]
[270, 18, 140, 60, 243, 194, 262, 151, 245, 144]
[18, 140, 60, 243, 194, 262, 151]
[57, 107]
[345, 379]
[18, 205, 140, 60, 243, 194, 262, 53]
[429, 251, 25, 371]
[385, 14, 216]
[58, 104]
[270, 18, 19]
[210, 159, 160]
[296, 144]
[4, 5, 291]
[191, 238, 29, 30]
[277, 17]
[235, 9]
[68, 69, 309]
[191, 238, 29, 340]
[424, 335, 336, 303]
[0, 162]
[205, 140, 60, 39]
[60, 243, 194, 262, 53, 54]
[448, 108, 109]
[439, 274, 275, 360]
[385, 14, 85]
[235, 162, 211, 120]
[385, 14, 433]
[31, 199]
[349, 140, 60, 243, 194]
[60, 243, 194, 262, 53, 319]
[270, 18, 140, 60, 171, 194, 262, 53, 54]
[154, 141, 142, 118]
[237, 314]
[18, 140, 60, 171, 194, 262, 151]
[205, 140, 60, 243, 194, 262]
[158, 403]
[142, 118]
[183, 184, 84]
[37, 38]
[140, 60, 243, 194, 262, 151, 54]
[139, 140, 60, 243, 194]
[154, 141]
[194, 262, 151, 245, 144]
[131, 149]
[194, 262]
[18, 140, 60, 6, 271, 244]
[430, 14]
[211, 120]
[6, 271]
[68, 98]
[26, 341]
[34, 200, 405]
[140, 60, 171, 194, 262, 53, 54]
[270, 18, 205, 140]
[270, 18, 140, 60, 39]
[11, 118]
[51, 52]
[270, 18, 205, 140, 60, 243, 194, 262, 53, 54]
[294, 233]
[270, 18, 205, 140, 60, 6, 7]
[139, 140]
[174, 14, 433]
[448, 242, 198]
[349, 140, 60, 243, 194, 262, 151, 245]
[18, 205, 140, 60, 243, 244]
[69, 241]
[146, 199]
[221, 34]
[256, 220]
[336, 303]
[174, 14, 85]
[18, 205, 140, 60, 171]
[428, 48, 32, 97]
[249, 383]
[14, 379]
[261, 36]
[34, 58]
[127, 75]
[18, 140, 60, 39, 40]
[270, 18, 140, 60, 171, 194, 262, 151, 245]
[173, 11]
[194, 262, 53]
[235, 162, 211]
[248, 54]
[14, 15]
[139, 140, 60, 6, 7]
[93, 187]
[270, 18, 205, 140, 60, 171, 194, 54]
[139, 140, 60, 171, 194, 262, 151]
[349, 140, 60, 6]
[171, 194, 262, 151, 54]
[448, 242, 14, 15]
[5, 291]
[235, 55, 272, 17]
[140, 60, 171, 175]
[270, 18, 205, 140, 60, 243, 326]
[315, 289]
[320, 120]
[141, 142, 118]
[78, 131, 149, 150]
[139, 140, 60, 6, 271, 7]
[25, 26, 341]
[131, 83, 84]
[369, 370]
[349, 140, 186, 223]
[270, 18, 205, 140, 60, 171, 7]
[18, 140, 186, 223, 54]
[139, 140, 60, 171, 194, 262, 151, 245, 144]
[140, 60, 6, 271]
[270, 18, 205, 140, 60, 243]
[140, 60, 6]
[448, 108]
[171, 194, 54]
[262, 151, 54]
[311, 134]
[78, 131, 83, 84]
[235, 213, 52]
[140, 60, 171, 194, 54]
[0, 162, 209]
[139, 140, 60, 39]
[78, 131, 195]
[105, 106, 176, 177]
[27, 145]
[18, 140, 60, 243, 244]
[205, 140, 60, 171, 194, 262, 151, 245, 144]
[18, 140, 60, 6, 207]
[242, 14, 49, 50]
[16, 310]
[349, 140, 316]
[112, 113, 312]
[221, 34, 58, 104, 334, 118]
[2, 11, 118]
[18, 140, 60, 171, 194, 262]
[139, 140, 60, 243, 194, 54]
[381, 85]
[236, 204]
[208, 199]
[149, 150]
[81, 268]
[401, 402]
[34, 35]
[60, 39, 54]
[205, 140, 60, 243]
[153, 273]
[270, 18, 140, 60, 171, 175]
[0, 1, 36]
[430, 14, 379]
