[301, 85]
[365, 177]
[146, 247]
[300, 301]
[43, 211]
[25, 57]
[239, 240]
[43, 247]
[72, 121]
[409, 410]
[98, 254]
[99, 425]
[103, 250]
[441, 278]
[14, 216]
[14, 337]
[258, 134]
[404, 117]
[130, 15]
[169, 189]
[251, 25]
[350, 351]
[78, 79]
[157, 303]
[143, 144]
[359, 285]
[6, 244]
[94, 95]
[154, 211]
[224, 225]
[448, 242]
[99, 23]
[112, 312]
[41, 317]
[172, 170]
[302, 124]
[121, 32]
[140, 60]
[74, 75]
[389, 232]
[66, 67]
[60, 39]
[243, 326]
[114, 115]
[376, 44]
[235, 213]
[58, 59]
[269, 444]
[418, 419]
[43, 388]
[51, 289]
[133, 134]
[98, 75]
[16, 254]
[238, 29]
[183, 220]
[213, 52]
[154, 120]
[21, 22]
[157, 329]
[188, 189]
[99, 348]
[393, 126]
[29, 340]
[201, 202]
[2, 3]
[429, 251]
[349, 140]
[332, 107]
[361, 107]
[355, 87]
[305, 118]
[125, 126]
[146, 38]
[119, 341]
[269, 204]
[228, 62]
[48, 324]
[29, 30]
[127, 278]
[266, 267]
[61, 170]
[166, 261]
[196, 293]
[174, 170]
[412, 413]
[282, 283]
[99, 423]
[105, 276]
[334, 118]
[196, 197]
[169, 170]
[336, 17]
[174, 14]
[385, 14]
[249, 390]
[421, 422]
[320, 170]
[41, 190]
[106, 179]
[21, 179]
[241, 75]
[18, 140]
[226, 358]
[303, 392]
[336, 295]
[276, 277]
[191, 192]
[217, 218]
[341, 120]
[242, 14]
[442, 443]
[320, 11]
[249, 23]
[106, 219]
[68, 27]
[445, 120]
[53, 54]
[61, 101]
[386, 387]
[55, 56]
[45, 46]
[99, 440]
[106, 75]
[6, 54]
[134, 165]
[32, 325]
[102, 103]
[229, 230]
[208, 209]
[123, 124]
[266, 247]
[132, 11]
[277, 75]
[10, 11]
[174, 198]
[43, 44]
[146, 107]
[119, 120]
[158, 220]
[394, 232]
[131, 195]
[212, 213]
[125, 120]
[431, 24]
[25, 180]
[60, 6]
[128, 285]
[322, 323]
[424, 335, 336]
[23, 24]
[214, 215]
[396, 397]
[262, 53]
[428, 48]
[104, 334]
[18, 19]
[280, 101]
[294, 295]
[43, 38]
[194, 54]
[231, 232]
[327, 233]
[14, 170]
[57, 120]
[147, 306]
[162, 211]
[158, 137]
[167, 168]
[276, 331]
[242, 59]
[69, 309]
[342, 278]
[65, 75]
[171, 7]
[98, 138]
[243, 194]
[60, 243]
[161, 115]
[324, 325]
[228, 120]
[33, 15]
[48, 364]
[193, 9]
[286, 287]
[377, 75]
[297, 54]
[99, 100]
[205, 206]
[55, 222, 17]
[41, 204]
[32, 97]
[242, 198]
[63, 11]
[271, 7]
[378, 211]
[105, 91]
[110, 213]
[18, 427]
[329, 17]
[64, 65]
[32, 416]
[32, 307]
[57, 341]
[8, 9]
[61, 11]
[262, 151]
[406, 407]
[338, 339]
[147, 148]
[212, 352]
[200, 405]
[157, 392]
[374, 391]
[12, 279]
[51, 190]
[74, 17]
[36, 234]
[105, 106]
[235, 162]
[196, 426]
[155, 156]
[92, 93]
[121, 211]
[122, 54]
[282, 316]
[12, 373]
[435, 436]
[105, 204]
[20, 177]
[290, 107]
[315, 190]
[172, 115]
[362, 11]
[328, 22]
[414, 415]
[14, 85]
[25, 371]
[68, 69]
[363, 29]
[333, 334]
[110, 9]
[121, 237]
[166, 106]
[200, 109]
[18, 205]
[41, 289]
[235, 55]
[81, 281]
[43, 417]
[434, 360]
[20, 232]
[31, 32]
[327, 75]
[157, 91]
[233, 234]
[398, 399]
[238, 252]
[105, 400]
[12, 13]
[39, 40]
[241, 17]
[55, 272, 17]
[151, 54]
[271, 244]
[20, 17]
[261, 75]
[408, 11]
[437, 438]
[163, 164]
[6, 207]
[34, 200]
[145, 138]
[315, 52]
[395, 5]
[62, 178, 11]
[88, 89]
[169, 420]
[112, 179]
[185, 59]
[226, 227]
[174, 93]
[65, 36]
[47, 11]
[80, 9]
[367, 368]
[2, 11]
[320, 85]
[231, 9]
[39, 54]
[330, 241]
[200, 108]
[171, 175]
[140, 316]
[108, 109]
[329, 22]
[246, 189]
[285, 52]
[276, 74]
[48, 32]
[162, 209]
[36, 135]
[377, 179]
[116, 117]
[270, 18]
[343, 344]
[16, 17]
[57, 107]
[345, 379]
[58, 104]
[446, 447]
[296, 144]
[48, 41]
[60, 171]
[277, 17]
[235, 9]
[81, 82]
[0, 162]
[145, 278]
[61, 62]
[374, 375]
[31, 199]
[237, 314]
[158, 403]
[37, 38]
[194, 262]
[171, 194]
[251, 120]
[430, 14]
[211, 120]
[6, 271]
[68, 98]
[25, 357]
[167, 339]
[243, 244]
[253, 103]
[11, 118]
[343, 347]
[27, 28]
[51, 52]
[294, 233]
[57, 118]
[345, 346]
[57, 25]
[139, 140]
[6, 7]
[69, 241]
[260, 261]
[145, 75]
[146, 199]
[221, 34]
[256, 220]
[336, 303]
[41, 42]
[249, 383]
[238, 411]
[14, 379]
[353, 354]
[220, 52]
[80, 232]
[261, 36]
[146, 388]
[34, 58]
[127, 75]
[173, 11]
[248, 54]
[239, 366]
[14, 15]
[93, 187]
[5, 291]
[301, 119]
[315, 289]
[320, 120]
[251, 341]
[53, 319]
[191, 238]
[25, 26, 341]
[369, 370]
[265, 84]
[448, 108]
[311, 134]
[174, 304]
[205, 140]
[27, 145]
[237, 325]
[226, 17]
[4, 5]
[16, 310]
[324, 150]
[14, 433]
[78, 131]
[381, 85]
[140, 259]
[270, 271]
[208, 199]
[401, 402]
[34, 35]
[198, 384]
[0, 1, 36]
[154, 284]
