[151, 176]
[309, 22, 244, 166, 73, 281, 229, 304, 178, 61]
[0, 187, 415]
[22, 166, 73, 281]
[225, 276, 39, 402]
[244, 166, 73, 281, 229, 304, 178, 286]
[449, 16, 195]
[378, 90]
[465, 466]
[398, 399, 338]
[244, 166, 73, 198, 9]
[68, 124, 395, 135]
[62, 311]
[197, 107]
[198, 229, 304, 178, 286]
[492, 398, 399, 353, 427]
[22, 244, 166, 73, 198]
[136, 76]
[64, 65, 14, 203]
[398, 399, 353, 427, 91]
[184, 107]
[309, 22, 166, 366]
[22, 244, 166, 73, 198, 229, 61]
[280, 231]
[217, 264, 59]
[309, 22, 244, 166, 220]
[74, 13, 135]
[190, 123, 202, 203]
[375, 280, 16, 146]
[494, 486]
[376, 377]
[0, 1, 14, 21]
[157, 203]
[213, 214, 98]
[373, 271]
[200, 231]
[165, 166, 73, 8, 310, 282]
[309, 22, 166, 73, 8, 310]
[85, 138, 275, 380]
[130, 15]
[28, 29, 403]
[68, 124, 395]
[265, 42, 68, 124, 395]
[414, 166, 73, 46, 61]
[123, 202, 203]
[22, 244, 166, 73, 281]
[350, 351]
[194, 223]
[293, 28, 70, 150]
[22, 166, 73, 198]
[375, 280, 231, 209]
[22, 244, 166, 73, 198, 229, 304, 178, 286, 170]
[375, 280]
[276, 39]
[305, 98]
[22, 166, 73, 281, 229, 304, 60, 61]
[115, 24, 25]
[244, 166, 73, 8, 250]
[94, 95]
[173, 355]
[85, 138, 38, 380]
[280, 16, 101]
[449, 16, 146, 147]
[200, 231, 209]
[28, 70, 403]
[125, 212]
[184, 353, 427]
[238, 455, 21]
[122, 312, 106, 107]
[146, 147]
[446, 101]
[276, 292]
[179, 180]
[506, 107]
[309, 22, 244, 166, 73, 198, 229, 304, 178]
[503, 293, 150]
[16, 146, 147]
[22, 244, 166, 73, 8, 250]
[22, 244, 166, 220, 267]
[73, 198, 9]
[309, 22, 166, 73, 198, 229, 304, 60, 369]
[37, 38, 380]
[94, 151, 176, 177]
[66, 67]
[165, 166, 73, 198, 229, 304, 178, 61]
[449, 16, 508]
[280, 16, 257]
[139, 61]
[184, 353, 427, 295]
[229, 304, 178]
[244, 166, 73, 281, 229, 304, 178]
[414, 166, 73, 198, 229, 304, 178, 286]
[244, 166, 73, 281, 229, 304, 60, 369]
[235, 128]
[20, 91]
[96, 11]
[350, 351, 435]
[165, 166, 73, 281, 229, 304, 178, 286]
[227, 156, 183]
[143, 150]
[353, 427, 295]
[148, 330]
[165, 166, 73, 8, 250]
[50, 45]
[370, 195]
[414, 166, 73, 281, 282]
[165, 166, 73]
[309, 22]
[501, 55, 38, 113]
[414, 166, 73, 281, 229, 304]
[22, 166, 220]
[138, 38, 380]
[188, 189]
[238, 426]
[235, 127]
[175, 452]
[70, 135]
[73, 281, 229, 304, 60, 61]
[75, 315]
[175, 234]
[200, 16, 146, 147]
[22, 166, 73, 198, 229, 304, 178, 286]
[71, 72, 206]
[123, 202]
[142, 21]
[293, 28, 29]
[2, 3]
[349, 189]
[501, 55, 38, 356]
[99, 323]
[22, 244, 166, 73, 281, 229, 304, 60, 61]
[64, 65, 41]
[211, 187, 83, 84]
[280, 16, 146]
[22, 244, 166, 73, 46]
[81, 82, 279, 90]
[124, 395, 135]
[151, 97, 98]
[73, 198, 229, 304, 178, 286, 170]
[125, 126]
[501, 55, 48]
[8, 310, 9]
[42, 68, 124]
[0, 187, 83, 84]
[58, 332]
[483, 256]
[244, 166, 73, 281, 229, 304]
[286, 170]
[22, 166, 73, 198, 229, 304, 60]
[22, 166, 73, 198, 229, 61]
[309, 22, 244, 166, 73, 8, 61]
[503, 293, 28, 418]
[42, 43]
[22, 244, 166, 300]
[304, 178]
[198, 229, 304, 60]
[279, 21]
[385, 27]
[375, 280, 16]
[313, 90]
[184, 207, 470]
[140, 141]
[1, 14]
[186, 264]
[187, 83, 84]
[48, 349]
[26, 27]
[169, 170]
[55, 38]
[309, 22, 166, 73, 281, 229, 304, 178, 61]
[81, 114, 164]
[42, 68]
[501, 55, 38, 487]
[519, 520]
[492, 398, 399, 338]
[8, 250]
[240, 92, 93]
[309, 22, 244, 166, 73, 8, 310, 9]
[77, 78, 14, 15]
[83, 84]
[340, 341]
[365, 59]
[166, 220, 267, 61]
[244, 166, 73, 281, 229]
[62, 266]
[414, 166, 73, 281, 229, 304, 178, 286]
[125, 254]
[70, 28, 208]
[414, 166, 73, 281, 229, 304, 178, 61]
[253, 254, 59]
[50, 252]
[229, 61]
[309, 22, 244, 166, 220, 267]
[350, 351, 101]
[527, 528]
[60, 369]
[73, 281, 229, 304, 178, 286, 170]
[414, 166, 73, 46]
[122, 123, 90]
[211, 62, 266, 21]
[225, 276, 292]
[244, 166, 73, 198, 229, 304, 178, 61]
[398, 399, 353]
[449, 16, 56]
[165, 166, 73, 281, 229, 304, 60, 369]
[22, 244, 166, 73, 281, 229, 61]
[78, 14]
[22, 244, 166]
[309, 310]
[213, 214]
[280, 16, 56, 57, 147]
[166, 73, 281, 229, 304, 178, 61]
[280, 16, 56, 57]
[157, 158]
[450, 451]
[501, 55, 48, 349, 189]
[115, 116]
[200, 16, 56, 57, 147]
[235, 473]
[503, 293, 28, 433]
[501, 55, 48, 49]
[309, 22, 244, 166, 73, 198]
[497, 498]
[73, 281, 282]
[73, 281]
[398, 399, 353, 427]
[55, 379, 380]
[38, 356]
[165, 166, 220, 267]
[181, 150]
[182, 183]
[244, 166, 73, 281, 229, 304, 60, 61]
[293, 28, 433]
[394, 395, 135]
[419, 420]
[304, 178, 61]
[204, 205]
[22, 244, 166, 73, 198, 229, 304, 178, 61]
[503, 293, 28, 70, 129]
[29, 403]
[184, 427, 295]
[309, 22, 166, 300]
[22, 166, 73, 281, 229, 304, 178, 286, 170]
[386, 27]
[22, 166, 73, 198, 229, 304, 178]
[38, 113]
[22, 244, 166, 73, 198, 229, 304, 60]
[28, 418]
[70, 28, 29]
[211, 62, 266]
[414, 166, 73, 8, 310, 9]
[244, 166, 73, 198, 229, 304, 178]
[398, 399, 353, 427, 295]
[166, 73, 8, 250]
[0, 1]
[265, 42, 235]
[529, 530]
[165, 166, 73, 198, 9]
[399, 353, 427, 91]
[280, 322]
[73, 198]
[166, 73, 281, 229, 304, 178, 286]
[309, 22, 166, 73, 281, 229, 304, 178]
[166, 73, 198, 229, 304, 178, 286]
[309, 22, 244, 166, 73, 281, 229]
[319, 210]
[277, 278]
[192, 193]
[211, 62]
[81, 227, 156]
[153, 531]
[396, 397]
[476, 328, 329]
[225, 276]
[178, 286]
[309, 22, 166, 73, 281, 229, 304, 178, 286]
[375, 280, 16, 56, 57]
[145, 315]
[77, 78, 90]
[120, 389]
[414, 166, 73, 198, 229, 304, 60, 369]
[184, 386, 21]
[368, 359]
[30, 31]
[414, 166, 73, 198, 229, 304]
[48, 367]
[330, 59]
[165, 166, 73, 198, 229, 304, 60, 61]
[244, 166, 73, 8, 9]
[460, 5, 333]
[73, 198, 201]
[166, 73, 281, 229, 61]
[55, 48, 349]
[71, 13]
[441, 210]
[417, 330, 59]
[165, 166, 73, 281, 229, 304, 60]
[166, 73, 198, 229, 304, 60, 369]
[167, 168]
[265, 42, 68, 124]
[326, 137]
[360, 160]
[439, 132]
[22, 166, 73, 8, 310]
[20, 295]
[20, 271]
[321, 119]
[324, 325]
[190, 123, 210]
[309, 22, 166, 73, 8, 61]
[71, 13, 135]
[312, 89, 90]
[122, 123, 202]
[414, 166, 73, 8]
[166, 366]
[244, 166, 73, 281, 229, 61]
[73, 198, 229, 304, 178]
[280, 231, 209]
[484, 302]
[16, 195]
[151, 97]
[64, 65, 14, 21]
[73, 8, 250]
[504, 16, 17]
[387, 279]
[517, 518]
[99, 100]
[94, 151, 97]
[219, 69]
[308, 523]
[342, 61]
[16, 508]
[50, 452]
[55, 48, 49]
[166, 73, 281, 382]
[120, 121]
[309, 22, 244, 245]
[22, 244, 166, 73, 281, 229, 304]
[42, 68, 69]
[176, 177]
[198, 229, 61]
[96, 15]
[22, 244, 166, 73, 281, 229, 304, 60, 369]
[85, 138, 38]
[122, 241]
[309, 22, 166, 73, 198, 229, 304, 60, 61]
[124, 102, 103]
[122, 506, 107]
[476, 328]
[296, 264, 59]
[65, 41]
[104, 105]
[244, 166, 73, 8, 310, 9]
[70, 150]
[309, 22, 244, 166, 73, 281]
[28, 70, 135]
[265, 42, 68, 124, 395, 135]
[73, 8, 61]
[236, 237]
[309, 22, 166, 73, 8, 282]
[166, 73, 198, 201]
[64, 65]
[73, 198, 229, 304, 178, 61]
[8, 9]
[280, 16, 508]
[70, 28]
[22, 166, 73, 281, 229, 61]
[65, 14]
[492, 398, 399, 353]
[42, 335]
[200, 16]
[22, 244, 166, 73, 8]
[22, 244, 166, 73, 198, 201]
[73, 46]
[64, 65, 90]
[64, 65, 41, 161]
[461, 462]
[504, 16, 443]
[215, 216]
[122, 312, 313]
[48, 49]
[56, 57]
[437, 457]
[184, 285]
[280, 16, 195]
[32, 172, 164]
[293, 403]
[187, 83]
[0, 1, 41]
[275, 380]
[0, 187, 252]
[22, 244, 166, 73, 281, 382]
[200, 16, 146]
[309, 22, 244, 166, 73]
[125, 331, 224]
[459, 15]
[94, 151]
[115, 495]
[165, 166, 73, 8, 310]
[309, 22, 166, 220, 267, 61]
[22, 244, 166, 73, 281, 229, 304, 178]
[122, 312, 447]
[55, 48, 224]
[432, 303, 137]
[422, 13]
[309, 22, 244, 166, 73, 8, 250]
[206, 13, 135]
[442, 252]
[92, 93]
[197, 5, 333]
[309, 22, 166, 73, 281, 282]
[94, 151, 97, 98]
[318, 142]
[474, 475]
[145, 90]
[214, 98]
[200, 16, 56, 57]
[22, 166, 73, 198, 229, 304, 178, 286, 170]
[94, 151, 230]
[36, 17]
[445, 137]
[432, 247]
[297, 98]
[319, 338]
[64, 65, 41, 183]
[276, 39, 40]
[501, 55, 48, 349]
[22, 166, 73, 8, 282]
[55, 48, 332]
[244, 245]
[78, 14, 21]
[283, 284]
[414, 166, 73, 8, 61]
[309, 22, 166, 73, 46]
[81, 32, 172, 90]
[414, 166, 73, 198, 9]
[56, 57, 147]
[449, 16, 443]
[504, 16, 146, 147]
[82, 368]
[211, 62, 311]
[414, 166, 73, 198, 229]
[503, 507, 101]
[68, 69]
[65, 14, 21]
[81, 227, 156, 183]
[22, 244, 166, 73, 8, 310, 282]
[115, 493]
[253, 413]
[73, 46, 61]
[309, 310, 9]
[360, 160, 191]
[70, 28, 433]
[375, 280, 16, 56]
[179, 180, 314]
[22, 166, 73, 46]
[73, 8, 310, 9]
[294, 13, 135]
[335, 444]
[166, 73, 8, 9]
[131, 132]
[200, 109]
[62, 311, 21]
[244, 166, 73, 198, 229, 304, 60]
[485, 486]
[427, 91]
[533, 326, 183]
[273, 274]
[309, 22, 166, 73, 8, 310, 282]
[72, 206]
[281, 229, 304, 60, 61]
[166, 73, 198, 229]
[211, 62, 311, 21]
[309, 22, 166, 73]
[55, 379]
[73, 281, 229, 304]
[190, 123]
[423, 39, 402]
[77, 78, 41, 183]
[346, 210]
[12, 13]
[118, 137]
[73, 8, 9]
[156, 21]
[165, 166, 73, 8, 310, 9]
[166, 73, 8, 310]
[281, 282]
[309, 22, 244]
[310, 9]
[437, 438]
[173, 174]
[165, 166]
[386, 21]
[122, 506]
[20, 158]
[209, 147]
[251, 140]
[414, 166, 73, 281, 229, 304, 60, 61]
[217, 264]
[200, 16, 101]
[81, 32, 33]
[503, 293]
[52, 53]
[124, 102]
[73, 281, 229, 304, 60, 369]
[244, 166, 73, 281, 282]
[225, 226]
[211, 187, 415]
[309, 22, 244, 166, 73, 198, 9]
[453, 454]
[501, 55]
[165, 166, 73, 198, 229, 304]
[414, 166, 73, 8, 310]
[346, 27]
[114, 271]
[122, 312, 313, 90]
[165, 166, 73, 198, 229, 304, 178, 286]
[211, 254, 59]
[12, 13, 135]
[414, 166, 73, 198, 201]
[18, 436]
[200, 16, 257]
[374, 98]
[108, 109, 221]
[296, 264]
[379, 177]
[108, 109]
[392, 129]
[414, 166, 73]
[244, 166, 73, 8, 310]
[312, 106]
[458, 144]
[62, 266, 21]
[398, 399, 21]
[383, 384]
[32, 33]
[343, 344]
[16, 17]
[39, 402]
[265, 42]
[375, 280, 16, 56, 57, 147]
[309, 22, 166, 73, 198, 229, 304, 60]
[22, 166, 220, 267, 61]
[42, 68, 124, 102]
[175, 129]
[211, 62, 63]
[255, 256]
[166, 73, 281, 229, 304, 60]
[81, 227, 156, 21]
[171, 5, 333]
[265, 42, 68, 124, 102, 103]
[198, 229, 304]
[153, 154]
[122, 312, 89, 90]
[68, 124, 102, 103]
[166, 73, 46]
[281, 229, 304, 178, 286]
[318, 408]
[309, 22, 23]
[165, 166, 366]
[238, 107]
[414, 166, 73, 8, 310, 282]
[312, 447, 107]
[194, 491]
[463, 464]
[81, 82]
[309, 22, 166, 73, 8]
[370, 13]
[399, 353, 427, 295]
[55, 48, 241]
[244, 166, 220]
[1, 14, 239]
[65, 41, 183]
[70, 403]
[244, 166, 220, 267]
[58, 224]
[244, 166, 73, 46]
[240, 92]
[421, 129]
[370, 150]
[505, 25]
[206, 13]
[22, 166, 73, 8, 310, 282]
[81, 82, 368]
[199, 13, 135]
[73, 8, 310]
[78, 14, 239]
[313, 21]
[238, 239]
[81, 114, 271]
[316, 271]
[85, 138, 275, 364]
[122, 123, 35]
[414, 166, 73, 8, 282]
[18, 320]
[184, 353]
[71, 119]
[225, 276, 39]
[298, 203]
[138, 38]
[467, 468]
[149, 98]
[77, 78, 14, 21]
[309, 22, 244, 166, 300]
[375, 280, 16, 146, 147]
[304, 60, 61]
[304, 178, 286, 170]
[387, 279, 90]
[429, 247, 371]
[390, 391]
[22, 244]
[162, 163]
[414, 166, 73, 281, 229, 61]
[328, 329]
[299, 160, 191]
[55, 38, 380]
[225, 276, 478]
[155, 195]
[68, 124, 102]
[22, 166, 73, 281, 229, 304, 178, 61]
[77, 78, 41, 161]
[14, 21]
[42, 235, 473]
[138, 275, 364]
[281, 229, 304, 178, 61]
[417, 330]
[6, 7]
[260, 261]
[197, 5]
[293, 28, 70, 135]
[229, 304, 178, 286]
[22, 166, 73, 198, 9]
[375, 280, 231]
[22, 244, 166, 73, 198, 229, 304, 178, 286]
[281, 229, 61]
[165, 166, 73, 8]
[166, 73, 281, 229, 304]
[293, 28, 70]
[71, 72, 206, 13, 135]
[309, 22, 244, 166, 73, 198, 229, 304, 60, 369]
[408, 239]
[22, 166, 73, 281, 229, 304, 178, 286]
[308, 241]
[399, 21]
[501, 55, 379, 177]
[352, 5, 333]
[68, 124]
[229, 304, 60, 369]
[375, 280, 16, 101]
[138, 112]
[503, 293, 28, 70, 150]
[198, 9]
[414, 166, 73, 281, 229, 304, 178]
[22, 244, 166, 73, 198, 229]
[184, 353, 427, 91]
[414, 166, 220]
[85, 138, 275]
[375, 280, 322]
[22, 244, 166, 366]
[73, 198, 229, 61]
[22, 166, 73, 281, 282]
[481, 482]
[509, 420]
[501, 55, 48, 367]
[16, 56]
[159, 160, 191]
[337, 338]
[244, 166, 73, 198, 229, 61]
[42, 235, 128]
[276, 39, 402]
[55, 424]
[407, 344]
[125, 11]
[127, 128]
[8, 310, 282]
[309, 22, 244, 166, 73, 198, 229, 304, 60, 61]
[375, 280, 16, 17]
[85, 138, 252]
[22, 244, 166, 73, 8, 9]
[22, 244, 166, 73, 198, 9]
[22, 166, 73, 198, 229, 304]
[362, 363]
[65, 14, 203]
[81, 82, 279]
[187, 249]
[42, 235, 127]
[309, 22, 244, 166, 73, 281, 229, 304]
[180, 314]
[42, 335, 444]
[38, 380]
[244, 166, 220, 267, 61]
[337, 156, 21]
[165, 166, 73, 281, 282]
[246, 247]
[244, 166, 73, 198, 229, 304]
[309, 22, 244, 166, 220, 267, 61]
[44, 45]
[165, 166, 73, 281, 229, 304, 178]
[4, 5]
[16, 56, 57]
[70, 28, 29, 403]
[347, 348]
[303, 137]
[1, 14, 21]
[14, 239]
[22, 244, 166, 73, 281, 229, 304, 178, 286, 170]
[244, 166, 73, 46, 61]
[22, 166, 73, 198, 229, 304, 60, 369]
[198, 229, 304, 60, 369]
[200, 16, 56]
[65, 41, 161]
[414, 166, 73, 198, 229, 304, 60]
[417, 374]
[427, 295]
[136, 137]
[73, 281, 229]
[312, 388]
[262, 263]
[77, 78, 14, 203]
[375, 280, 16, 257]
[309, 22, 166, 73, 281, 229, 304]
[73, 281, 229, 304, 178]
[82, 279]
[270, 72, 206, 13]
[277, 428]
[24, 25]
[152, 434, 209, 147]
[172, 90]
[449, 16, 56, 57]
[280, 231, 209, 147]
[281, 229, 304, 178]
[0, 1, 14, 239]
[22, 244, 166, 73, 281, 229, 304, 178, 286]
[166, 220, 267]
[289, 456]
[166, 73, 46, 61]
[238, 455]
[229, 304, 60]
[309, 22, 244, 166, 366]
[247, 371]
[22, 166, 73, 8, 9]
[165, 166, 73, 8, 282]
[211, 187, 83]
[81, 227, 90]
[165, 166, 73, 46, 47]
[504, 16, 508]
[309, 22, 166, 220]
[309, 22, 166, 220, 267]
[22, 244, 166, 73, 46, 47]
[399, 353, 427]
[253, 254]
[64, 65, 14, 239]
[309, 22, 244, 166, 73, 281, 229, 304, 60, 369]
[78, 41]
[152, 434, 209]
[199, 13]
[165, 166, 73, 198, 229, 304, 178, 286, 170]
[272, 15]
[190, 123, 202]
[117, 118]
[211, 212]
[182, 76]
[77, 78, 14]
[309, 22, 244, 166, 73, 281, 229, 304, 178, 286, 170]
[89, 90]
[16, 101]
[281, 229, 304, 178, 286, 170]
[32, 172, 315]
[46, 47]
[62, 63]
[227, 156, 21]
[414, 166, 220, 267, 61]
[125, 254, 59]
[334, 129]
[22, 244, 166, 73, 281, 229]
[504, 16, 56, 57, 147]
[122, 123]
[48, 332]
[184, 207]
[533, 326, 137]
[22, 166, 73, 281, 229]
[22, 166, 73, 198, 229, 304, 60, 61]
[37, 234]
[434, 209, 147]
[503, 293, 28, 208]
[143, 144]
[211, 212, 361]
[395, 135]
[503, 293, 28]
[114, 90]
[16, 257]
[152, 434]
[165, 166, 300]
[42, 68, 124, 395, 135]
[138, 275, 380]
[477, 13, 135]
[225, 276, 39, 40]
[244, 166, 73, 281, 229, 304, 178, 61]
[238, 15]
[48, 224]
[351, 435, 403]
[81, 114, 90]
[151, 176, 177]
[533, 326]
[165, 166, 73, 8, 61]
[198, 229, 304, 178, 286, 170]
[405, 409]
[232, 233]
[22, 244, 245]
[227, 90]
[503, 293, 28, 29]
[425, 203]
[244, 166, 73, 198]
[220, 267, 61]
[8, 282]
[309, 22, 244, 166, 73, 281, 282]
[58, 59]
[22, 244, 166, 73, 8, 310, 9]
[207, 470]
[123, 90]
[501, 55, 38]
[309, 22, 166, 73, 8, 310, 9]
[184, 427]
[405, 406]
[526, 150]
[133, 134]
[166, 73, 281, 229, 304, 60, 61]
[306, 287]
[165, 166, 73, 198, 229, 304, 60, 369]
[64, 65, 14, 15]
[125, 331]
[200, 16, 195]
[309, 22, 244, 166]
[16, 146]
[414, 166]
[1, 14, 15]
[309, 22, 166, 73, 281, 229]
[309, 22, 166, 73, 198, 229, 304, 178, 61]
[270, 72, 206]
[55, 38, 487]
[166, 73, 198, 229, 304, 178]
[414, 166, 73, 198, 229, 61]
[432, 247, 371]
[22, 23]
[115, 521]
[65, 90]
[244, 166, 73, 46, 47]
[244, 166, 73, 281, 229, 304, 178, 286, 170]
[503, 293, 28, 70, 135]
[309, 22, 244, 166, 73, 46, 61]
[186, 345, 163]
[272, 11]
[309, 22, 244, 166, 73, 281, 229, 304, 60]
[165, 166, 73, 198, 229, 61]
[172, 164]
[55, 48]
[387, 279, 21]
[309, 22, 244, 166, 73, 281, 229, 304, 178, 286]
[515, 516]
[87, 88]
[378, 156]
[449, 16]
[504, 16]
[187, 415]
[258, 259]
[270, 72]
[248, 249]
[309, 22, 166, 73, 198]
[55, 38, 113]
[244, 166, 73, 281]
[165, 166, 220, 267, 61]
[244, 166, 73, 281, 229, 304, 60]
[309, 22, 244, 166, 73, 198, 229, 304]
[522, 315]
[352, 5]
[186, 471]
[254, 59]
[434, 209]
[122, 123, 202, 203]
[165, 166, 73, 8, 9]
[211, 187, 252]
[125, 126, 332]
[309, 22, 166, 73, 281, 229, 304, 60, 369]
[293, 28, 29, 403]
[393, 51]
[115, 410]
[166, 73, 198, 229, 304, 178, 286, 170]
[244, 166, 73, 8, 282]
[281, 229]
[309, 22, 166, 73, 281, 229, 304, 60, 61]
[309, 22, 166, 73, 198, 229, 304]
[55, 38, 356]
[81, 227]
[280, 16]
[231, 209, 147]
[244, 166, 73, 8, 61]
[13, 135]
[312, 106, 107]
[73, 281, 229, 304, 60]
[353, 427]
[148, 149]
[242, 243]
[22, 244, 166, 73, 8, 282]
[414, 166, 73, 281, 382]
[166, 73, 8, 282]
[244, 166, 73, 8, 310, 282]
[381, 241]
[192, 401]
[200, 16, 17]
[22, 166, 366]
[50, 287]
[504, 16, 195]
[72, 206, 13, 135]
[85, 138]
[309, 22, 166, 73, 281]
[22, 166, 73, 8, 310, 9]
[0, 187, 249]
[22, 166, 73, 8]
[165, 166, 73, 281, 229, 304, 178, 61]
[293, 28, 70, 403]
[217, 218]
[22, 244, 166, 73, 198, 229, 304, 178]
[165, 166, 73, 281, 229]
[299, 160]
[37, 38, 113]
[114, 164]
[312, 313, 21]
[492, 398]
[244, 166]
[86, 357]
[196, 195]
[81, 32, 172, 315]
[166, 73, 46, 47]
[306, 307]
[165, 166, 73, 281]
[265, 42, 68, 124, 102]
[270, 72, 206, 13, 135]
[37, 38, 487]
[275, 364]
[492, 398, 399, 353, 427, 295]
[123, 210]
[268, 269]
[122, 123, 210]
[28, 70, 129]
[122, 312, 89, 21]
[251, 140, 141]
[73, 281, 229, 61]
[178, 61]
[304, 60, 369]
[501, 55, 38, 380]
[48, 241]
[353, 427, 91]
[375, 280, 16, 195]
[423, 39]
[0, 187, 83]
[102, 103]
[42, 68, 124, 102, 103]
[22, 244, 166, 73, 198, 229, 304, 60, 369]
[166, 73, 281, 229, 304, 60, 369]
[54, 13, 135]
[73, 8, 282]
[310, 282]
[73, 46, 47]
[10, 11]
[166, 73, 281, 229, 304, 178]
[200, 195]
[309, 22, 166, 73, 198, 229]
[429, 247]
[229, 304, 60, 61]
[211, 187, 415, 271]
[501, 55, 424]
[190, 123, 90]
[0, 1, 14, 15]
[186, 163]
[309, 22, 244, 166, 73, 8, 310, 282]
[200, 16, 508]
[165, 166, 73, 198]
[72, 206, 13]
[238, 426, 371]
[309, 22, 166, 73, 46, 61]
[122, 312, 89]
[22, 166, 73, 8, 61]
[0, 187, 415, 271]
[165, 166, 73, 46, 61]
[375, 280, 16, 508]
[122, 312, 388]
[152, 17]
[265, 42, 68, 69]
[375, 127, 128]
[122, 312, 447, 107]
[309, 22, 166, 73, 198, 9]
[106, 107]
[22, 244, 166, 73, 281, 229, 304, 60]
[4, 5, 333]
[112, 113]
[165, 166, 73, 198, 229, 304, 60]
[309, 22, 244, 166, 73, 198, 229, 304, 178, 286, 170]
[186, 162]
[70, 28, 418]
[18, 19]
[55, 48, 349, 189]
[394, 395]
[303, 183]
[304, 60]
[316, 317]
[73, 198, 229, 304, 60, 61]
[8, 310]
[181, 252]
[289, 24, 25]
[64, 65, 14]
[198, 229]
[449, 16, 146]
[71, 195]
[414, 166, 73, 198, 229, 304, 178, 61]
[166, 73, 198, 229, 304, 178, 61]
[22, 166, 300]
[432, 303]
[20, 21]
[22, 244, 166, 73, 198, 229, 304, 60, 61]
[181, 167]
[358, 140, 141]
[166, 73, 281, 282]
[5, 333]
[309, 22, 244, 166, 73, 8, 282]
[449, 16, 56, 57, 147]
[440, 51]
[312, 89]
[125, 212, 361]
[82, 279, 21]
[85, 86]
[166, 73]
[414, 166, 73, 198, 229, 304, 60, 61]
[22, 244, 166, 73, 281, 229, 304, 178, 61]
[232, 496]
[28, 29]
[165, 166, 73, 281, 229, 304, 178, 286, 170]
[449, 16, 101]
[50, 51]
[309, 22, 166, 73, 198, 229, 304, 178, 286]
[73, 281, 229, 304, 178, 286]
[345, 163]
[204, 500]
[265, 42, 335]
[55, 379, 177]
[280, 16, 17]
[73, 281, 382]
[244, 166, 73, 198, 229, 304, 60, 369]
[309, 22, 166, 73, 281, 229, 61]
[50, 488]
[109, 221]
[293, 28]
[28, 208]
[165, 166, 73, 198, 229, 304, 178]
[227, 156]
[293, 28, 208]
[166, 220]
[166, 73, 281, 229, 304, 178, 286, 170]
[337, 156]
[37, 38, 356]
[449, 16, 257]
[331, 224]
[235, 127, 128]
[414, 166, 73, 281, 229, 304, 60, 369]
[222, 223]
[22, 244, 166, 73, 8, 61]
[148, 330, 59]
[244, 166, 73, 198, 229, 304, 178, 286, 170]
[280, 16, 146, 147]
[414, 166, 73, 198, 229, 304, 178]
[1, 41]
[32, 172, 90]
[124, 395]
[48, 349, 189]
[198, 229, 304, 178]
[175, 287]
[75, 76]
[309, 22, 244, 166, 73, 46, 47]
[293, 150]
[42, 68, 124, 395]
[73, 8]
[422, 13, 135]
[186, 264, 59]
[187, 415, 271]
[22, 166, 73, 198, 201]
[200, 231, 209, 147]
[57, 147]
[8, 61]
[82, 359]
[166, 73, 8, 310, 9]
[309, 22, 166, 73, 46, 47]
[166, 73, 198, 229, 61]
[492, 398, 399]
[2, 13]
[126, 332]
[489, 490]
[309, 22, 244, 166, 73, 8]
[73, 198, 229, 304, 178, 286]
[414, 166, 73, 281, 229, 304, 60]
[512, 158]
[503, 507]
[309, 22, 244, 166, 73, 281, 229, 61]
[157, 271]
[60, 61]
[218, 98]
[293, 28, 70, 129]
[501, 55, 379, 380]
[312, 447]
[379, 380]
[181, 167, 168]
[198, 201]
[358, 140]
[73, 198, 229, 304, 60, 369]
[186, 162, 163]
[298, 502]
[492, 398, 399, 21]
[220, 267]
[138, 112, 113]
[503, 293, 28, 70, 403]
[0, 1, 41, 161]
[309, 310, 282]
[399, 338]
[16, 56, 57, 147]
[28, 433]
[291, 5]
[375, 127]
[370, 101]
[117, 118, 137]
[85, 138, 112]
[414, 166, 73, 281, 229, 304, 178, 286, 170]
[79, 80]
[81, 32]
[123, 35]
[501, 55, 379]
[73, 198, 229]
[350, 351, 435, 403]
[85, 86, 357]
[449, 16, 17]
[42, 235]
[293, 28, 418]
[524, 525]
[159, 160]
[22, 166, 73, 46, 47]
[318, 371]
[276, 478]
[411, 412]
[504, 16, 56, 57]
[184, 427, 91]
[171, 5]
[22, 166, 73, 281, 382]
[414, 166, 220, 267]
[22, 166, 73, 281, 229, 304, 178]
[55, 48, 367]
[82, 368, 359]
[22, 244, 166, 73]
[122, 312, 106]
[194, 195]
[414, 166, 73, 198, 229, 304, 178, 286, 170]
[22, 166, 73, 198, 229]
[166, 300]
[0, 1, 41, 183]
[309, 22, 166, 73, 8, 250]
[38, 487]
[289, 24]
[71, 72, 206, 13]
[22, 244, 166, 73, 281, 282]
[81, 32, 172]
[296, 297]
[309, 22, 244, 166, 73, 198, 229, 304, 60]
[187, 252]
[136, 271]
[309, 22, 499]
[2, 13, 135]
[81, 82, 359]
[441, 90]
[281, 229, 304, 60]
[324, 366]
[504, 16, 257]
[160, 191]
[172, 315]
[415, 271]
[184, 386]
[398, 399]
[155, 101]
[503, 293, 28, 70]
[492, 398, 399, 353, 427, 91]
[110, 111]
[265, 42, 235, 473]
[165, 166, 73, 281, 229, 304, 60, 61]
[22, 166, 73, 281, 229, 304]
[309, 22, 244, 166, 73, 281, 229, 304, 60, 61]
[39, 40]
[22, 166, 73, 281, 229, 304, 60]
[430, 431]
[309, 22, 166, 73, 281, 229, 304, 178, 286, 170]
[339, 170]
[351, 101]
[372, 341]
[309, 22, 244, 166, 73, 198, 229, 304, 178, 286]
[97, 98]
[290, 61]
[74, 13]
[455, 21]
[504, 16, 101]
[513, 514]
[73, 281, 229, 304, 178, 61]
[365, 224]
[507, 101]
[73, 198, 229, 304, 60]
[281, 382]
[312, 313]
[22, 244, 166, 73, 8, 310]
[280, 16, 56]
[165, 166, 73, 198, 229]
[165, 166, 73, 281, 229, 61]
[414, 166, 300]
[370, 13, 135]
[22, 166, 73, 8, 250]
[77, 78]
[184, 386, 27]
[414, 166, 73, 281, 229]
[120, 185]
[22, 166, 73]
[267, 61]
[417, 374, 98]
[309, 22, 166, 73, 281, 382]
[414, 166, 73, 8, 9]
[32, 172]
[202, 203]
[435, 403]
[22, 166]
[309, 22, 166, 73, 198, 201]
[265, 42, 235, 127, 128]
[184, 363]
[166, 73, 198]
[244, 166, 300]
[265, 42, 335, 444]
[279, 90]
[22, 244, 166, 73, 198, 229, 304]
[309, 22, 244, 166, 73, 281, 229, 304, 178]
[71, 72]
[28, 70, 150]
[122, 312, 313, 21]
[281, 229, 304]
[510, 511]
[217, 218, 98]
[78, 14, 15]
[22, 244, 166, 220, 267, 61]
[81, 32, 172, 164]
[85, 138, 38, 487]
[138, 38, 356]
[178, 286, 170]
[414, 166, 73, 198]
[400, 401]
[365, 332]
[122, 312]
[309, 22, 166, 73, 281, 229, 304, 60]
[264, 59]
[122, 469]
[94, 151, 176]
[73, 8, 310, 282]
[399, 353]
[244, 166, 73, 8]
[232, 336]
[156, 183]
[378, 156, 183]
[1, 14, 203]
[78, 14, 203]
[166, 73, 281]
[504, 16, 56]
[532, 284]
[138, 38, 113]
[229, 304, 178, 286, 170]
[238, 203]
[37, 38]
[165, 166, 220]
[175, 45]
[42, 235, 127, 128]
[0, 1, 14]
[244, 166, 366]
[501, 55, 48, 241]
[138, 275]
[337, 156, 183]
[81, 82, 279, 21]
[166, 73, 8, 61]
[81, 114]
[318, 408, 239]
[77, 78, 41]
[309, 22, 244, 166, 73, 198, 229]
[266, 21]
[166, 73, 8]
[190, 123, 35]
[504, 16, 146]
[479, 480]
[265, 42, 235, 128]
[414, 166, 73, 281]
[1, 41, 161]
[248, 234]
[22, 166, 73, 46, 61]
[138, 252]
[416, 103]
[46, 61]
[54, 13]
[166, 73, 198, 229, 304, 60]
[28, 70]
[309, 22, 244, 166, 73, 198, 229, 304, 178, 61]
[211, 254]
[165, 166, 73, 281, 382]
[312, 89, 21]
[309, 22, 244, 166, 73, 8, 310]
[200, 16, 443]
[246, 247, 371]
[375, 280, 16, 443]
[211, 11]
[41, 183]
[165, 166, 73, 198, 201]
[309, 22, 244, 166, 73, 198, 229, 61]
[148, 149, 98]
[26, 210]
[244, 166, 73, 281, 382]
[447, 107]
[288, 223]
[0, 187]
[312, 313, 90]
[244, 166, 73, 198, 229, 304, 60, 61]
[265, 42, 235, 127]
[414, 166, 73, 46, 47]
[166, 73, 198, 229, 304]
[81, 82, 368, 359]
[244, 166, 73, 198, 201]
[289, 448]
[212, 361]
[301, 302]
[22, 166, 220, 267]
[309, 22, 166, 73, 8, 9]
[198, 229, 304, 60, 61]
[281, 229, 304, 60, 369]
[166, 73, 198, 9]
[265, 42, 68]
[265, 42, 43]
[351, 435]
[477, 13]
[14, 15]
[166, 73, 198, 229, 304, 60, 61]
[414, 166, 366]
[85, 138, 112, 113]
[296, 297, 98]
[73, 198, 229, 304]
[309, 22, 244, 166, 73, 281, 382]
[1, 41, 183]
[200, 109, 221]
[503, 293, 28, 29, 403]
[82, 279, 90]
[78, 41, 183]
[423, 39, 40]
[115, 24]
[151, 230]
[309, 22, 166, 73, 198, 229, 304, 178]
[22, 166, 73, 281, 229, 304, 60, 369]
[166, 73, 8, 310, 282]
[211, 187]
[41, 161]
[22, 499]
[309, 22, 166, 73, 198, 229, 61]
[378, 156, 21]
[291, 107]
[65, 14, 239]
[414, 166, 73, 8, 250]
[404, 315]
[78, 90]
[375, 280, 231, 209, 147]
[65, 14, 15]
[165, 166, 73, 46]
[309, 22, 166, 73, 198, 229, 304, 178, 286, 170]
[460, 5]
[22, 244, 166, 73, 46, 61]
[70, 129]
[196, 132]
[198, 229, 304, 178, 61]
[309, 22, 244, 166, 73, 198, 201]
[166, 73, 281, 229]
[244, 166, 73, 198, 229]
[89, 21]
[309, 22, 166]
[16, 443]
[501, 55, 48, 224]
[326, 183]
[244, 166, 73]
[14, 203]
[472, 134]
[304, 178, 286]
[85, 138, 38, 356]
[211, 187, 249]
[309, 22, 244, 166, 73, 46]
[426, 371]
[138, 38, 487]
[229, 304]
[231, 209]
[318, 142, 21]
[407, 443]
[503, 293, 403]
[244, 166, 73, 198, 229, 304, 178, 286]
[165, 166, 73, 281, 229, 304]
[270, 150]
[186, 345]
[77, 78, 14, 239]
[309, 22, 244, 166, 73, 8, 9]
[136, 210]
[34, 35]
[311, 21]
[22, 244, 166, 220]
[501, 55, 48, 332]
[22, 166, 73, 198, 229, 304, 178, 61]
[291, 5, 333]
[432, 303, 183]
[0, 1, 14, 203]
[280, 16, 443]
[229, 304, 178, 61]
[85, 138, 38, 113]
[200, 354]
[228, 11]
[78, 41, 161]
[294, 13]
[181, 327]
