[72, 17]
[29, 331]
[300, 301]
[25, 57]
[234, 59]
[31, 191]
[438, 103]
[402, 403]
[98, 242]
[120, 115]
[14, 423]
[186, 54]
[218, 351]
[70, 116]
[122, 267]
[203, 115]
[261, 262]
[193, 194]
[253, 144]
[192, 104]
[357, 169]
[342, 343]
[233, 73]
[125, 15]
[327, 292]
[100, 196]
[48, 356]
[139, 191]
[266, 73]
[61, 162]
[289, 290]
[166, 293]
[218, 17]
[334, 73]
[94, 95]
[14, 328]
[94, 413]
[114, 332]
[164, 162]
[151, 393]
[32, 93]
[51, 278]
[161, 181]
[227, 205]
[269, 96]
[90, 91]
[166, 14]
[419, 243]
[66, 67]
[306, 182]
[313, 314]
[60, 39]
[323, 102]
[100, 392]
[114, 115]
[65, 73]
[352, 274]
[377, 14]
[58, 59]
[140, 295]
[94, 415]
[79, 270]
[216, 217]
[133, 134]
[166, 162]
[321, 233]
[262, 236]
[21, 22]
[6, 262]
[188, 189]
[235, 236]
[227, 300]
[139, 380]
[420, 14]
[48, 315]
[100, 87]
[366, 367]
[134, 307]
[2, 3]
[234, 14]
[14, 208]
[129, 157]
[327, 284]
[186, 253]
[243, 25]
[180, 181]
[261, 18]
[320, 17]
[29, 30]
[107, 303]
[436, 437]
[414, 326, 327]
[183, 230]
[154, 110]
[327, 17]
[101, 211]
[279, 102]
[175, 212]
[140, 141]
[41, 308]
[34, 192]
[158, 252]
[368, 44]
[260, 196]
[283, 225]
[27, 334]
[148, 149]
[78, 9]
[271, 307]
[11, 113]
[212, 52]
[285, 138]
[99, 325]
[428, 429]
[435, 115]
[25, 172]
[325, 113]
[256, 82]
[421, 24]
[16, 299]
[62, 170, 11]
[252, 36]
[0, 300]
[306, 52]
[188, 282]
[150, 292]
[111, 112]
[378, 379]
[68, 27]
[230, 29]
[221, 222]
[53, 54]
[55, 56]
[398, 11]
[333, 267]
[45, 46]
[332, 115]
[370, 203]
[183, 184]
[6, 54]
[161, 410]
[60, 235]
[134, 250]
[185, 9]
[53, 310]
[223, 9]
[103, 104]
[166, 89]
[10, 11]
[204, 205]
[292, 384]
[164, 110]
[177, 59]
[260, 434]
[144, 54]
[18, 197]
[43, 44]
[147, 203]
[274, 52]
[418, 48]
[257, 239]
[347, 85]
[14, 83]
[424, 425]
[60, 6]
[43, 203]
[426, 427]
[43, 239]
[369, 73]
[21, 171]
[23, 24]
[385, 121]
[396, 397]
[18, 19]
[43, 38]
[231, 232]
[238, 181]
[32, 316]
[158, 101]
[265, 322]
[329, 330]
[36, 226]
[318, 225]
[324, 325]
[94, 430]
[337, 371]
[33, 15]
[206, 207]
[341, 134]
[381, 224]
[241, 382]
[432, 433]
[200, 191]
[438, 234]
[334, 267]
[120, 121]
[220, 115]
[6, 236]
[230, 244]
[159, 330]
[109, 110]
[315, 316]
[63, 11]
[116, 32]
[408, 409]
[126, 187]
[320, 22]
[139, 38]
[64, 65]
[76, 126]
[8, 9]
[61, 11]
[101, 73]
[257, 258]
[25, 350]
[188, 416]
[25, 26, 332]
[163, 167]
[373, 83]
[227, 55]
[25, 363]
[72, 73]
[139, 102]
[55, 214, 17]
[204, 344]
[14, 162]
[233, 17]
[123, 274]
[197, 198]
[311, 83]
[235, 186]
[155, 156]
[150, 384]
[18, 417]
[14, 371]
[209, 210]
[32, 406]
[163, 7]
[43, 407]
[266, 17]
[223, 224]
[79, 80]
[388, 389]
[116, 229]
[283, 284]
[387, 5]
[399, 400]
[159, 160]
[411, 412]
[386, 224]
[76, 77]
[68, 69]
[118, 119]
[105, 205]
[394, 112]
[147, 115]
[275, 276]
[218, 219]
[57, 115]
[192, 395]
[31, 32]
[127, 11]
[60, 163]
[139, 239]
[116, 203]
[12, 13]
[241, 375]
[39, 40]
[41, 278]
[234, 190]
[20, 17]
[101, 171]
[97, 98]
[134, 60]
[190, 376]
[88, 89]
[252, 73]
[231, 358]
[265, 266]
[319, 22]
[65, 36]
[311, 162]
[57, 113]
[12, 268]
[12, 365]
[47, 11]
[262, 7]
[94, 340]
[100, 101]
[2, 11]
[94, 23]
[225, 226]
[78, 224]
[20, 169]
[39, 54]
[240, 54]
[151, 212]
[57, 332]
[335, 336]
[57, 102]
[355, 29]
[48, 32]
[290, 83]
[69, 298]
[290, 114]
[249, 129]
[16, 17]
[335, 339]
[227, 9]
[361, 362]
[431, 267]
[58, 99]
[55, 263, 17]
[48, 41]
[205, 52]
[286, 54]
[404, 405]
[165, 11]
[20, 224]
[61, 62]
[147, 273]
[306, 278]
[251, 252]
[197, 134]
[100, 265]
[220, 62]
[229, 305]
[37, 38]
[150, 320]
[89, 179]
[247, 212]
[318, 73]
[32, 296]
[390, 391]
[369, 171]
[41, 182]
[6, 199]
[27, 28]
[51, 52]
[230, 401]
[345, 346]
[57, 25]
[6, 7]
[311, 115]
[36, 130]
[16, 349]
[41, 42]
[163, 186]
[200, 201]
[294, 113]
[151, 132]
[5, 280]
[41, 196]
[34, 58]
[166, 190]
[302, 129]
[14, 15]
[337, 338]
[117, 54]
[235, 317]
[137, 138]
[300, 201]
[366, 383]
[311, 11]
[359, 360]
[271, 272]
[107, 171]
[265, 72]
[243, 332]
[18, 134]
[291, 119]
[353, 102]
[43, 380]
[161, 162]
[354, 11]
[245, 98]
[213, 34]
[315, 143]
[4, 5]
[51, 182]
[243, 115]
[229, 316]
[192, 103]
[69, 233]
[150, 87]
[61, 96]
[300, 203]
[122, 73]
[34, 35]
[253, 53]
[128, 129]
[105, 9]
[0, 1, 36]
[241, 23]
