[225, 309]
[38, 168]
[8, 9]
[16, 181]
[177, 97]
[202, 325]
[409, 410]
[380, 381]
[65, 70]
[30, 91]
[188, 157]
[154, 269]
[210, 294]
[270, 105]
[342, 71]
[397, 12]
[184, 176]
[125, 105]
[48, 49]
[276, 185]
[147, 148]
[291, 292]
[267, 413]
[311, 71]
[67, 215]
[173, 259]
[38, 39]
[224, 355]
[210, 281]
[40, 384]
[70, 15]
[188, 364]
[304, 373]
[54, 107]
[334, 335]
[175, 350]
[181, 123]
[241, 218]
[293, 132]
[139, 357]
[231, 50]
[70, 71]
[140, 196]
[92, 93]
[122, 123]
[251, 49]
[12, 305]
[329, 27]
[67, 274]
[147, 307]
[76, 7]
[331, 134]
[92, 317]
[86, 87]
[388, 389]
[414, 415]
[223, 51]
[14, 275]
[129, 271]
[4, 183]
[211, 226]
[152, 150]
[95, 302]
[9, 105]
[240, 241]
[395, 45]
[74, 75]
[252, 253]
[216, 175]
[385, 386]
[0, 9]
[312, 316]
[177, 98]
[208, 7]
[77, 247]
[416, 97]
[118, 119]
[66, 67]
[304, 266]
[342, 159]
[16, 123]
[65, 299]
[194, 71]
[23, 160]
[139, 85]
[126, 127]
[220, 221]
[153, 9]
[106, 309]
[154, 12]
[229, 117]
[368, 104]
[194, 195]
[405, 406]
[23, 324]
[123, 283]
[326, 251]
[133, 134]
[321, 83]
[68, 108]
[23, 336]
[212, 333]
[177, 369]
[138, 124, 125]
[206, 7]
[21, 22]
[173, 393]
[30, 272]
[339, 356]
[123, 57]
[235, 236]
[40, 353]
[358, 359]
[403, 404]
[114, 172]
[128, 353]
[211, 377]
[12, 13]
[40, 35]
[138, 250]
[267, 71]
[128, 35]
[361, 3]
[108, 187]
[2, 3]
[261, 51]
[12, 344]
[45, 38]
[241, 5]
[97, 98]
[173, 174]
[248, 249]
[297, 15]
[32, 55]
[4, 51]
[149, 387]
[12, 81]
[88, 89]
[354, 207]
[346, 221]
[38, 255]
[181, 182]
[18, 207]
[29, 30]
[351, 352]
[208, 52]
[23, 54]
[282, 49]
[312, 313]
[216, 56]
[42, 43]
[36, 37]
[10, 246]
[52, 53]
[314, 344]
[19, 20]
[55, 95]
[65, 244]
[111, 251]
[412, 413]
[30, 294]
[235, 222]
[278, 117]
[101, 102]
[151, 5]
[77, 78]
[40, 222]
[318, 123]
[260, 127]
[149, 221]
[138, 187]
[129, 130]
[416, 216]
[169, 170]
[227, 196]
[138, 107]
[152, 102]
[151, 171]
[375, 376]
[3, 257]
[202, 203]
[276, 187]
[54, 105]
[327, 96]
[92, 407]
[224, 349]
[12, 191]
[116, 117]
[110, 71]
[289, 9]
[32, 33]
[374, 9]
[234, 80]
[286, 85]
[52, 198, 15]
[347, 81]
[248, 283]
[360, 207]
[16, 17]
[52, 242, 15]
[225, 23]
[48, 168]
[135, 51]
[76, 207]
[300, 96]
[45, 293]
[276, 277]
[108, 30]
[63, 7]
[143, 102]
[217, 218]
[58, 59, 158, 9]
[187, 107]
[25, 311]
[50, 288]
[287, 194]
[293, 294]
[54, 96]
[169, 211]
[378, 379]
[225, 107]
[128, 96]
[343, 187]
[208, 157]
[27, 308]
[61, 62]
[306, 307]
[92, 392]
[266, 357]
[54, 309]
[115, 9]
[55, 56]
[63, 65]
[339, 340]
[16, 394]
[117, 146]
[57, 217]
[4, 218]
[31, 13]
[238, 239]
[57, 151]
[66, 25]
[163, 196]
[60, 9]
[298, 215]
[157, 49]
[171, 51]
[215, 15]
[57, 36]
[4, 241]
[208, 209]
[267, 268]
[103, 104]
[216, 12]
[256, 96]
[10, 11]
[398, 22]
[204, 205]
[30, 383]
[328, 9]
[178, 179]
[332, 201]
[23, 24, 309]
[140, 121]
[217, 295]
[264, 265]
[27, 28]
[154, 87]
[139, 297]
[215, 71]
[118, 268]
[128, 222]
[208, 276]
[365, 366]
[6, 7]
[18, 15]
[92, 390]
[244, 15]
[25, 26]
[63, 157]
[212, 213]
[391, 303, 304]
[244, 71]
[396, 225]
[289, 81]
[309, 107]
[0, 1]
[106, 107]
[200, 201]
[165, 56]
[110, 245]
[238, 411]
[311, 245]
[87, 167]
[301, 302]
[36, 51]
[128, 176]
[382, 71]
[58, 9]
[302, 105]
[192, 193]
[224, 21]
[12, 400]
[32, 177]
[282, 168]
[382, 118]
[197, 32]
[99, 279]
[297, 20]
[40, 187]
[14, 15]
[304, 15]
[38, 284]
[54, 23]
[123, 230]
[231, 135]
[240, 16]
[202, 15]
[319, 320]
[45, 30]
[113, 13]
[362, 363]
[45, 330]
[18, 134]
[109, 51]
[57, 4]
[408, 245]
[217, 171]
[10, 338]
[289, 107]
[58, 150]
[314, 315]
[196, 49]
[19, 159]
[48, 255]
[140, 367]
[206, 207]
[38, 239]
[171, 231]
[371, 372]
[92, 21]
[50, 51]
[4, 5]
[289, 150]
[265, 81]
[282, 255]
[74, 114]
[12, 150]
[44, 9]
[125, 107]
[154, 150]
[209, 239]
[265, 106]
[151, 155]
[29, 176]
[149, 150]
[310, 245]
[296, 20]
[40, 41]
[108, 210]
[194, 159]
[189, 190]
[401, 402]
[34, 35]
[58, 94]
[144, 145]
[154, 175]
[211, 27]
[139, 266]
[14, 323]
[341, 41]
[184, 185]
[99, 159]
[370, 209]
