[52, 133]
[64, 65]
[187, 82]
[8, 9]
[21, 54]
[129, 85]
[113, 114]
[0, 11]
[91, 87]
[176, 21]
[205, 111]
[108, 131]
[147, 148]
[167, 89]
[49, 182]
[79, 27]
[47, 76]
[68, 117]
[24, 95]
[16, 192]
[152, 184]
[134, 76]
[51, 83]
[64, 101]
[24, 25, 87]
[94, 70]
[8, 117]
[159, 30]
[146, 83]
[159, 54]
[84, 85]
[18, 32]
[49, 7]
[8, 160]
[39, 1]
[198, 199]
[152, 204]
[37, 45]
[63, 185]
[59, 61]
[181, 45]
[51, 24]
[15, 107]
[99, 11]
[59, 60]
[161, 19]
[122, 65]
[93, 63]
[22, 186]
[82, 83]
[39, 34]
[133, 137]
[66, 67]
[134, 135]
[51, 81]
[24, 115]
[112, 30]
[122, 101]
[102, 26]
[201, 174]
[102, 14]
[145, 12]
[16, 121]
[31, 32]
[51, 90]
[151, 7]
[22, 23]
[110, 111]
[98, 19]
[12, 13]
[79, 172]
[200, 81]
[39, 40]
[24, 51]
[147, 79]
[2, 3]
[187, 99]
[206, 45]
[68, 9]
[163, 164]
[1, 83]
[125, 126]
[88, 89]
[49, 76]
[79, 183]
[61, 45]
[29, 30]
[29, 54]
[50, 11]
[52, 8]
[18, 189]
[155, 135]
[18, 165]
[77, 78]
[82, 87]
[18, 11]
[129, 130]
[26, 15]
[169, 170]
[108, 109]
[112, 142]
[202, 203]
[105, 63]
[188, 18]
[62, 41]
[16, 17]
[39, 179]
[78, 196]
[195, 203]
[96, 67]
[57, 58]
[71, 72]
[143, 15]
[53, 31]
[145, 96]
[63, 52]
[8, 45]
[22, 157]
[12, 197]
[73, 74]
[27, 86]
[41, 45]
[159, 142]
[80, 65]
[14, 112]
[112, 156]
[61, 62]
[29, 142]
[146, 90]
[26, 1]
[8, 68]
[157, 158]
[100, 27]
[72, 90]
[37, 38]
[20, 138]
[39, 99]
[24, 141]
[195, 76]
[39, 191]
[123, 124]
[10, 11]
[10, 91]
[27, 28]
[35, 36]
[6, 7]
[33, 34]
[168, 68]
[32, 140]
[96, 175]
[14, 136, 15]
[143, 139]
[0, 1]
[133, 61]
[96, 75]
[22, 63]
[112, 210]
[209, 90]
[152, 153]
[52, 35]
[52, 59]
[208, 10]
[78, 109]
[14, 15]
[6, 11]
[18, 19]
[157, 63]
[13, 132, 72]
[91, 83]
[67, 75]
[127, 128]
[145, 207]
[112, 180]
[177, 178]
[125, 154]
[20, 21]
[168, 22]
[63, 174]
[51, 87]
[59, 117]
[15, 194]
[82, 24]
[31, 18]
[133, 9]
[87, 83]
[4, 5]
[18, 76]
[92, 45]
[18, 193]
[97, 81]
[39, 128]
[78, 131]
[6, 139]
[149, 150]
[12, 75]
[62, 37]
[171, 135]
[35, 45]
