105,1 4
73,3 1
343,1 1
4,1 5
73,2 1
73,1 3
222,1 2
319,1 1
49,1 2
0,2 1
0,1 2
315,2 1
315,1 1
45,1 1
311,2 2
182,1 1
311,1 1
17,1 2
275,1 1
154,2 2
154,1 2
392,1 1
271,1 1
98,1 1
126,2 1
126,1 1
94,1 1
122,1 6
219,1 1
360,1 1
66,3 6
66,2 5
336,1 1
66,1 2
215,1 1
62,1 1
211,2 1
211,1 2
308,2 2
38,2 1
308,1 2
38,1 6
175,1 1
304,1 1
34,1 1
292,1 1
268,1 3
30,1 4
143,5 2
264,2 1
143,4 4
264,1 1
143,3 3
143,2 11
143,1 6
119,1 2
357,1 1
83,4 2
83,3 4
83,2 4
353,1 1
83,1 3
59,4 1
232,1 2
59,3 5
59,2 12
329,1 1
59,1 9
111,2 2
111,1 3
196,2 2
325,2 1
196,1 3
325,1 1
204,1 1
289,1 1
51,2 1
321,1 2
51,1 3
200,2 1
168,1 3
200,1 1
27,1 2
285,1 1
23,1 1
378,3 1
281,2 2
281,1 1
378,2 8
378,1 1
136,1 2
253,1 1
132,1 1
229,1 1
108,2 2
108,1 2
225,1 2
3,1 1
72,1 2
221,1 1
189,1 1
100,1 1
44,3 1
185,1 1
314,1 1
44,2 11
44,1 4
310,2 1
40,2 2
310,1 1
40,1 7
16,1 3
274,1 1
391,4 1
153,1 1
391,3 9
12,1 3
391,2 4
391,1 2
129,2 2
129,1 4
97,1 1
246,1 1
125,2 1
125,1 2
242,1 1
218,3 1
218,2 3
218,1 2
65,2 2
65,1 3
214,2 2
214,1 2
299,2 2
61,2 1
299,1 1
61,1 1
210,2 1
178,1 1
210,1 3
295,1 2
174,1 1
303,1 1
146,1 1
142,2 1
142,1 1
380,1 1
118,2 2
118,1 1
356,2 1
356,1 1
86,1 1
235,1 1
114,1 1
82,5 2
82,4 4
82,3 1
82,2 5
82,1 2
231,2 3
199,1 1
58,3 1
231,1 5
58,2 1
328,1 1
58,1 1
110,2 1
110,1 2
195,1 2
54,3 2
54,2 2
324,1 2
54,1 2
191,1 2
26,1 1
284,2 1
284,1 1
163,1 3
22,2 1
22,1 1
377,4 2
377,3 5
280,1 2
377,2 4
377,1 2
256,1 1
252,1 1
131,2 1
131,1 5
228,1 2
107,1 2
6,1 1
345,1 1
75,1 1
224,2 1
224,1 1
103,1 2
2,2 1
2,1 1
341,1 1
47,1 3
184,1 1
313,1 1
43,1 1
19,1 1
180,2 1
180,1 4
277,1 2
156,2 1
156,1 1
273,1 3
152,2 1
152,1 1
128,3 1
128,2 1
128,1 4
366,1 1
96,1 3
92,2 2
362,1 1
92,1 2
241,1 1
68,1 2
120,1 1
64,3 2
64,2 3
64,1 1
330,1 1
60,1 1
36,1 2
302,8 1
302,7 2
302,6 2
302,5 1
294,1 2
302,4 9
32,4 2
302,3 5
32,3 2
302,2 4
302,1 1
32,2 6
32,1 4
149,3 1
149,2 4
149,1 1
387,1 1
145,3 2
145,2 5
145,1 1
89,2 1
117,7 1
89,1 6
117,6 2
141,1 2
117,5 2
117,4 1
238,1 3
117,3 9
117,2 5
117,1 4
113,1 1
198,2 1
198,1 1
57,2 2
57,1 5
206,1 1
194,1 1
202,5 1
323,1 1
53,2 4
202,4 2
53,1 5
202,3 2
202,2 2
202,1 3
29,2 4
29,1 2
287,2 1
287,1 3
166,1 1
25,2 3
25,1 5
283,1 1
21,2 4
21,1 5
376,4 1
138,1 3
376,3 11
376,2 4
376,1 1
255,2 2
255,1 2
372,4 1
372,3 3
227,9 1
372,2 1
372,1 1
227,8 2
227,7 2
227,6 1
251,1 1
227,5 6
227,4 5
78,1 1
227,3 5
130,1 2
227,2 6
227,1 2
106,1 1
344,2 1
344,1 1
70,3 2
70,2 3
70,1 2
187,1 3
316,1 1
183,5 2
183,4 2
183,3 6
183,2 4
183,1 1
42,2 1
42,1 1
159,3 2
159,2 3
159,1 2
14,8 1
14,7 2
14,6 2
14,5 1
14,4 9
155,1 1
14,3 5
14,2 5
14,1 4
369,1 1
248,1 1
10,2 1
10,1 8
127,1 1
244,1 1
123,1 1
67,1 1
216,2 1
216,1 1
333,1 1
212,3 2
212,2 5
212,1 3
309,1 1
297,1 2
293,1 1
172,1 2
31,1 1
148,2 1
148,1 1
386,1 1
382,1 1
140,5 1
116,8 1
140,4 2
88,2 1
116,7 2
140,3 2
140,2 2
88,1 2
116,6 2
116,5 1
140,1 3
116,4 9
116,3 5
116,2 4
116,1 1
84,1 1
112,2 1
112,1 1
209,1 1
350,1 1
56,6 1
56,5 2
80,1 1
56,4 2
56,3 1
197,1 2
56,2 9
56,1 4
205,1 1
169,8 1
193,3 4
169,7 2
169,6 2
193,2 11
193,1 5
169,5 1
169,4 9
201,3 1
169,3 5
201,2 9
169,2 4
169,1 2
201,1 3
286,3 1
286,2 3
286,1 1
165,1 1
161,4 1
379,1 1
161,3 2
161,2 2
161,1 2
258,1 1
254,3 2
254,2 2
254,1 1
133,1 1
109,1 1
250,1 1
347,1 1
8,1 3
105,2 6
