[99, 68]
[211, 114]
[173, 22, 162, 64, 53, 8, 69, 9]
[173, 22, 64, 149, 47, 45]
[52, 24, 144]
[0, 11]
[22, 162, 64, 53, 136, 62, 63, 41, 42, 114]
[108, 64, 53, 136, 62, 63, 41]
[149, 47]
[96, 64, 53, 136, 62, 63, 41, 42, 114]
[130, 131]
[194, 83, 84]
[69, 9]
[173, 22, 64, 53, 136, 62]
[31, 18, 200]
[14, 171, 110]
[132, 86]
[10, 92, 88, 84]
[53, 60, 62, 63, 41]
[63, 37]
[53, 8, 69, 120]
[64, 149]
[173, 22, 162, 64, 53]
[62, 63, 41]
[173, 22, 64, 53, 60]
[21, 55]
[24, 52, 88, 84]
[31, 18, 77]
[54, 31]
[70, 71]
[108, 64, 53, 8, 45]
[108, 64, 53, 8, 69]
[108, 64, 53, 136, 62, 63, 41, 42, 114]
[195, 18, 11]
[136, 62, 63, 41]
[78, 79]
[60, 62, 45]
[94, 95]
[173, 22, 162, 64, 53, 8, 9]
[105, 14, 171, 110]
[64, 53, 35]
[136, 9]
[39, 186]
[83, 24, 25, 88]
[146, 147]
[160, 138]
[105, 14, 139, 15]
[162, 64, 53, 8, 69, 9]
[14, 139, 15]
[53, 60, 62, 63]
[173, 22, 64, 53, 136, 62, 63, 37]
[108, 64, 53, 35, 45]
[162, 64, 53, 136, 62, 63, 37]
[64, 53, 8, 69, 120]
[162, 64, 53, 136, 62, 63, 41, 45]
[22, 64, 53, 35]
[64, 53, 60, 62, 45]
[83, 88]
[125, 104]
[92, 88, 84]
[173, 22, 162, 64, 53, 136, 62, 63, 41, 45]
[195, 18, 77]
[22, 162, 64, 149]
[22, 64, 53, 136, 62, 63, 41, 42, 114]
[22, 162, 64, 53, 60, 62, 63]
[194, 83, 88]
[173, 22, 64, 53, 8, 165]
[152, 80, 27, 28]
[25, 88]
[8, 120]
[53, 60, 62, 45]
[194, 83, 24, 25, 88, 84]
[2, 3]
[22, 64, 53, 136, 62]
[22, 162, 64, 53, 60, 62, 63, 37, 38]
[96, 64, 53, 8, 69, 9]
[108, 64, 53, 136]
[135, 73]
[173, 22, 64, 53, 136, 62, 63]
[108, 64, 53, 60, 62, 63]
[173, 22, 64, 53, 8, 120]
[29, 30]
[54, 31, 18, 43, 44]
[8, 165]
[22, 162, 64, 53, 60, 62, 63, 41, 45]
[24, 118]
[50, 189]
[214, 10, 92, 84]
[215, 91]
[54, 31, 18]
[150, 213]
[29, 55]
[52, 88, 84]
[22, 64, 53, 136, 62, 63, 37, 38]
[22, 162, 64, 53, 136, 62, 63, 41]
[22, 162, 64, 53, 8, 69, 120]
[64, 53, 8, 45]
[108, 64, 53, 8]
[64, 53, 8, 69]
[162, 64, 53, 136, 62, 63, 37, 38]
[14, 115, 216]
[67, 68]
[83, 84]
[31, 32, 143]
[65, 66]
[195, 18]
[22, 64, 53, 136, 62, 63, 41, 42]
[64, 53, 60, 120]
[122, 197]
[151, 91]
[83, 24, 144]
[108, 64, 149, 47]
[96, 64, 53, 60, 62, 45]
[39, 102]
[101, 119]
[108, 64, 53, 60, 62, 63, 37]
[173, 22, 64, 53, 136, 140]
[53, 136, 62, 63]
[157, 158]
[22, 162, 64, 53, 136, 62, 63]
[173, 22, 64, 181]
[214, 10, 92]
[48, 49, 167]
[173, 22, 162, 64, 53, 136, 62, 63, 41, 42]
[83, 88, 84]
[108, 64, 53, 60, 62, 63, 37, 38]
[108, 64, 53, 8, 69, 120]
[13, 180]
[173, 22, 162, 64, 53, 136, 62, 63, 37, 38]
[100, 82]
[214, 10, 92, 88]
[208, 209]
[16, 199]
[83, 24, 25, 88, 84]
[204, 205]
[64, 53, 35, 36]
[173, 22, 162, 64, 53, 8, 69]
[173, 22, 193]
[173, 22, 162, 64, 53, 8, 45]
[105, 14, 115, 187]
[212, 45]
[43, 44]
[22, 64, 53, 136, 62, 63, 41, 45]
[22, 162, 64, 53, 60, 62, 63, 41, 42]
[108, 64, 53, 35]
[162, 64, 53, 136, 9]
[64, 53, 60, 62, 63, 41]
[0, 1]
[8, 69, 120]
[22, 162, 64, 192]
[83, 24]
[105, 14, 115, 145]
[108, 64, 53, 60, 62, 45]
[14, 171]
[105, 26, 1]
[173, 22, 162, 64, 53, 60, 62, 63]
[53, 136, 62, 63, 37]
[64, 53, 60, 62, 63, 37, 38]
[83, 24, 52, 88]
[22, 162, 64, 53, 8, 69]
[60, 62, 63, 41]
[6, 11]
[22, 162, 64, 53, 8, 45]
[180, 70, 71]
[53, 60, 120]
[53, 35]
[52, 91]
[93, 45]
[22, 64, 181]
[173, 22, 64, 53, 8, 69]
[173, 22, 64, 53, 8, 45]
[22, 64, 53, 136, 62, 63, 37]
[177, 178]
[60, 62, 63, 37, 45]
[173, 22, 64, 53, 8, 9]
[24, 52, 91]
[96, 64, 53, 35]
[64, 53, 136, 62, 63, 37, 38]
[173, 22, 162, 64, 181]
[96, 64, 53, 60, 62, 63]
[12, 76]
[162, 64, 53, 8]
[53, 136, 140]
[31, 18]
[53, 136]
[14, 115, 145]
[108, 64]
[22, 162, 64, 53, 60, 62, 45]
[162, 64, 53, 136, 62, 63, 41, 42]
[96, 64, 53, 60, 62, 63, 37, 38]
[2, 123, 91]
[53, 136, 62, 63, 37, 45]
[105, 14, 15]
[22, 162, 64, 53, 136, 62, 45]
[53, 136, 62, 45]
[150, 12, 13, 180]
[54, 31, 18, 77]
[22, 193]
[22, 162, 64]
[60, 120]
[35, 45]
[22, 64, 53, 136, 140]
[96, 64, 53, 136, 62, 63, 41]
[173, 22, 64, 53, 60, 62, 63, 37]
[8, 9]
[53, 35, 45]
[173, 22, 162, 64, 53, 8, 69, 120]
[22, 64, 53, 60, 120]
[31, 18, 170]
[136, 62, 63, 41, 45]
[113, 114]
[81, 66]
[72, 73]
[96, 64, 53, 60, 62, 63, 37]
[152, 80, 27, 87]
[22, 162, 64, 53]
[48, 49]
[56, 57]
[115, 145]
[173, 22, 64, 53]
[173, 22, 64, 53, 60, 62, 63, 41, 42, 114]
[64, 192]
[150, 12, 13, 135]
[173, 22, 64, 53, 8]
[22, 162, 64, 53, 136, 62, 63, 41, 45]
[150, 12, 13, 180, 70, 71]
[148, 15, 201]
[22, 64, 53, 60, 62, 63, 37, 38]
[173, 22, 162]
[96, 64, 53, 136, 62, 63, 41, 42]
[8, 69, 9]
[88, 84]
[22, 162, 64, 53, 8, 9]
[83, 24, 52]
[162, 64, 53, 60, 62, 63, 41, 42, 114]
[54, 31, 18, 19]
[108, 64, 53, 136, 62, 63, 37, 38]
[39, 1]
[195, 18, 196]
[63, 37, 38]
[136, 62, 63, 41, 42]
[173, 22, 162, 64, 53, 60]
[13, 180, 70, 71]
[22, 64, 53, 60, 62, 63, 41, 45]
[42, 114]
[31, 18, 19]
[162, 64, 53, 60, 62, 63, 41, 45]
[18, 43]
[39, 34]
[22, 64, 53, 8, 69, 9]
[99, 68, 76]
[162, 64, 53, 136, 62]
[64, 53, 8, 69, 9]
[126, 127]
[64, 53, 136, 62, 63, 41, 45]
[22, 64, 53, 8, 120]
[194, 83, 24, 25]
[0, 1, 84]
[64, 53, 60]
[121, 122, 197]
[54, 31, 18, 196]
[162, 64, 53, 60, 62, 63]
[60, 62, 63, 37]
[47, 45]
[22, 162, 64, 53, 136, 62, 63, 41, 42]
[105, 14, 115, 161]
[22, 162, 64, 181]
[194, 83, 24, 118]
[79, 203]
[12, 13]
[173, 22, 162, 64, 53, 136, 9]
[108, 64, 149]
[83, 24, 52, 91]
[64, 53, 136, 140]
[63, 41, 42, 114]
[54, 31, 18, 11]
[96, 64, 53, 35, 36]
[173, 22, 64, 53, 136, 62, 63, 41, 45]
[96, 64, 53, 60, 61]
[162, 64, 53, 60, 61]
[96, 64, 53, 60, 120]
[83, 24, 98]
[150, 99, 76]
[150, 12, 76]
[173, 22, 162, 64, 53, 60, 62, 63, 37, 45]
[64, 149, 47, 45]
[162, 64, 192]
[22, 162, 64, 53, 60, 62, 63, 41]
[31, 18, 196]
[52, 24, 118]
[162, 64, 53, 136, 62, 45]
[156, 7]
[54, 31, 18, 170]
[31, 46]
[173, 22, 64, 53, 60, 62, 63, 37, 38]
[96, 64, 53, 60, 62]
[162, 64, 53, 60, 62]
[108, 64, 53, 60, 62, 63, 37, 45]
[64, 53, 136, 62, 63, 41, 42]
[115, 187]
[22, 64, 53, 8, 165]
[173, 22, 64, 53, 136, 62, 63, 37, 38]
[108, 64, 53, 136, 62]
[12, 13, 135]
[173, 22, 162, 64, 53, 136, 62, 63, 37, 45]
[162, 64, 53, 60, 62, 63, 37]
[108, 64, 53, 136, 9]
[149, 47, 45]
[102, 11]
[148, 15, 110]
[64, 53, 60, 62, 63, 37, 45]
[116, 117]
[22, 162, 64, 53, 8, 165]
[53, 60, 62, 63, 41, 42, 114]
[16, 17]
[22, 64, 53, 8]
[62, 63, 37, 45]
[173, 22, 162, 64, 149, 47, 45]
[60, 62, 63]
[22, 162, 64, 53, 136, 62, 63, 37, 45]
[108, 64, 53, 136, 62, 63, 37]
[41, 45]
[54, 31, 32]
[194, 102, 11]
[115, 161]
[162, 64, 53, 8, 165]
[194, 83, 24, 52, 91]
[22, 64, 53, 60, 62]
[162, 64, 53, 60]
[96, 64, 181]
[22, 64, 53, 60, 62, 63, 37]
[207, 181]
[65, 104]
[22, 162, 163]
[173, 22, 162, 64, 53, 136, 62, 63, 41, 42, 114]
[162, 64, 53, 60, 62, 45]
[195, 18, 19]
[105, 14]
[162, 163]
[96, 64, 53, 136, 62]
[162, 64, 53, 136, 62, 63, 41]
[108, 64, 192]
[22, 162, 64, 53, 35, 36]
[79, 112]
[173, 22, 64, 53, 136, 9]
[27, 28]
[22, 162, 64, 53, 8, 120]
[173, 22, 64, 53, 8, 69, 120]
[6, 7]
[69, 120]
[214, 10, 11]
[173, 22, 64, 53, 35]
[13, 180, 70]
[96, 64, 53, 136, 140]
[154, 155]
[41, 42]
[214, 10, 92, 88, 84]
[10, 92]
[115, 30]
[157, 191]
[31, 18, 11]
[18, 43, 44]
[173, 22, 64, 53, 136, 62, 45]
[99, 76]
[22, 64, 53, 136, 62, 63, 37, 45]
[64, 53, 60, 62, 63]
[53, 60, 62, 63, 37, 38]
[152, 153]
[162, 64, 53, 8, 45]
[162, 64, 53, 8, 69]
[173, 22, 64, 53, 35, 45]
[195, 18, 170]
[173, 22, 162, 64, 53, 35, 45]
[150, 12, 13]
[96, 64, 53, 136, 62, 63, 41, 45]
[79, 134]
[126, 106]
[162, 64, 53, 136, 62, 63]
[22, 162, 64, 53, 136, 140]
[96, 64, 53]
[137, 138]
[162, 64, 53, 8, 120]
[150, 12, 13, 180, 70]
[50, 7]
[103, 27]
[173, 22]
[183, 21]
[52, 24, 25]
[67, 68, 76]
[22, 64, 149]
[22, 64, 53, 60, 61]
[148, 142]
[72, 73, 91]
[105, 26, 1, 84]
[32, 143]
[162, 64, 53, 60, 62, 63, 41, 42]
[96, 64, 53, 8, 69, 120]
[4, 5]
[53, 136, 9]
[60, 62, 63, 41, 42, 114]
[83, 24, 52, 88, 84]
[173, 69]
[53, 8, 9]
[80, 27]
[195, 18, 43, 44]
[22, 162, 64, 53, 60, 61]
[83, 24, 118]
[173, 22, 162, 64, 53, 136, 62, 63, 41]
[173, 22, 162, 64, 53, 60, 62, 63, 37]
[128, 129]
[22, 162, 64, 53, 8]
[24, 25]
[148, 15]
[172, 90]
[108, 64, 53, 8, 9]
[22, 162, 64, 53, 60, 62]
[150, 99, 68, 76]
[22, 162, 64, 149, 47, 45]
[150, 99, 182]
[96, 64, 53, 8, 165]
[108, 64, 53, 60, 120]
[96, 64, 53, 60]
[150, 56, 57]
[64, 53, 136, 62, 45]
[50, 77]
[152, 80, 27]
[162, 64, 53, 136, 140]
[53, 8, 165]
[26, 15, 110]
[152, 80]
[162, 64, 53, 60, 120]
[24, 52, 82]
[80, 179]
[24, 52, 84]
[108, 64, 53, 60, 62, 63, 41]
[105, 14, 139, 15, 110]
[89, 90]
[96, 64, 149, 47]
[136, 62, 45]
[22, 64, 53, 60, 62, 63, 41]
[62, 63]
[73, 91]
[96, 64, 53, 60, 62, 63, 41, 42, 114]
[194, 102]
[39, 102, 11]
[150, 56]
[16, 124]
[24, 98]
[37, 45]
[101, 19]
[123, 91]
[96, 64, 53, 136, 9]
[136, 62]
[53, 60]
[39, 198]
[22, 64, 53, 35, 36]
[195, 18, 200]
[74, 75]
[22, 64, 53, 60, 62, 63]
[58, 59]
[53, 8]
[194, 83]
[62, 63, 41, 45]
[62, 63, 41, 42]
[29, 145]
[31, 18, 43, 44]
[12, 13, 180]
[105, 14, 15, 201]
[22, 64, 53, 136, 62, 63]
[78, 79, 134]
[24, 52]
[105, 26, 15]
[22, 162, 64, 53, 60, 120]
[22, 23]
[173, 22, 162, 64, 53, 60, 62, 63, 41]
[53, 136, 62, 63, 41, 42, 114]
[54, 31, 18, 200]
[24, 52, 88]
[162, 64, 53, 35, 36]
[173, 22, 162, 64, 53, 35]
[20, 21, 55]
[64, 53, 136, 62, 63, 41]
[126, 106, 107]
[108, 64, 181]
[6, 142]
[51, 11]
[14, 15, 201]
[162, 64, 53]
[53, 60, 62, 63, 41, 42]
[13, 135, 73]
[54, 31, 32, 143]
[39, 131]
[64, 53, 8, 165]
[53, 60, 62, 63, 41, 45]
[195, 18, 43]
[22, 64, 53]
[136, 62, 63]
[150, 12]
[14, 139, 15, 110]
[108, 64, 53, 35, 36]
[162, 64, 149]
[96, 64, 53, 136]
[115, 216]
[78, 79, 112]
[103, 27, 87]
[22, 64, 53, 60, 62, 63, 41, 42, 114]
[13, 135]
[12, 13, 135, 73, 91]
[22, 64, 53, 8, 69, 120]
[26, 15]
[173, 22, 64, 53, 8, 69, 9]
[26, 109, 110]
[162, 64]
[173, 22, 162, 64, 53, 136, 140]
[96, 64, 53, 8, 9]
[53, 8, 120]
[105, 26, 15, 110]
[194, 83, 24, 25, 88]
[12, 46]
[132, 133]
[8, 69]
[8, 45]
[52, 24, 98]
[97, 71]
[173, 22, 64, 53, 60, 62, 63, 41]
[111, 112]
[64, 53, 8, 120]
[10, 92, 88]
[26, 1]
[63, 41]
[22, 64, 53, 60, 62, 45]
[64, 53, 136, 62, 63, 37, 45]
[18, 170]
[27, 87]
[54, 31, 18, 43]
[105, 14, 171]
[173, 22, 64, 53, 136]
[52, 84]
[96, 64, 149]
[136, 62, 63, 37, 45]
[49, 167]
[119, 143]
[157, 210]
[162, 64, 53, 60, 62, 63, 37, 45]
[214, 10]
[194, 83, 24, 144]
[206, 82]
[53, 60, 62, 63, 37]
[53, 136, 62, 63, 37, 38]
[10, 11]
[105, 14, 15, 110]
[173, 22, 64, 53, 136, 62, 63, 41, 42]
[60, 62, 63, 37, 38]
[111, 134]
[136, 62, 63, 37]
[35, 36]
[33, 34]
[64, 53, 60, 62, 63, 41, 42, 114]
[64, 53, 136, 62, 63, 41, 42, 114]
[139, 15, 110]
[96, 64, 53, 60, 62, 63, 37, 45]
[22, 64, 53, 8, 9]
[164, 145]
[173, 22, 64, 53, 136, 62, 63, 41]
[106, 107]
[18, 196]
[174, 175]
[105, 26, 109, 110]
[14, 15, 110]
[64, 53, 136, 9]
[22, 64, 192]
[22, 162, 64, 53, 35]
[78, 79, 203]
[164, 30]
[25, 88, 84]
[162, 64, 53, 35]
[12, 13, 180, 70]
[63, 41, 45]
[18, 19]
[136, 62, 63, 41, 42, 114]
[22, 64]
[173, 22, 162, 64, 192]
[96, 64, 53, 8, 120]
[10, 92, 84]
[173, 22, 162, 64, 53, 60, 62, 63, 37, 38]
[108, 64, 53]
[22, 162, 64, 53, 8, 69, 9]
[80, 190]
[20, 21]
[202, 209]
[152, 80, 179]
[12, 13, 180, 70, 71]
[171, 110]
[96, 64, 53, 136, 62, 63, 37, 38]
[85, 86]
[63, 41, 42]
[62, 63, 37]
[22, 64, 53, 60]
[64, 53, 60, 61]
[80, 27, 87]
[173, 22, 64, 192]
[121, 122]
[173, 22, 162, 64, 53, 60, 62, 63, 41, 42, 114]
[194, 83, 88, 84]
[109, 110]
[164, 55]
[151, 84]
[105, 26, 109]
[64, 53, 35, 45]
[173, 22, 162, 64, 53, 136, 62, 45]
[64, 53, 60, 62]
[52, 82]
[173, 22, 64, 53, 60, 62, 63]
[173, 22, 162, 64]
[108, 64, 53, 8, 69, 9]
[22, 64, 53, 60, 62, 63, 41, 42]
[184, 185]
[64, 53]
[96, 64, 53, 8, 45]
[60, 62]
[83, 24, 52, 84]
[108, 64, 53, 136, 62, 63, 41, 45]
[22, 162, 64, 149, 47]
[96, 64, 53, 35, 45]
[173, 22, 64, 53, 136, 62, 63, 41, 42, 114]
[168, 169]
[173, 22, 162, 163]
[173, 22, 64, 149, 47]
[18, 77]
[22, 162, 64, 53, 60]
[105, 14, 115, 30]
[139, 15]
[162, 64, 53, 136, 62, 63, 41, 42, 114]
[14, 115, 30]
[60, 61]
[139, 15, 201]
[173, 69, 9]
[173, 22, 64, 53, 60, 62, 63, 37, 45]
[173, 22, 64, 53, 35, 36]
[150, 99, 68]
[108, 64, 53, 8, 165]
[173, 22, 162, 64, 53, 60, 62, 45]
[64, 181]
[101, 119, 143]
[183, 21, 55]
[20, 141]
[162, 64, 53, 8, 9]
[64, 149, 47]
[53, 60, 62]
[24, 25, 88]
[136, 62, 63, 37, 38]
[22, 162, 64, 53, 136, 62]
[22, 162, 64, 53, 136, 9]
[53, 136, 62]
[96, 64, 53, 136, 62, 63, 37, 45]
[22, 162]
[64, 53, 60, 62, 63, 37]
[39, 1, 84]
[194, 83, 24, 52, 88]
[53, 60, 61]
[26, 109]
[64, 53, 8]
[108, 64, 149, 47, 45]
[103, 27, 28]
[96, 64, 53, 8, 69]
[173, 22, 162, 64, 53, 8, 165]
[41, 42, 114]
[64, 53, 60, 62, 63, 41, 42]
[68, 76]
[14, 115, 187]
[31, 32]
[96, 64, 53, 136, 62, 45]
[1, 84]
[162, 64, 149, 47]
[22, 64, 53, 136, 62, 63, 41]
[92, 84]
[128, 159]
[39, 40]
[162, 64, 181]
[173, 22, 162, 64, 53, 60, 62, 63, 41, 45]
[12, 13, 135, 73]
[108, 64, 53, 136, 62, 63, 41, 42]
[64, 53, 136, 62]
[173, 22, 162, 64, 53, 136, 62, 63]
[64, 53, 136]
[173, 22, 64, 53, 60, 62, 45]
[53, 136, 62, 63, 41]
[52, 88]
[173, 22, 162, 64, 53, 136]
[108, 64, 53, 60]
[173, 22, 162, 64, 53, 60, 62, 63, 41, 42]
[14, 115, 161]
[83, 24, 52, 82]
[136, 140]
[135, 73, 91]
[64, 53, 60, 62, 63, 41, 45]
[173, 22, 162, 64, 53, 136, 62, 63, 37]
[64, 53, 8, 9]
[18, 11]
[173, 22, 64]
[162, 64, 53, 60, 62, 63, 37, 38]
[53, 60, 62, 63, 37, 45]
[108, 64, 53, 136, 62, 63, 37, 45]
[202, 77]
[108, 64, 53, 60, 62, 63, 41, 42]
[22, 64, 53, 8, 69]
[22, 64, 53, 8, 45]
[125, 66]
[176, 138]
[96, 64, 53, 136, 62, 63, 37]
[26, 1, 84]
[162, 64, 53, 8, 69, 120]
[108, 64, 53, 60, 62, 63, 41, 42, 114]
[22, 64, 53, 136, 9]
[108, 64, 53, 136, 140]
[162, 64, 53, 35, 45]
[96, 64, 53, 60, 62, 63, 41, 42]
[137, 77]
[173, 69, 120]
[48, 77]
[173, 22, 64, 53, 60, 62, 63, 41, 45]
[166, 19]
[173, 22, 64, 53, 60, 62]
[18, 200]
[194, 83, 24, 52]
[173, 22, 162, 64, 149, 47]
[53, 136, 62, 63, 41, 45]
[105, 14, 139]
[96, 64, 53, 60, 62, 63, 41]
[105, 14, 115]
[173, 22, 162, 64, 53, 136, 62]
[2, 123]
[92, 88]
[152, 80, 190]
[162, 64, 53, 136]
[173, 22, 64, 53, 60, 61]
[37, 38]
[173, 22, 64, 149]
[105, 26, 15, 201]
[105, 14, 115, 216]
[173, 22, 162, 64, 53, 60, 120]
[15, 110]
[64, 53, 136, 62, 63]
[105, 26]
[52, 24, 25, 88]
[26, 15, 201]
[162, 64, 53, 136, 62, 63, 37, 45]
[13, 135, 73, 91]
[108, 64, 53, 60, 62, 63, 41, 45]
[108, 64, 53, 60, 61]
[22, 64, 53, 136, 62, 45]
[96, 64, 53, 136, 62, 63]
[22, 162, 64, 53, 60, 62, 63, 37, 45]
[60, 62, 63, 41, 42]
[83, 24, 25]
[96, 64]
[105, 14, 139, 15, 201]
[22, 64, 53, 136]
[173, 22, 162, 64, 53, 8, 120]
[99, 182]
[53, 8, 69, 9]
[173, 22, 64, 53, 136, 62, 63, 37, 45]
[108, 64, 53, 136, 62, 45]
[150, 12, 13, 135, 73]
[173, 22, 162, 64, 53, 35, 36]
[108, 64, 53, 60, 62]
[62, 45]
[52, 24, 25, 88, 84]
[14, 139, 15, 201]
[14, 15]
[194, 83, 24]
[24, 144]
[22, 64, 149, 47]
[53, 136, 62, 63, 41, 42]
[22, 64, 53, 60, 62, 63, 37, 45]
[64, 53, 136, 62, 63, 37]
[22, 162, 64, 53, 136, 62, 63, 37, 38]
[96, 64, 53, 60, 62, 63, 41, 45]
[52, 24]
[108, 64, 53, 136, 62, 63]
[14, 139]
[14, 115]
[173, 22, 162, 64, 53, 8]
[80, 27, 28]
[194, 83, 24, 52, 82]
[96, 64, 53, 8]
[22, 64, 149, 47, 45]
[22, 64, 53, 35, 45]
[188, 45]
[173, 22, 23]
[22, 162, 64, 53, 60, 62, 63, 37]
[194, 83, 24, 52, 88, 84]
[173, 22, 162, 64, 149]
[173, 22, 64, 53, 60, 62, 63, 41, 42]
[173, 22, 64, 53, 60, 120]
[22, 162, 64, 53, 136]
[24, 25, 88, 84]
[96, 64, 192]
[54, 31, 46]
[62, 63, 41, 42, 114]
[96, 64, 149, 47, 45]
[53, 8, 45]
[194, 83, 24, 98]
[53, 8, 69]
[173, 22, 162, 64, 53, 60, 62]
[22, 162, 64, 53, 136, 62, 63, 37]
[162, 64, 53, 60, 62, 63, 41]
[150, 99]
[162, 64, 149, 47, 45]
[53, 35, 36]
[108, 64, 53, 8, 120]
[22, 162, 64, 53, 35, 45]
[180, 70]
[62, 63, 37, 38]
[150, 12, 13, 135, 73, 91]
[22, 162, 64, 53, 60, 62, 63, 41, 42, 114]
[194, 83, 24, 52, 84]
[150, 12, 46]
[60, 62, 63, 41, 45]
[63, 37, 45]
[15, 201]
[173, 22, 162, 64, 53, 60, 61]
[31, 18, 43]
