0 1
2 3
4 5
6 7
8 9
10 11
12 13
14 15
16 17
18 19
20 21
22 23
24 25
26 1
27 28
29 30
26 15
31 32
33 34
35 36
37 38
39 40
41 42
43 44
37 45
46 45
47 48
49 7
50 11
24 51
52 35
53 31
21 54
55 56
57 58
59 60
61 62
22 63
64 65
66 67
63 52
68 9
18 11
69 70
52 59
71 72
73 74
12 75
18 76
77 78
79 27
80 65
51 81
82 83
67 75
84 85
8 68
27 86
82 87
88 89
51 90
91 83
92 45
6 11
93 63
94 70
51 24
24 95
51 83
96 75
97 81
98 19
39 99
100 27
52 8
64 101
102 14
103 104
105 63
106 107
108 109
110 111
14 112
113 114
24 115
98 116
68 117
41 45
118 119
120 90
91 87
16 121
122 101
123 124
39 34
15 107
102 26
29 54
125 126
127 128
129 130
108 131
132 72
49 76
133 9
134 135
136 15
133 137
20 138
6 139
116 140
24 141
112 142
18 43
143 15
62 37
63 144
52 133
145 12
146 90
147 148
133 61
149 150
151 7
152 153
125 154
155 135
112 156
157 158
134 76
159 54
8 160
161 19
48 162
163 164
2 120
18 165
61 45
78 109
14 166
167 89
87 83
14 136
144 46
168 22
59 61
169 170
171 135
1 83
79 172
96 67
173 69
147 79
63 174
159 30
39 128
96 175
176 21
177 178
39 179
31 18
59 117
39 1
112 180
25 87
42 111
181 45
49 182
82 24
79 183
13 173
123 103
32 140
152 184
18 32
63 185
22 186
157 63
187 82
62 41
188 18
13 132
26 106
187 99
168 68
18 189
119 190
22 157
159 142
29 142
39 191
16 192
18 193
8 117
0 11
122 65
15 194
195 76
35 45
78 196
146 83
112 30
12 197
198 199
200 81
201 174
202 203
145 55
99 11
47 76
10 91
145 96
152 204
205 111
72 90
206 45
145 207
8 45
208 10
51 87
195 203
143 139
129 85
78 131
166 107
209 90
112 210
