[77, 111]
[77, 92]
[150, 22]
[64, 65]
[151, 152]
[8, 9]
[193, 115]
[92, 47]
[37, 199]
[133, 166]
[0, 63]
[50, 65]
[97, 39]
[73, 74]
[13, 22]
[102, 22]
[6, 185]
[174, 136]
[33, 53]
[48, 49]
[56, 57]
[22, 43]
[33, 165]
[54, 55]
[61, 62]
[91, 111]
[18, 139]
[63, 65]
[67, 26]
[46, 47]
[55, 96, 25]
[37, 38]
[120, 132]
[33, 192]
[122, 123]
[33, 164]
[168, 39]
[119, 171]
[102, 103]
[182, 183]
[129, 63]
[187, 105]
[8, 202]
[142, 143]
[151, 81]
[0, 65]
[113, 58]
[10, 11]
[45, 13]
[56, 39]
[116, 140]
[194, 170]
[178, 179]
[119, 77]
[79, 80]
[81, 20]
[12, 72]
[142, 1]
[121, 166]
[27, 28]
[133, 68]
[70, 1]
[13, 103]
[95, 82]
[6, 7]
[59, 60]
[33, 34]
[144, 37]
[8, 110]
[25, 26]
[50, 56]
[31, 39]
[82, 83]
[121, 68]
[118, 119]
[114, 115]
[0, 1]
[41, 42]
[64, 1]
[5, 153]
[77, 99]
[70, 41]
[101, 58]
[88, 42]
[4, 58]
[108, 112]
[138, 124]
[4, 134]
[108, 22]
[23, 24]
[18, 86]
[44, 27]
[31, 32]
[55, 125]
[0, 39]
[52, 63]
[88, 149]
[98, 99]
[188, 189]
[18, 19]
[59, 158]
[162, 4]
[33, 61]
[58, 175]
[0, 130]
[67, 87]
[20, 90]
[25, 191]
[12, 13]
[81, 169]
[57, 31]
[33, 157]
[141, 19]
[12, 102]
[2, 3]
[68, 87]
[195, 39]
[137, 32]
[176, 66]
[98, 5]
[8, 171]
[37, 98]
[83, 198]
[184, 22]
[20, 21]
[44, 0]
[33, 84]
[38, 99]
[119, 38]
[27, 39]
[70, 124]
[135, 136]
[70, 63]
[33, 160]
[59, 66]
[88, 89]
[32, 115]
[136, 78]
[38, 134]
[61, 69]
[33, 201]
[180, 181]
[85, 86]
[63, 1]
[29, 30]
[93, 94]
[142, 56]
[161, 94]
[92, 159]
[50, 51]
[184, 19]
[4, 5]
[162, 63]
[116, 67]
[58, 44]
[119, 33]
[52, 41]
[98, 111]
[77, 78]
[109, 20]
[44, 142]
[5, 190, 41]
[33, 71]
[129, 130]
[176, 177]
[196, 197]
[81, 163]
[102, 108]
[29, 39]
[52, 1]
[58, 66]
[52, 124]
[57, 29]
[12, 100]
[120, 30]
[37, 88]
[44, 50]
[104, 105]
[116, 117]
[83, 172]
[67, 68]
[77, 5]
[5, 173]
[91, 92]
[75, 76]
[16, 17]
[6, 128]
