153,5 2
153,4 2
80,1 1
153,3 2
153,2 6
153,1 4
151,2 2
151,1 2
46,1 1
208,1 1
130,1 2
117,1 2
206,1 1
29,2 1
29,1 1
115,1 1
186,1 1
204,1 2
98,1 1
111,3 6
25,1 1
111,2 9
111,1 3
182,2 1
182,1 1
94,1 1
165,8 1
165,7 2
165,6 2
165,5 1
165,4 9
165,3 5
79,1 1
165,2 4
165,1 2
163,1 1
75,1 2
73,2 1
73,1 1
58,4 1
58,3 8
71,1 2
58,2 3
58,1 1
56,2 4
56,1 5
140,5 1
140,4 2
218,1 1
140,3 2
54,1 3
140,2 2
140,1 3
127,1 1
52,2 3
52,1 2
39,1 2
196,4 2
196,3 5
196,2 4
196,1 2
214,1 1
37,1 1
1,1 1
35,3 1
35,2 8
35,1 3
108,2 2
121,1 1
108,1 1
210,1 1
179,1 1
33,1 2
175,9 1
190,1 1
175,8 2
175,7 2
175,6 1
31,1 2
18,2 8
18,1 5
175,5 6
104,1 1
175,4 5
175,3 5
89,1 1
175,2 6
175,1 2
16,1 2
100,8 1
87,3 2
87,2 5
100,7 2
87,1 3
100,6 2
14,4 2
173,1 1
100,5 1
14,3 2
100,4 9
14,2 2
100,3 5
14,1 3
100,2 4
100,1 1
85,1 1
12,2 2
12,1 2
10,1 3
68,4 1
68,3 2
68,2 2
68,1 2
154,1 2
66,1 3
152,2 1
139,2 1
152,1 1
139,1 1
64,5 1
64,4 2
64,3 2
64,2 2
64,1 3
137,1 2
62,1 1
135,1 1
60,1 1
47,1 1
133,1 2
45,2 1
209,1 1
131,2 1
45,1 2
131,1 2
118,1 1
220,1 1
43,2 2
43,1 7
114,8 1
114,7 2
114,6 2
114,5 1
114,4 9
41,1 2
28,2 4
114,3 5
26,8 1
28,1 5
114,2 4
26,7 2
114,1 1
26,6 2
185,2 1
26,5 1
185,1 1
26,4 9
26,3 5
26,2 5
26,1 4
112,1 1
97,1 2
24,2 1
24,1 2
168,1 1
22,2 1
22,1 7
93,1 1
20,1 3
78,2 1
91,1 1
78,1 1
164,2 3
164,1 1
76,1 1
149,1 1
74,1 1
160,1 3
70,7 1
70,6 2
57,6 1
70,5 2
57,5 2
70,4 1
57,4 2
70,3 9
70,2 5
57,3 1
70,1 4
57,2 9
143,2 2
57,1 4
143,1 1
8,1 5
55,1 1
141,1 2
128,1 1
6,1 3
217,3 2
217,2 2
217,1 1
53,1 2
126,2 1
126,1 1
4,1 1
197,3 1
197,2 7
197,1 1
51,1 1
2,2 1
124,1 1
2,1 2
213,1 1
36,1 1
0,2 1
109,2 3
0,1 2
109,1 1
120,1 5
107,1 1
178,1 1
105,2 1
19,1 2
105,1 2
176,1 1
30,2 3
30,1 3
103,1 3
174,1 1
15,3 2
15,2 2
15,1 2
101,1 1
159,1 1
84,2 2
84,1 3
170,1 1
157,1 1
69,3 1
69,2 3
155,3 2
69,1 2
155,2 3
155,1 2
