105,1 5
4,2 1
4,1 1
319,1 1
49,1 1
101,2 1
101,1 4
0,3 4
0,2 5
186,4 1
0,1 2
436,1 1
186,3 2
186,2 2
186,1 2
315,1 2
45,1 1
432,1 1
311,2 1
279,1 1
41,2 1
311,1 4
158,3 3
41,1 6
408,1 1
158,2 5
158,1 2
396,1 1
275,1 1
404,1 1
154,1 1
271,1 2
368,1 1
98,1 1
150,2 2
150,1 4
247,2 2
247,1 2
126,2 2
126,1 3
94,2 1
364,1 1
243,3 2
94,1 6
243,2 5
243,1 3
122,1 2
90,1 1
66,1 1
215,1 1
62,3 1
62,2 1
332,1 1
62,1 1
34,4 2
175,2 2
34,3 2
175,1 2
34,2 6
34,1 4
292,1 1
421,1 1
300,2 2
300,1 4
147,3 1
147,2 1
147,1 4
385,1 1
381,1 1
260,1 2
357,1 1
353,1 1
329,1 1
111,1 1
325,1 1
55,2 1
55,1 3
204,2 1
204,1 2
289,3 2
418,4 1
321,2 2
418,3 11
192,1 3
289,2 2
321,1 1
289,1 1
418,2 4
418,1 1
51,1 3
168,1 1
200,1 2
27,2 2
27,1 2
414,4 1
414,3 3
414,2 1
285,1 1
414,1 1
164,1 2
23,1 1
281,1 1
378,1 1
257,1 2
136,1 1
374,1 1
253,3 1
253,2 3
253,1 2
229,1 2
370,2 1
370,1 1
108,1 1
76,3 2
76,2 3
76,1 2
225,1 1
342,1 1
72,1 2
221,1 1
48,3 1
318,2 1
100,3 2
48,2 11
318,1 2
100,2 9
48,1 4
100,1 5
435,1 1
185,1 1
399,1 1
431,1 1
16,1 3
274,1 1
12,1 3
129,1 1
97,2 1
97,1 1
246,1 1
125,2 1
125,1 2
69,2 2
69,1 3
218,1 3
335,1 2
65,2 2
65,1 2
214,1 1
61,2 2
428,1 1
61,1 4
178,2 1
178,1 1
37,1 1
424,1 1
174,1 1
33,1 1
420,3 1
291,1 1
420,2 8
420,1 1
388,1 1
170,2 1
170,1 1
146,1 1
263,1 1
142,1 1
118,1 1
235,5 1
235,4 2
86,1 1
235,3 2
235,2 2
235,1 3
114,1 2
352,2 2
352,1 2
231,1 2
58,3 2
58,2 2
58,1 2
195,2 1
324,2 1
195,1 1
324,1 1
203,1 1
288,1 1
320,1 2
26,2 1
26,1 1
163,5 1
163,4 2
163,3 2
163,2 2
163,1 3
139,1 5
377,3 1
377,2 8
377,1 1
256,1 1
135,2 1
135,1 1
373,1 1
252,2 2
252,1 2
79,3 1
79,2 1
79,1 3
131,1 1
228,1 1
107,1 3
345,1 1
6,1 5
341,8 1
341,7 2
341,6 2
341,5 1
103,1 1
341,4 9
341,3 5
438,4 1
2,2 1
341,2 4
438,3 9
341,1 1
2,1 2
220,4 1
438,2 4
220,3 1
71,1 1
438,1 2
220,2 1
220,1 2
188,1 3
47,2 1
47,1 1
313,1 1
43,2 1
43,1 6
398,2 1
398,1 1
180,1 1
277,1 1
394,1 1
402,1 1
249,2 1
152,1 1
249,1 1
11,1 1
390,1 1
128,2 1
128,1 1
366,1 2
245,2 1
245,1 1
124,1 1
92,1 1
241,2 1
68,3 3
241,1 3
68,2 5
68,1 2
120,1 2
213,5 2
64,3 2
64,2 2
213,4 2
334,1 2
213,3 6
64,1 1
213,2 4
213,1 1
60,6 1
60,5 2
60,4 2
60,3 1
60,2 9
60,1 4
177,1 1
306,1 3
36,1 2
294,1 1
173,2 1
173,1 1
302,2 1
302,1 1
32,1 4
290,2 2
290,1 2
387,2 1
387,1 1
266,1 2
145,2 1
145,1 1
262,1 2
359,1 1
89,1 1
238,1 1
117,1 1
355,2 2
355,1 1
234,3 1
234,2 9
234,1 3
81,1 1
230,2 2
327,2 1
230,1 3
57,2 4
327,1 3
57,1 5
206,1 1
323,1 1
53,1 2
202,2 1
202,1 1
29,1 2
190,1 1
287,1 1
166,3 1
166,2 9
166,1 5
25,2 4
25,1 5
283,2 1
283,1 2
259,2 1
259,1 1
21,1 2
134,7 1
134,6 2
134,5 2
134,4 1
134,3 9
134,2 5
134,1 4
251,3 2
251,2 2
251,1 1
348,1 1
227,3 3
78,1 2
227,2 9
227,1 5
106,1 1
5,1 1
74,1 1
223,1 2
70,3 6
1,2 2
1,1 1
70,2 5
70,1 2
183,3 2
183,2 3
18,8 1
18,7 2
183,1 2
18,6 2
312,1 1
18,5 1
18,4 9
159,1 2
18,3 5
18,2 5
18,1 4
155,1 1
14,2 1
14,1 8
99,2 2
369,1 2
151,2 1
99,1 2
151,1 5
10,2 1
248,1 1
10,1 1
127,2 1
127,1 1
123,2 2
123,1 2
361,1 1
240,1 1
337,1 2
216,1 1
63,2 1
333,1 1
63,1 1
212,1 1
309,1 1
39,1 2
426,1 1
176,1 1
422,1 1
269,1 1
31,2 4
31,1 2
148,1 1
386,1 1
265,2 3
265,1 5
261,9 1
144,2 1
261,8 2
261,7 2
144,1 2
261,6 1
261,5 6
261,4 5
261,3 5
261,2 6
261,1 2
88,2 1
88,1 1
140,1 2
237,1 1
116,2 6
116,1 4
354,2 1
354,1 1
84,1 1
233,1 2
197,8 1
197,7 2
197,6 2
209,1 1
197,5 1
197,4 9
197,3 5
197,2 4
326,3 1
197,1 2
326,2 3
326,1 1
205,1 1
419,4 2
193,1 1
419,3 5
419,2 4
419,1 2
286,1 1
165,2 1
165,1 1
411,1 1
161,1 3
20,1 3
137,1 1
133,8 1
133,7 2
133,6 2
133,5 1
254,1 1
133,4 9
133,3 5
133,2 4
133,1 1
109,1 1
8,1 1
347,1 1
105,2 4
