73,5 2
73,4 2
4,2 1
73,3 1
343,1 1
4,1 1
73,2 9
73,1 4
222,1 1
319,1 2
460,2 1
460,1 1
0,3 8
0,2 6
0,1 2
186,2 1
186,1 5
432,2 3
432,1 2
529,1 1
182,1 2
311,1 1
279,1 2
41,1 2
408,1 1
396,1 1
275,1 2
404,1 1
13,1 1
392,1 1
489,1 1
368,1 1
400,1 1
247,1 1
126,1 1
485,1 1
94,3 2
94,2 3
94,1 2
122,3 2
122,2 10
481,1 1
122,1 5
219,1 1
360,2 1
360,1 1
66,1 1
215,1 1
453,1 1
429,2 1
62,2 1
429,1 1
211,3 3
62,1 3
179,2 1
211,2 9
211,1 5
179,1 1
308,1 2
38,1 4
296,2 2
296,1 2
425,1 1
304,3 1
175,1 5
304,2 3
304,1 2
34,1 1
421,1 1
171,2 1
171,1 1
268,1 1
30,1 1
385,1 1
264,1 1
143,1 2
381,1 1
510,1 1
260,1 1
87,1 1
236,1 1
115,2 1
474,1 1
115,1 6
353,2 2
353,1 1
83,1 1
232,1 3
446,1 1
55,3 1
196,1 2
55,2 11
55,1 4
204,1 2
442,1 1
192,1 2
289,2 1
321,1 1
289,1 3
200,3 2
200,2 9
414,8 1
200,1 5
414,7 2
414,6 2
414,5 1
414,4 9
414,3 5
414,2 4
414,1 1
281,5 1
281,4 2
281,3 2
281,2 2
281,1 3
378,2 2
378,1 2
507,1 1
160,1 1
136,1 4
503,4 2
503,3 5
503,2 4
374,1 1
503,1 2
253,2 1
253,1 2
229,4 1
229,3 2
229,2 2
229,1 2
370,2 1
370,1 4
108,2 1
108,1 1
467,1 1
346,1 2
225,3 2
225,2 3
225,1 2
104,1 1
463,1 1
72,3 1
72,2 1
342,1 1
72,1 1
439,1 1
318,2 2
48,2 1
318,1 3
48,1 6
435,1 1
44,1 1
399,3 2
399,2 1
399,1 3
181,2 1
181,1 4
310,1 2
407,1 2
157,1 3
16,2 2
16,1 8
395,1 1
524,1 1
153,1 2
12,2 1
12,1 1
270,4 1
270,3 1
270,2 1
270,1 2
97,1 1
246,2 1
246,1 1
125,2 4
125,1 5
484,1 1
242,1 1
339,1 1
218,1 1
335,1 1
65,2 6
65,1 3
214,1 1
299,2 1
299,1 1
331,1 1
178,2 1
178,1 2
37,2 4
37,1 2
303,1 2
291,2 1
291,1 2
517,1 1
267,1 1
146,1 1
513,1 1
142,1 1
477,2 1
477,1 1
118,1 1
86,1 1
235,1 3
114,1 3
352,2 1
449,3 2
352,1 1
82,2 2
449,2 8
82,1 3
449,1 1
231,2 1
199,2 1
199,1 1
231,1 1
328,1 1
58,1 3
110,1 1
207,1 1
445,1 1
54,2 1
324,1 2
54,1 1
441,1 2
288,1 1
417,2 2
50,1 6
417,1 2
167,1 1
26,1 2
22,8 1
22,7 2
22,6 2
22,5 1
22,4 9
22,3 5
22,2 5
22,1 4
280,3 2
139,1 1
280,2 9
280,1 3
506,1 1
494,1 1
373,1 1
349,1 1
79,1 1
131,1 1
228,1 1
6,1 1
345,1 1
75,1 2
2,2 1
2,1 2
71,2 2
71,1 4
220,2 1
188,1 1
220,1 1
434,2 1
434,1 1
184,2 5
184,1 7
313,1 2
398,4 2
398,3 1
398,2 3
430,1 1
398,1 1
527,1 1
180,1 1
277,1 2
156,1 2
394,2 1
394,1 1
273,1 1
152,3 1
152,2 1
152,1 2
390,1 1
96,1 2
124,2 2
483,1 1
124,1 2
362,1 1
92,1 1
459,1 1
68,3 2
68,2 2
68,1 2
120,1 3
217,2 2
217,1 2
455,1 1
64,3 6
334,1 1
64,2 3
64,1 1
213,2 1
213,1 1
330,1 1
298,1 2
60,1 2
427,1 2
306,1 2
36,1 1
294,2 1
423,2 2
294,1 1
423,1 1
173,1 2
32,2 3
32,1 2
149,1 1
290,1 1
387,2 2
387,1 1
266,1 1
145,1 2
383,1 1
512,1 1
262,1 1
89,1 2
238,2 2
238,1 6
117,2 1
476,2 1
117,1 1
476,1 1
85,3 5
85,2 5
85,1 2
472,1 1
198,5 1
81,3 3
351,2 1
351,1 2
81,2 9
198,4 2
81,1 4
198,3 2
198,2 2
198,1 3
57,1 1
206,2 1
206,1 1
194,1 3
202,1 1
29,1 1
166,7 1
440,1 1
190,3 1
166,6 2
190,2 4
190,1 1
166,5 2
166,4 1
416,1 1
166,3 9
166,2 5
166,1 4
533,2 2
533,1 1
283,1 1
509,1 1
162,1 1
138,2 5
497,1 1
138,1 4
376,1 1
505,1 1
255,1 1
501,4 1
501,3 11
372,1 1
501,2 4
501,1 1
251,2 1
251,1 1
78,2 6
78,1 3
130,1 1
227,2 2
227,1 2
106,1 1
465,1 1
5,1 1
74,2 1
74,1 1
102,1 1
461,1 1
1,2 6
340,1 1
70,2 4
1,1 2
437,1 2
70,1 5
187,2 2
187,1 4
316,1 2
46,1 2
42,4 2
42,3 2
312,2 3
42,2 6
312,1 5
42,1 4
159,2 1
159,1 1
18,1 3
526,1 1
276,2 2
276,1 3
405,1 2
155,1 2
14,1 4
393,1 1
522,1 1
272,1 2
151,2 2
99,1 2
151,1 3
248,1 2
10,1 1
244,8 1
244,7 2
127,1 1
244,6 2
244,5 1
244,4 9
365,1 3
244,3 5
244,2 4
244,1 2
123,2 1
123,1 4
458,1 1
240,2 1
337,2 2
240,1 1
337,1 2
309,9 1
309,8 2
309,7 2
309,6 1
309,5 6
309,4 5
309,3 5
212,1 1
309,2 6
309,1 2
39,1 2
450,1 1
297,1 1
426,1 1
176,1 1
305,1 1
293,3 2
293,2 5
422,2 1
293,1 3
422,1 1
519,1 1
172,1 3
301,1 1
148,2 2
148,1 2
265,5 2
386,1 2
265,4 2
515,1 1
265,3 6
265,2 4
265,1 1
479,1 1
358,2 1
358,1 1
140,1 1
112,1 1
350,3 1
209,1 1
350,2 2
350,1 1
447,1 1
197,2 1
197,1 2
56,2 1
326,1 2
56,1 1
52,1 1
419,1 1
169,1 1
28,2 4
165,8 1
28,1 5
165,7 2
165,6 2
165,5 1
286,1 1
165,4 9
415,1 1
165,3 5
165,2 4
165,1 1
24,1 1
532,1 1
379,1 2
411,1 1
258,1 1
20,1 5
375,4 2
375,3 9
504,3 2
375,2 4
375,1 2
504,2 8
504,1 1
492,5 2
492,4 1
254,1 1
492,3 3
492,2 1
492,1 1
133,1 1
109,1 1
77,3 6
347,1 1
8,1 5
77,2 3
77,1 1
73,6 1
