0 1
2 3
4 5
6 7
8 9
10 11
12 13
14 15
16 17
18 19
20 21
22 23
24 25
26 27
28 29
30 31
32 33
34 35
36 17
37 38
39 40
1 41
42 43
44 45
46 47
48 49
50 51
52 53
54 13
55 48
56 57
58 59
60 61
62 63
64 65
66 67
68 69
28 70
71 72
73 46
74 13
75 76
77 78
79 80
81 82
83 84
85 86
87 88
89 90
20 91
92 93
94 95
96 11
97 98
99 100
16 101
102 103
104 105
106 107
108 109
110 111
112 113
114 90
71 13
78 41
115 116
117 118
71 119
120 121
122 123
124 102
125 126
127 128
70 129
130 15
131 132
133 134
70 135
136 137
138 112
139 61
140 141
142 21
143 144
145 90
146 147
148 149
70 150
151 97
152 17
136 76
153 154
155 101
156 21
157 158
159 160
41 161
162 163
114 164
165 166
167 168
169 170
171 5
143 150
172 164
173 174
175 45
176 177
178 61
179 180
13 135
181 150
182 183
184 107
120 185
186 162
187 83
20 158
188 189
190 123
160 191
192 193
194 195
196 132
197 107
198 9
199 13
200 195
198 201
202 203
204 205
206 13
85 138
182 76
184 207
28 208
209 147
26 210
211 212
213 214
215 216
217 218
219 69
166 220
109 221
222 223
58 224
225 226
227 156
228 11
198 229
151 230
200 231
232 233
37 234
235 127
236 237
238 239
240 92
122 241
242 243
244 245
246 247
248 249
8 250
2 13
251 140
138 252
253 254
255 256
16 257
258 259
229 61
260 261
262 263
123 35
81 32
217 264
265 42
62 266
220 267
268 269
270 150
136 271
57 147
214 98
272 15
273 274
138 275
225 276
277 278
279 90
280 16
42 68
281 282
248 234
283 284
184 285
157 271
286 170
175 287
288 223
289 24
290 61
118 137
291 5
96 15
50 287
276 292
293 28
294 13
235 128
114 271
125 212
14 21
20 295
296 297
298 203
299 160
166 300
301 302
81 227
303 183
304 178
305 98
306 307
306 287
308 241
123 210
309 310
311 21
312 313
180 314
22 244
145 315
316 317
318 142
319 210
18 320
71 195
321 119
280 322
99 323
123 202
324 325
38 113
326 183
123 90
181 327
328 329
1 14
330 59
264 59
331 224
72 206
58 332
5 333
334 129
42 335
232 336
337 338
339 170
340 341
211 62
342 61
343 344
345 163
346 27
347 348
48 349
50 45
350 351
42 235
352 5
184 353
218 98
200 354
68 124
200 16
173 355
38 356
86 357
358 140
82 359
270 72
351 101
151 176
360 160
155 195
212 361
362 363
275 364
365 332
115 24
149 98
324 366
48 367
280 231
368 359
65 90
60 369
370 101
178 286
65 14
156 183
318 371
372 341
267 61
373 271
194 223
374 98
247 371
375 280
376 377
378 156
55 379
379 380
381 241
14 203
313 90
38 380
281 382
383 384
385 27
386 27
229 304
22 166
387 279
166 73
312 388
310 9
375 127
120 389
175 129
390 391
126 332
73 281
392 129
393 51
394 395
396 397
254 59
16 195
181 167
78 90
398 399
378 90
297 98
276 39
55 38
16 146
272 11
293 150
187 252
400 401
8 310
39 402
293 403
172 315
404 315
405 406
407 344
318 408
32 172
365 224
405 409
94 151
78 14
115 410
411 412
253 413
414 166
0 187
415 271
416 103
181 252
70 28
417 330
28 418
419 420
266 21
125 11
326 137
421 129
349 189
422 13
423 39
55 424
425 203
175 234
184 363
73 8
426 371
427 91
277 428
429 247
430 431
432 247
28 433
152 434
310 282
48 332
186 163
14 239
435 403
18 436
313 21
437 438
408 239
82 368
439 132
440 51
172 90
441 90
442 252
407 443
335 444
445 137
65 41
399 21
446 101
346 210
447 107
289 448
434 209
316 271
449 16
450 451
337 156
16 56
175 452
187 249
304 60
453 454
187 415
238 455
73 198
399 353
184 386
289 456
184 427
437 457
370 195
81 114
458 144
48 241
291 107
353 427
459 15
196 195
238 426
460 5
82 279
461 462
463 464
465 466
467 468
455 21
122 469
207 470
186 471
472 134
235 473
309 22
281 229
227 90
211 11
41 183
20 271
399 338
474 475
476 328
477 13
370 13
276 478
479 480
238 15
432 303
481 482
166 366
483 256
211 254
484 302
62 311
29 403
485 486
138 38
38 487
50 488
489 490
157 203
194 491
211 187
492 398
115 493
494 486
125 254
115 495
231 209
232 496
312 89
122 312
124 395
125 331
497 498
22 499
204 500
244 166
501 55
298 502
379 177
503 293
504 16
296 264
505 25
186 264
506 107
503 507
16 508
238 203
509 420
370 150
510 511
16 443
512 158
513 514
8 282
515 516
517 518
519 520
115 521
312 106
427 295
136 210
75 315
522 315
365 59
50 452
46 61
441 210
186 345
279 21
308 523
524 525
50 252
275 380
507 101
351 435
526 150
48 224
197 5
527 528
200 109
529 530
395 135
153 531
312 447
8 61
386 21
303 137
532 284
238 107
70 403
319 338
192 401
148 330
122 506
417 374
89 21
533 326
