[4, 58, 44, 142, 56, 57, 29, 30]
[77, 111]
[77, 92]
[4, 58, 44, 50, 56, 57, 31, 32, 115]
[4, 58, 175]
[150, 22]
[31, 32, 115]
[151, 152]
[92, 47]
[118, 119, 33, 131, 42]
[70, 63, 65]
[50, 65]
[98, 5, 173]
[13, 22]
[82, 83, 198]
[56, 57, 29]
[113, 58, 44, 50, 56, 57, 31, 32]
[77, 5, 153]
[106, 107, 145, 146]
[33, 53]
[58, 44, 50, 56, 57, 31, 39]
[119, 33, 201]
[4, 58, 44, 0, 63, 65]
[50, 56, 39]
[96, 25]
[54, 55]
[113, 58, 44, 142, 56, 57, 31, 32]
[91, 111]
[113, 58, 44, 0, 63, 1]
[5, 190]
[4, 58, 44, 50, 56, 57, 29, 39]
[162, 4, 58, 44, 142, 56, 57, 31, 32, 115]
[127, 112]
[154, 14, 15, 30]
[4, 5, 153]
[144, 37, 98, 167, 82, 83]
[4, 58, 44, 50, 65]
[118, 119, 38]
[12, 102, 22]
[67, 26]
[44, 50, 56, 57, 31]
[46, 47]
[118, 119, 77, 5, 173]
[162, 4, 58, 44, 142, 56, 57]
[101, 58, 44, 50, 51]
[58, 148, 40]
[44, 50, 56, 57, 29, 39]
[4, 58, 44, 142, 56, 57]
[154, 14]
[101, 58, 44, 142, 56, 57, 29]
[122, 123]
[4, 58, 44, 142, 1]
[113, 58, 44, 50, 56]
[98, 5, 190, 41]
[144, 37, 88, 35]
[148, 40]
[44, 0, 130]
[116, 140]
[4, 58, 44, 50, 56]
[50, 56, 57, 29, 30]
[119, 77]
[58, 44, 50, 56, 57, 29]
[12, 72]
[162, 4, 58, 44, 142, 56, 57, 31, 32]
[142, 1]
[144, 37, 38]
[98, 167]
[119, 33, 155, 156]
[133, 68]
[101, 58, 44, 142, 56, 39]
[82, 83, 172]
[118, 119, 33, 34]
[58, 44, 142, 143]
[58, 44, 0, 130]
[129, 63, 1]
[50, 56]
[82, 83]
[118, 119, 33, 192]
[113, 58, 44, 50, 56, 57, 29]
[121, 68]
[114, 115]
[162, 4, 58, 44, 0]
[119, 38, 99]
[12, 102, 108, 22, 43]
[101, 58, 44, 50, 65]
[101, 58, 44, 142, 1]
[162, 4, 58, 44]
[4, 134]
[44, 142, 56, 57, 29]
[58, 148]
[108, 22]
[118, 119, 171]
[144, 37, 199]
[12, 102, 108, 22]
[37, 98, 167, 82, 83, 172]
[58, 44, 142, 56, 57, 31]
[0, 39]
[88, 149]
[98, 99]
[101, 58, 44, 0, 63, 65]
[147, 170]
[188, 189]
[58, 148, 40, 39]
[101, 58, 44, 50, 56, 57, 29, 30]
[44, 142, 56, 39]
[77, 5, 173]
[44, 142, 56, 57, 29, 30]
[162, 4, 58, 44, 50, 56, 39]
[58, 44, 27, 39]
[118, 119, 77, 5, 190, 41, 42]
[57, 31]
[101, 58, 44, 142]
[162, 63, 1]
[144, 37, 98, 167, 82, 83, 198]
[2, 3]
[118, 119, 77, 92]
[162, 4, 58, 44, 50, 65]
[57, 29, 39]
[137, 32]
[12, 102, 103]
[98, 5]
[116, 67, 26]
[4, 5, 173]
[101, 58, 44, 142, 56, 57, 29, 39]
[118, 119, 77, 5, 190, 41]
[44, 0]
[162, 4, 5, 190]
[113, 58, 44, 0, 1]
[12, 102, 22, 43]
[70, 124]
[5, 190, 41, 42]
[52, 41, 42]
[32, 115]
[58, 44, 27, 28]
[4, 58, 44, 50, 56, 39]
[37, 98, 99]
[162, 4, 58, 66]
[33, 201]
[180, 181]
[37, 98, 5]
[29, 30]
[142, 56]
[142, 56, 57]
[190, 41]
[4, 58, 44, 0, 1]
[154, 14, 15]
[162, 63]
[58, 44]
[98, 167, 82, 83, 172]
[37, 98, 167, 82, 83, 198]
[119, 33]
[12, 13, 22]
[113, 58, 44, 50, 56, 57, 29, 30]
[50, 56, 57, 31]
[101, 58, 148]
[118, 119, 77, 5, 190]
[113, 58, 44, 142, 56, 57, 31, 39]
[4, 58, 44, 142, 56, 57, 31, 39]
[44, 50, 56, 39]
[4, 58, 44, 142, 56, 57, 29]
[129, 130]
[162, 63, 65]
[196, 197]
[113, 58, 44, 142, 143]
[162, 4, 58, 44, 50, 51]
[58, 66]
[118, 119, 33, 160]
[113, 58, 44, 142, 56]
[119, 33, 61, 69]
[144, 37, 98, 167, 82, 83, 172]
[135, 136, 186, 200]
[44, 50, 56, 57, 31, 32, 115]
[50, 56, 57, 31, 39]
[151, 81, 169]
[44, 50]
[4, 58, 44, 50]
[162, 4, 58, 44, 50, 56, 57, 31]
[58, 44, 50, 56, 57, 29, 30]
[67, 68]
[77, 5]
[77, 5, 190, 41]
[129, 147, 170]
[4, 58, 44, 50, 51]
[44, 50, 56]
[37, 88, 35, 36]
[54, 55, 96, 25, 191]
[58, 44, 142]
[133, 166]
[144, 37, 88, 89]
[135, 136, 78]
[44, 142, 1]
[95, 82, 83]
[44, 50, 56, 57, 29, 30]
[73, 74]
[118, 119, 33, 164]
[162, 4, 5, 153]
[144, 37, 88]
[44, 0, 65]
[119, 38, 134]
[22, 43]
[162, 4, 58, 44, 50]
[162, 4, 58, 44, 142, 1]
[144, 37, 88, 42]
[162, 4, 58, 44, 142]
[33, 61, 62]
[118, 119, 77]
[37, 98, 167, 82, 83]
[63, 65]
[101, 58, 44, 27]
[101, 58, 44, 27, 28]
[37, 98, 5, 190, 41, 42]
[58, 44, 50, 56, 57, 31, 32]
[96, 25, 191]
[55, 96, 25]
[101, 58, 66]
[120, 132]
[33, 192]
[119, 77, 99]
[13, 22, 43]
[15, 30]
[102, 103]
[113, 58, 44, 142, 56, 39]
[182, 183]
[4, 58, 44, 50, 56, 57, 31, 39]
[101, 58, 44, 27, 39]
[151, 81]
[10, 11]
[135, 136, 186]
[45, 13]
[56, 39]
[44, 27, 39]
[178, 179]
[44, 0, 63]
[121, 166]
[44, 50, 65]
[102, 108, 112]
[35, 36]
[44, 142, 143]
[95, 82]
[162, 4, 58, 44, 142, 56, 39]
[33, 34]
[77, 5, 190, 41, 42]
[8, 110]
[25, 26]
[31, 39]
[4, 5, 190, 41]
[118, 119, 33, 165]
[77, 92, 159]
[113, 58, 148, 40, 39]
[119, 77, 92, 159]
[0, 1]
[98, 5, 190]
[37, 38, 134]
[77, 99]
[106, 107]
[101, 58, 44]
[144, 37, 98, 99]
[113, 58, 44, 142, 56, 57, 29, 30]
[4, 58, 148]
[70, 41]
[101, 58]
[4, 58, 44, 0]
[91, 92, 159]
[4, 58]
[108, 112]
[113, 58, 44, 142]
[113, 58, 44, 142, 56, 57]
[118, 119, 33, 61, 62]
[151, 81, 163]
[23, 24]
[70, 63, 1]
[142, 56, 39]
[101, 58, 44, 50, 56]
[118, 119, 77, 99]
[162, 4, 5, 173]
[4, 58, 44, 142, 56]
[50, 56, 57, 29]
[18, 19]
[45, 13, 103]
[101, 58, 44, 142, 56, 57, 31, 32]
[58, 44, 50, 56]
[58, 175]
[58, 44, 50, 56, 57, 31]
[67, 87]
[91, 92, 47]
[113, 58, 44, 50, 56, 57, 31, 32, 115]
[58, 44, 0, 63]
[113, 58, 44, 0, 39]
[25, 191]
[33, 155, 156]
[113, 58, 44, 50, 56, 57, 31]
[55, 96, 25, 191]
[4, 58, 44, 142, 56, 57, 31]
[144, 37, 98, 5, 190, 41]
[101, 58, 44, 50, 56, 57, 31]
[109, 20, 21]
[162, 4, 58, 44, 0, 63]
[14, 15, 30]
[118, 119, 33]
[142, 56, 57, 31, 32, 115]
[101, 58, 44, 0, 39]
[113, 58, 44, 50, 65]
[119, 77, 5, 190, 41]
[195, 39]
[113, 58, 44, 142, 1]
[118, 119, 33, 131]
[118, 119, 33, 155]
[37, 98]
[20, 21]
[118, 119, 77, 5, 153]
[144, 37, 98, 5, 153]
[119, 38]
[44, 142, 56, 57, 31, 39]
[70, 63]
[77, 5, 190]
[98, 167, 82]
[101, 58, 44, 50, 56, 57, 31, 39]
[113, 58, 44, 27]
[37, 98, 111]
[136, 78]
[107, 145, 146]
[44, 142, 56, 57]
[85, 86]
[52, 63, 1]
[58, 44, 142, 56, 57, 29]
[101, 58, 44, 50, 56, 57]
[161, 94]
[162, 4, 5, 190, 41, 42]
[4, 58, 44]
[50, 51]
[57, 29, 30]
[118, 119, 77, 111]
[116, 67]
[81, 20, 90]
[118, 119, 77, 92, 47]
[162, 4, 58, 44, 50, 56, 57, 31, 32]
[56, 57, 31, 39]
[106, 107, 145]
[162, 4, 58, 44, 50, 56, 57, 31, 32, 115]
[54, 55, 125]
[98, 111]
[58, 44, 0, 63, 1]
[118, 119, 77, 92, 159]
[119, 77, 78]
[176, 177]
[142, 56, 57, 31, 39]
[58, 44, 50, 56, 57, 29, 39]
[102, 108]
[50, 56, 57]
[52, 1]
[162, 4, 58, 44, 0, 65]
[88, 35, 36]
[113, 58, 44, 50, 56, 57, 29, 39]
[142, 56, 57, 31]
[162, 4, 58, 44, 50, 56, 57]
[52, 124]
[113, 58, 44, 50, 51]
[116, 67, 68]
[118, 119, 77, 78]
[37, 88]
[104, 105]
[118, 119, 77, 5]
[118, 119, 33, 157]
[151, 81, 20, 21]
[37, 88, 35]
[162, 4, 58, 44, 0, 63, 1]
[4, 58, 148, 40, 39]
[45, 13, 22]
[75, 76]
[88, 35]
[126, 127, 112]
[6, 128]
[64, 65]
[8, 9]
[193, 115]
[4, 58, 66]
[162, 4, 58, 44, 142, 56, 57, 29, 39]
[52, 63, 65]
[113, 58, 44, 27, 39]
[118, 119, 38, 99]
[101, 58, 44, 0]
[102, 22]
[119, 33, 160]
[37, 98, 5, 190]
[119, 77, 92]
[184, 22, 43]
[174, 136]
[113, 58, 44, 142, 56, 57, 31, 32, 115]
[37, 88, 149]
[101, 58, 148, 40, 39]
[48, 49]
[116, 67, 68, 87]
[56, 57]
[116, 67, 87]
[144, 37, 98, 167, 82]
[33, 165]
[162, 4, 58]
[167, 82, 83]
[101, 58, 44, 142, 56]
[190, 41, 42]
[4, 5, 190, 41, 42]
[142, 56, 57, 29]
[55, 96]
[58, 44, 50, 65]
[56, 57, 29, 30]
[133, 68, 87]
[113, 58, 148]
[155, 156]
[144, 37, 98, 5, 173]
[33, 164]
[101, 58, 148, 40]
[58, 44, 142, 56, 39]
[142, 56, 57, 29, 30]
[168, 39]
[119, 171]
[37, 98, 167]
[129, 63]
[8, 202]
[142, 143]
[107, 145]
[194, 170]
[118, 119, 33, 61, 69]
[167, 82, 83, 172]
[174, 136, 78]
[37, 88, 42]
[79, 80]
[67, 68, 87]
[81, 20]
[113, 58, 44, 142, 56, 57, 29, 39]
[101, 58, 44, 0, 63, 1]
[12, 102, 108, 112]
[44, 142, 56]
[113, 58, 44, 0]
[54, 55, 96, 25]
[101, 58, 44, 50, 56, 57, 29]
[58, 44, 142, 56, 57, 29, 30]
[119, 33, 61]
[58, 44, 50, 56, 39]
[58, 44, 0, 65]
[59, 60]
[144, 37]
[0, 63, 65]
[4, 58, 44, 0, 63]
[54, 55, 96, 25, 26]
[118, 119]
[113, 58, 44, 27, 28]
[33, 61, 69]
[131, 42]
[58, 44, 50, 51]
[64, 1]
[113, 58, 44, 50, 56, 39]
[126, 127]
[118, 119, 33, 155, 156]
[113, 58, 44, 0, 63, 65]
[88, 42]
[162, 4, 58, 44, 50, 56, 57, 29, 39]
[119, 33, 84]
[142, 56, 57, 31, 32]
[144, 37, 38, 134]
[136, 186]
[119, 77, 5, 190]
[56, 57, 31, 32]
[162, 4, 58, 44, 50, 56, 57, 31, 39]
[44, 27]
[162, 4, 5, 190, 41]
[31, 32]
[4, 58, 148, 40]
[4, 58, 44, 27]
[55, 125]
[162, 4, 58, 148, 40, 39]
[119, 33, 192]
[95, 82, 83, 172]
[118, 119, 33, 201]
[4, 58, 44, 0, 130]
[52, 63]
[144, 37, 98, 5, 190, 41, 42]
[174, 136, 186, 200]
[59, 158]
[162, 4]
[58, 44, 142, 56, 57, 31, 32, 115]
[44, 50, 51]
[119, 33, 71]
[58, 44, 27]
[12, 13]
[101, 58, 44, 142, 56, 57, 31, 39]
[55, 96, 25, 26]
[4, 58, 44, 50, 56, 57, 31, 32]
[4, 58, 44, 0, 63, 1]
[58, 44, 142, 1]
[12, 102]
[68, 87]
[108, 22, 43]
[4, 58, 44, 0, 65]
[113, 58, 44, 142, 56, 57, 29]
[176, 66]
[57, 31, 39]
[44, 27, 28]
[70, 41, 42]
[83, 198]
[162, 4, 58, 44, 142, 56]
[184, 22]
[77, 92, 47]
[101, 58, 44, 50, 56, 39]
[37, 88, 89]
[27, 39]
[33, 160]
[144, 37, 98, 5]
[59, 66]
[88, 89]
[101, 58, 44, 50]
[58, 44, 142, 56, 57, 31, 39]
[38, 134]
[61, 69]
[93, 94]
[92, 159]
[96, 25, 26]
[101, 58, 44, 142, 143]
[101, 58, 44, 0, 1]
[101, 58, 44, 0, 130]
[0, 63, 1]
[58, 44, 50, 56, 57, 31, 32, 115]
[144, 37, 98]
[44, 142, 56, 57, 31, 32]
[52, 41]
[101, 58, 44, 50, 56, 57, 31, 32]
[44, 142, 56, 57, 31, 32, 115]
[95, 82, 83, 198]
[77, 78]
[109, 20]
[162, 4, 58, 44, 0, 130]
[44, 142]
[81, 163]
[4, 58, 44, 50, 56, 57, 29]
[162, 4, 58, 175]
[44, 50, 56, 57, 31, 32]
[118, 119, 38, 134]
[162, 4, 58, 44, 142, 56, 57, 31]
[12, 100]
[101, 58, 44, 142, 56, 57, 31, 32, 115]
[101, 58, 44, 0, 65]
[116, 117]
[83, 172]
[113, 58, 44, 0, 65]
[16, 17]
[98, 5, 190, 41, 42]
[45, 13, 22, 43]
[113, 58, 175]
[118, 119, 33, 84]
[56, 57, 31, 32, 115]
[150, 22, 43]
[4, 58, 44, 50, 56, 57]
[113, 58, 44, 50, 56, 57]
[129, 63, 65]
[162, 4, 134]
[37, 199]
[0, 63]
[97, 39]
[144, 37, 38, 99]
[162, 4, 58, 44, 50, 56]
[174, 136, 186]
[98, 167, 82, 83, 198]
[162, 4, 58, 44, 142, 56, 57, 29, 30]
[4, 58, 44, 50, 56, 57, 29, 30]
[50, 56, 57, 31, 32]
[6, 185]
[58, 44, 142, 56, 57, 31, 32]
[118, 119, 33, 71]
[162, 4, 58, 44, 0, 39]
[61, 62]
[44, 0, 1]
[18, 139]
[98, 167, 82, 83]
[113, 58, 44, 50]
[162, 4, 5]
[12, 102, 108]
[44, 50, 56, 57]
[162, 4, 58, 44, 50, 56, 57, 29]
[44, 50, 56, 57, 31, 39]
[101, 58, 44, 0, 63]
[162, 4, 58, 44, 142, 56, 57, 31, 39]
[101, 58, 44, 142, 56, 57, 31]
[113, 58, 44, 0, 63]
[119, 33, 131]
[37, 38]
[136, 186, 200]
[37, 98, 5, 173]
[40, 39]
[58, 44, 50, 56, 57]
[145, 146]
[119, 33, 155]
[162, 4, 58, 44, 27, 39]
[58, 44, 142, 56, 57, 29, 39]
[119, 33, 34]
[187, 105]
[0, 65]
[113, 58]
[58, 44, 50]
[144, 37, 88, 149]
[4, 58, 44, 142]
[44, 0, 63, 65]
[119, 77, 5, 190, 41, 42]
[58, 44, 0, 1]
[144, 37, 98, 5, 190]
[119, 77, 111]
[102, 108, 22, 43]
[27, 28]
[58, 44, 0, 39]
[56, 57, 31]
[70, 1]
[56, 57, 29, 39]
[162, 4, 58, 44, 0, 1]
[162, 4, 58, 44, 27, 28]
[13, 103]
[118, 119, 33, 61]
[44, 50, 56, 57, 29]
[50, 56, 57, 29, 39]
[6, 7]
[119, 77, 5, 153]
[4, 58, 44, 27, 28]
[4, 58, 44, 142, 56, 57, 29, 39]
[4, 58, 44, 142, 143]
[162, 4, 58, 44, 0, 63, 65]
[58, 44, 0]
[144, 37, 98, 167]
[41, 42]
[5, 153]
[142, 56, 57, 29, 39]
[113, 58, 44, 50, 56, 57, 31, 39]
[129, 147]
[12, 13, 103]
[119, 33, 157]
[12, 13, 22, 43]
[113, 58, 66]
[138, 124]
[4, 58, 44, 27, 39]
[44, 142, 56, 57, 29, 39]
[4, 5, 190]
[58, 44, 142, 56]
[98, 5, 153]
[18, 86]
[58, 44, 142, 56, 57]
[162, 4, 58, 44, 142, 143]
[101, 58, 44, 142, 56, 57]
[14, 15]
[37, 98, 167, 82]
[33, 61]
[58, 44, 0, 63, 65]
[113, 58, 44, 142, 56, 57, 31]
[119, 33, 164]
[0, 130]
[102, 108, 22]
[57, 31, 32]
[20, 90]
[167, 82, 83, 198]
[101, 58, 44, 50, 56, 57, 29, 39]
[151, 81, 20, 90]
[81, 169]
[33, 157]
[102, 22, 43]
[162, 4, 58, 44, 142, 56, 57, 29]
[101, 58, 175]
[141, 19]
[4, 58, 44, 50, 56, 57, 31]
[119, 77, 92, 47]
[101, 58, 44, 50, 56, 57, 31, 32, 115]
[121, 68, 87]
[162, 4, 58, 44, 50, 56, 57, 29, 30]
[33, 131, 42]
[44, 142, 56, 57, 31]
[8, 171]
[54, 55, 96]
[119, 33, 131, 42]
[33, 84]
[37, 98, 5, 190, 41]
[38, 99]
[135, 136]
[37, 38, 99]
[37, 98, 5, 153]
[113, 58, 44]
[119, 77, 5]
[63, 1]
[119, 33, 61, 62]
[167, 82]
[162, 4, 58, 148]
[184, 19]
[4, 5]
[151, 81, 20]
[4, 58, 44, 142, 56, 57, 31, 32]
[162, 4, 58, 148, 40]
[101, 58, 44, 142, 56, 57, 29, 30]
[5, 190, 41]
[44, 0, 39]
[33, 71]
[113, 58, 148, 40]
[33, 131]
[162, 4, 58, 44, 27]
[29, 39]
[119, 33, 53]
[186, 200]
[33, 155]
[119, 77, 5, 173]
[137, 32, 115]
[144, 37, 88, 35, 36]
[57, 31, 32, 115]
[44, 0, 63, 1]
[57, 29]
[120, 30]
[148, 40, 39]
[109, 20, 90]
[144, 37, 98, 111]
[4, 58, 44, 142, 56, 39]
[4, 58, 44, 0, 39]
[50, 56, 57, 31, 32, 115]
[5, 173]
[91, 92]
[81, 20, 21]
[118, 119, 33, 53]
[113, 58, 44, 0, 130]
[4, 58, 44, 142, 56, 57, 31, 32, 115]
[119, 33, 165]
