0 1
2 3
4 5
6 7
8 9
10 11
12 13
14 15
16 17
18 19
20 21
22 23
24 25
26 1
27 28
29 30
26 15
31 32
33 34
35 36
37 38
39 40
41 42
43 44
37 45
31 46
47 45
48 49
50 7
51 11
24 52
53 35
54 31
21 55
56 57
58 59
60 61
62 63
22 64
65 66
67 68
64 53
69 9
18 11
70 71
53 60
72 73
74 75
12 76
18 77
78 79
80 27
81 66
52 82
83 84
68 76
85 86
8 69
27 87
83 88
89 90
52 91
92 84
93 45
6 11
94 95
96 64
97 71
52 24
24 98
52 84
99 76
100 82
101 19
39 102
103 27
53 8
65 104
105 14
106 107
108 64
109 110
111 112
113 114
14 115
116 117
24 118
101 119
69 120
41 45
121 122
123 91
92 88
16 124
125 104
126 127
39 34
15 110
105 26
29 55
128 129
130 131
132 133
111 134
135 73
50 77
136 9
137 138
139 15
136 140
20 141
6 142
119 143
24 144
115 145
18 43
146 147
148 15
63 37
64 149
53 136
150 12
151 91
152 153
136 62
154 155
156 7
157 158
128 159
160 138
115 161
162 163
137 77
164 55
8 165
166 19
49 167
168 169
2 123
18 170
62 45
79 112
14 171
172 90
88 84
14 139
149 47
173 22
60 62
174 175
176 138
177 178
1 84
80 179
99 68
180 70
152 80
64 181
164 30
39 131
99 182
183 21
184 185
39 186
31 18
60 120
39 1
115 187
25 88
42 114
188 45
50 189
83 24
80 190
13 180
126 106
32 143
157 191
64 192
22 193
162 64
194 83
63 41
195 18
13 135
26 109
194 102
173 69
18 196
122 197
22 162
164 145
29 145
39 198
16 199
18 200
8 120
0 11
125 66
15 201
202 77
35 45
79 203
151 84
115 30
12 46
204 205
206 82
207 181
208 209
150 56
102 11
48 77
10 92
150 99
157 210
211 114
73 91
212 45
150 213
8 45
214 10
52 88
202 209
148 142
132 86
79 134
171 110
215 91
115 216
