[18, 66]
[160, 212]
[22, 83]
[64, 65]
[93, 88]
[185, 25]
[209, 183]
[196, 87]
[8, 9]
[103, 74]
[10, 17]
[26, 165]
[22, 202]
[159, 7]
[22, 172]
[130, 72]
[84, 192]
[80, 81]
[70, 183]
[1, 88]
[204, 211]
[151, 19]
[12, 97]
[117, 106]
[43, 200]
[153, 103]
[64, 125]
[89, 90]
[6, 146]
[57, 8]
[84, 181]
[155, 156]
[62, 63]
[57, 64]
[66, 205]
[78, 79]
[0, 13]
[43, 136]
[94, 95]
[98, 49]
[6, 13]
[160, 193]
[22, 13]
[175, 26]
[217, 12]
[14, 50]
[179, 180]
[22, 198]
[33, 216]
[68, 69]
[118, 119]
[66, 67]
[28, 29, 93]
[10, 106]
[117, 17]
[58, 35]
[70, 194]
[140, 9]
[18, 120]
[204, 83]
[131, 132]
[56, 93]
[35, 50]
[8, 49]
[53, 99]
[28, 148]
[133, 134]
[208, 86]
[218, 219]
[8, 167]
[41, 49]
[55, 13]
[74, 82]
[31, 32]
[26, 70]
[28, 123]
[109, 10]
[22, 23]
[19, 203]
[12, 13]
[39, 40]
[120, 205]
[28, 56]
[2, 3]
[43, 1]
[18, 143, 19]
[87, 88]
[165, 70]
[69, 41]
[165, 166]
[196, 107]
[214, 49]
[130, 110]
[71, 110]
[28, 102]
[141, 142]
[26, 195]
[79, 96]
[52, 53]
[26, 27]
[97, 88]
[163, 142]
[66, 59]
[70, 57]
[137, 90]
[210, 211]
[154, 96]
[16, 17]
[75, 9]
[111, 30]
[174, 95]
[85, 72]
[71, 72]
[111, 66]
[107, 13]
[30, 19]
[54, 191]
[84, 31]
[73, 74]
[31, 92]
[170, 171]
[157, 158]
[30, 1]
[69, 45]
[141, 83]
[87, 28]
[54, 83]
[140, 144]
[56, 86]
[37, 38]
[151, 146]
[103, 184]
[100, 70]
[43, 188]
[153, 14]
[10, 11]
[45, 49]
[155, 84]
[120, 189]
[43, 44]
[140, 68]
[19, 116]
[6, 7]
[186, 187]
[56, 96]
[33, 34]
[108, 31]
[56, 28]
[0, 1]
[41, 42]
[178, 142]
[154, 88]
[120, 34]
[104, 86]
[164, 66]
[101, 77]
[133, 162]
[87, 93]
[39, 49]
[103, 82]
[54, 7]
[15, 139, 79]
[14, 15]
[16, 106]
[35, 22]
[18, 19]
[111, 18]
[43, 38]
[75, 125]
[120, 67]
[137, 138]
[53, 169]
[57, 39]
[43, 107]
[153, 215]
[20, 21]
[135, 136]
[120, 221]
[24, 145]
[114, 70]
[190, 49]
[206, 207]
[25, 59]
[8, 125]
[8, 75]
[4, 5]
[97, 93]
[197, 22]
[57, 140]
[168, 23]
[121, 122]
[20, 129]
[160, 161]
[68, 49]
[176, 177]
[14, 82]
[149, 150]
[175, 75]
[105, 23]
[213, 119]
[24, 25]
[56, 88]
[64, 68]
[220, 96]
[20, 201]
