105,1 5
4,2 1
343,1 2
4,1 1
73,1 1
222,1 1
49,1 1
0,3 5
0,2 5
0,1 2
186,2 1
186,1 1
315,1 3
45,1 1
432,1 1
311,2 1
182,1 1
408,2 1
41,2 1
311,1 1
41,1 6
408,1 1
158,2 1
158,1 5
396,1 1
275,1 1
154,3 1
404,1 1
154,2 1
154,1 4
271,1 2
98,1 3
243,5 1
243,4 2
243,3 2
94,1 1
243,2 2
243,1 3
122,1 1
90,1 1
336,2 1
336,1 3
66,1 1
429,4 2
62,3 1
429,3 5
332,1 1
62,2 1
429,2 4
62,1 1
429,1 2
211,1 1
296,1 1
34,4 2
34,3 2
34,2 6
34,1 4
171,5 1
171,4 2
292,1 1
389,1 1
421,1 1
171,3 2
300,3 2
171,2 2
268,2 1
300,2 2
171,1 3
268,1 1
300,1 1
147,1 2
385,3 1
385,2 8
385,1 1
143,1 1
381,1 1
260,3 2
119,1 2
260,2 2
260,1 1
236,1 1
353,1 1
83,1 1
329,1 2
111,1 1
208,1 2
446,1 1
196,1 3
55,2 1
55,1 3
442,1 1
321,1 1
51,1 3
418,1 1
200,1 3
27,2 3
27,1 2
285,1 1
414,1 1
23,1 1
378,2 1
378,1 1
257,1 1
136,1 1
374,1 2
253,2 1
253,1 1
132,2 1
132,1 1
229,1 1
108,1 1
76,1 1
104,2 2
104,1 2
72,3 6
439,3 1
221,5 2
439,2 1
342,1 1
72,2 5
221,4 2
439,1 1
72,1 2
221,3 6
221,2 4
48,3 1
221,1 1
318,1 1
48,2 11
48,1 4
435,1 1
185,1 1
431,1 1
181,2 1
181,1 1
157,2 2
157,1 4
395,2 1
16,1 3
395,1 1
274,2 1
274,1 1
270,9 1
270,8 2
270,7 2
153,1 1
270,6 1
270,5 6
12,1 3
270,4 5
270,3 5
129,1 1
270,2 6
270,1 2
367,1 1
246,1 1
125,1 2
363,2 2
363,1 1
242,3 1
93,1 1
242,2 9
242,1 3
69,2 2
69,1 3
121,2 6
121,1 4
335,3 1
335,2 3
65,2 2
335,1 1
65,1 2
214,1 1
428,4 1
428,3 11
299,1 1
428,2 4
61,2 2
428,1 1
61,1 4
178,2 1
210,2 1
210,1 1
178,1 1
37,1 1
424,4 1
424,3 3
424,2 1
174,3 1
424,1 1
174,2 9
174,1 5
303,1 1
33,1 1
146,1 5
263,1 1
142,1 1
239,1 2
356,1 1
86,1 1
235,3 4
235,2 9
235,1 5
114,1 1
231,1 2
58,3 2
58,2 2
328,1 1
110,2 4
58,1 2
110,1 5
445,1 1
324,1 2
203,2 1
203,1 1
441,1 1
191,3 2
191,2 3
320,2 1
191,1 2
288,1 1
320,1 4
167,1 2
26,2 1
26,1 1
139,8 1
139,7 2
139,6 2
163,1 1
139,5 1
139,4 9
139,3 5
139,2 4
139,1 1
280,1 1
377,1 2
256,2 2
256,1 2
349,8 1
349,7 2
349,6 2
349,5 1
349,4 9
349,3 5
349,2 4
349,1 1
228,4 1
131,2 2
228,3 1
131,1 3
228,2 1
228,1 2
345,1 2
6,1 5
224,1 1
103,1 1
2,2 1
341,1 1
2,1 2
220,1 1
188,1 1
47,2 1
47,1 1
434,1 1
184,1 1
43,2 1
43,1 6
430,3 1
430,2 8
430,1 1
398,1 1
277,1 2
406,1 1
394,1 1
152,2 1
152,1 1
249,2 1
249,1 3
11,1 1
128,2 2
128,1 2
96,1 1
245,1 1
362,2 1
92,2 1
362,1 1
92,1 1
241,1 2
68,3 2
338,1 1
68,2 8
68,1 3
217,1 1
64,3 2
334,1 1
64,2 2
64,1 1
213,1 1
60,6 1
60,5 2
60,4 2
60,3 1
330,2 2
298,1 1
60,2 9
330,1 1
60,1 4
36,1 2
294,2 1
294,1 2
173,2 1
173,1 1
302,1 1
32,1 4
149,1 1
290,1 1
266,1 2
145,1 3
262,3 1
262,2 3
359,2 2
262,1 2
359,1 2
141,2 1
141,1 1
238,2 2
238,1 3
355,1 1
113,1 1
448,4 1
81,3 1
448,3 9
81,2 1
448,2 4
448,1 2
81,1 3
327,2 1
198,1 1
57,2 4
327,1 2
57,1 5
194,4 1
194,3 2
194,2 2
194,1 2
53,1 2
29,1 2
166,3 3
166,2 5
166,1 2
25,2 4
25,1 5
412,1 1
162,2 3
162,1 4
21,1 2
376,1 1
255,1 1
134,1 1
372,1 1
251,3 2
251,2 5
251,1 3
78,3 2
78,2 3
78,1 2
130,2 1
130,1 2
106,2 1
106,1 4
5,1 1
74,1 2
223,1 1
102,2 1
102,1 1
1,2 2
1,1 1
70,1 1
437,1 1
18,8 1
183,2 2
183,1 2
18,7 2
18,6 2
409,1 1
18,5 1
18,4 9
159,1 1
18,3 5
18,2 5
18,1 4
276,2 3
276,1 5
155,1 1
14,2 1
14,1 8
393,1 1
272,1 1
401,1 1
99,2 1
369,1 1
151,2 1
99,1 6
151,1 2
248,1 1
10,2 1
10,1 1
127,1 2
365,1 1
123,1 1
361,1 1
333,2 1
333,1 1
63,2 1
63,1 1
212,2 1
212,1 2
39,1 2
297,1 1
176,1 1
305,1 1
172,1 2
301,2 2
269,1 2
31,2 4
301,1 2
31,1 2
386,1 1
265,1 1
382,1 1
140,7 1
140,6 2
140,5 2
261,2 2
140,4 1
261,1 2
140,3 9
88,1 1
140,2 5
140,1 4
237,1 2
116,1 1
233,1 1
112,1 3
350,1 1
205,8 1
80,1 2
205,7 2
205,6 2
205,5 1
205,4 9
205,3 5
205,2 4
205,1 2
193,1 1
322,1 1
201,1 1
169,1 3
286,1 1
282,1 2
258,2 1
161,1 1
258,1 1
20,1 3
133,2 1
133,1 1
8,1 1
226,1 3
105,3 2
105,2 9
