[203, 14, 105, 50, 181, 142, 196, 43, 246]
[50, 127, 142, 196, 112, 184, 109]
[151, 152]
[138, 164, 44]
[93, 153, 92]
[159, 130, 131]
[148, 105, 50, 181, 252]
[203, 14, 148, 105, 50, 127, 142, 196, 112]
[233, 153, 92]
[148, 105, 50, 127, 142]
[358, 180, 10, 156]
[50, 4, 5]
[245, 159]
[50, 181, 142, 196, 112, 44]
[130, 131]
[14, 148, 105, 50, 127, 142, 196, 112, 44]
[51, 256]
[14, 105, 50, 127, 142, 44]
[26, 251]
[261, 262]
[260, 308]
[148, 105, 50, 181, 142]
[99, 110, 111]
[127, 5]
[99, 66, 67]
[183, 49]
[259, 260, 308]
[295, 153]
[207, 208, 13]
[14, 148, 105, 50, 181]
[78, 79]
[69, 70]
[14, 148, 105, 50, 4, 204, 182]
[50, 4, 150]
[213, 42]
[358, 82]
[274, 105, 50, 127, 142]
[14, 148, 105, 50, 127, 5]
[105, 138, 164, 44]
[64, 200, 197]
[14, 105, 50, 127, 142, 196, 43, 246]
[57, 93, 175, 251]
[64, 211]
[184, 109]
[104, 105, 50, 127, 142, 196, 112, 184, 109]
[240, 241]
[50, 181, 142, 196, 43, 246]
[203, 14, 148, 105, 138, 164]
[14, 105, 50, 127, 142, 196, 112, 44]
[180, 10, 296]
[80, 258, 90]
[173, 233, 234]
[48, 80]
[203, 14, 105, 50, 127, 142]
[82, 83]
[203, 14, 148, 105, 50, 127, 5]
[274, 105, 50, 4, 5]
[148, 105, 50, 181, 142, 196, 112]
[291, 311]
[66, 67]
[243, 302]
[313, 314]
[45, 163, 13]
[118, 161, 42]
[21, 22, 264]
[148, 105, 50, 32, 33]
[342, 38, 250, 251]
[105, 50, 181, 142, 196, 112, 44]
[274, 105, 50, 181, 142]
[196, 43, 246]
[203, 14, 148, 105, 50, 127, 129]
[36, 153, 92]
[188, 19]
[274, 105, 50, 181, 252]
[176, 191]
[2, 3]
[148, 105, 50, 4, 204, 182]
[148, 105, 50, 127, 142, 196, 112, 184]
[203, 204]
[173, 233, 276]
[104, 105, 50, 181, 142, 196, 43, 44]
[274, 105, 50, 32]
[203, 14, 105, 50, 4, 204]
[21, 278]
[125, 126]
[148, 105, 50, 4, 5]
[148, 105, 50, 32]
[93, 26]
[105, 138, 164]
[162, 28, 147, 82]
[56, 177, 60]
[203, 14, 105, 50, 181, 252]
[142, 44]
[16, 131]
[148, 105, 50, 127, 142, 196, 112, 184, 109]
[173, 117]
[358, 82, 83]
[222, 109]
[227, 91, 92]
[260, 308, 312]
[235, 101]
[50, 181, 182]
[338, 259, 260]
[38, 34]
[85, 236]
[203, 14, 148, 105, 50, 127, 142, 196, 112, 184, 109]
[14, 105, 50, 32]
[203, 14, 105, 50, 127, 142, 196]
[140, 141]
[162, 28, 147, 83]
[250, 251]
[204, 182]
[14, 148, 105, 50, 4, 204, 5]
[169, 170]
[100, 101, 122]
[203, 14, 105, 50, 181, 142]
[343, 190, 21]
[148, 105, 50, 181, 142, 196, 43]
[358, 180, 10, 68]
[303, 304]
[271, 266, 60]
[105, 241]
[181, 142, 196, 112, 184]
[93, 175, 251]
[274, 105, 50, 127, 142, 196, 112]
[153, 92]
[203, 14, 148]
[342, 38, 26, 251]
[276, 277]
[203, 14, 148, 105, 50, 127, 142, 196, 43, 246]
[180, 10]
[47, 81]
[309, 312]
[38, 250, 111]
[203, 14, 148, 149]
[127, 142, 196, 43]
[51, 216]
[148, 105, 138, 164]
[53, 54]
[274, 105, 50, 32, 44]
[51, 207, 208, 13]
[104, 105, 50, 181, 142, 196, 43]
[127, 142, 196, 112, 184]
[55, 56]
[113, 114, 206]
[309, 253, 13]
[157, 158]
[203, 14, 105, 50, 181, 142, 196, 43]
[203, 14, 148, 105, 50]
[298, 186]
[116, 212]
[342, 38, 34, 225, 121]
[105, 50, 4, 5]
[10, 156]
[260, 324]
[14, 105, 50, 4, 5]
[28, 147, 83]
[196, 112, 44]
[104, 105, 50, 32, 44]
[190, 21]
[259, 260, 324]
[176, 23, 24]
[267, 268]
[343, 190, 21, 22, 264, 92]
[203, 14, 148, 105, 50, 4, 5]
[264, 92]
[196, 43, 44]
[50, 181, 142, 196, 112]
[178, 179]
[294, 60]
[14, 148, 105, 50, 181, 142, 196, 112]
[148, 105, 50, 4, 204]
[14, 105, 138]
[253, 18]
[51, 207, 255]
[4, 44]
[43, 44]
[190, 21, 47, 264]
[181, 142, 196, 112, 184, 109]
[41, 139]
[247, 67]
[14, 105, 138, 164]
[25, 26]
[52, 237]
[245, 159, 60]
[10, 39, 40]
[136, 161]
[142, 196]
[203, 14, 148, 105, 50, 4]
[105, 50, 181, 182]
[148, 105, 50, 127, 129]
[0, 1]
[203, 14, 341]
[104, 105, 50, 181]
[105, 50, 127, 142, 196, 112, 184, 109]
[280, 213]
[28, 147, 82]
[93, 26, 229]
[180, 243]
[51, 207, 59, 13]
[282, 23, 263]
[14, 148, 105, 50, 181, 142, 196, 43, 44]
[358, 180, 10, 39, 40]
[256, 217]
[282, 23, 24]
[293, 37]
[47, 21, 22, 264]
[177, 13]
[203, 14, 105, 138, 164, 44]
[274, 105, 50, 181, 182]
[104, 105, 50, 127, 5]
[338, 259, 260, 324]
[118, 224, 103]
[192, 193]
[56, 231]
[104, 105, 50, 127, 142, 196, 112, 184]
[203, 14, 105, 50, 181, 142, 196, 112, 184]
[214, 215]
[93, 175, 238]
[203, 14, 148, 105]
[30, 31]
[61, 99, 66]
[203, 14, 148, 105, 50, 181, 142, 196, 112]
[16, 172]
[203, 14, 105]
[104, 105, 50, 181, 142, 196, 43, 246]
[167, 168]
[233, 276, 277]
[127, 142, 196, 112, 184, 109]
[91, 264, 92]
[105, 138]
[136, 161, 42]
[14, 148, 105, 50, 127, 142, 196, 43, 246]
[274, 105, 50, 127, 5]
[180, 10, 126]
[260, 13]
[38, 34, 217]
[274, 105, 50, 127, 142, 196, 112, 184, 109]
[343, 190, 21, 47, 264, 92]
[171, 7]
[93, 75, 76]
[164, 44]
[274, 105, 50, 127, 142, 196, 43]
[274, 105, 50, 181, 142, 196]
[207, 71, 72]
[274, 105, 50, 181, 142, 196, 112]
[203, 14, 148, 105, 50, 127, 142, 196, 112, 44]
[8, 210]
[14, 105, 50]
[148, 105, 50, 4]
[57, 93, 26]
[286, 287]
[14, 148, 105, 50, 127, 129]
[233, 276]
[104, 105, 50, 127, 142, 196, 43]
[225, 121]
[218, 81]
[179, 160]
[50, 181, 142]
[120, 121]
[112, 184, 109]
[199, 67]
[274, 105, 50, 4, 204, 182]
[51, 207, 59]
[285, 166]
[203, 14, 105, 50, 127, 142, 196, 43]
[216, 139]
[274, 105, 50, 127, 142, 196]
[14, 105, 50, 181]
[10, 68]
[203, 14, 105, 50, 181, 182]
[167, 279]
[203, 14, 148, 105, 50, 181, 142, 196, 43]
[203, 14, 105, 50, 181, 142, 196, 112, 44]
[104, 105]
[180, 10, 346]
[175, 251]
[180, 10, 68]
[50, 181, 252]
[196, 112, 184, 109]
[55, 56, 177, 13]
[64, 65]
[203, 14, 148, 105, 50, 4, 150]
[14, 105, 50, 127, 142, 196, 43]
[239, 42]
[274, 105, 50, 181, 142, 196, 43]
[8, 9]
[84, 85, 236]
[257, 258]
[38, 34, 202]
[192, 161]
[97, 67]
[274, 105, 50, 181, 142, 44]
[113, 114]
[203, 14, 105, 50, 127, 142, 196, 112]
[127, 142, 44]
[25, 26, 76]
[34, 217]
[190, 21, 22]
[162, 28, 147, 82, 83]
[14, 148, 105, 50, 127]
[48, 49]
[127, 142, 196, 43, 246]
[274, 105, 138, 164, 44]
[78, 351]
[28, 48, 80]
[55, 56, 244, 231]
[190, 21, 133]
[105, 50, 127, 142]
[123, 262]
[291, 292]
[38, 34, 225]
[148, 105, 50, 127, 142, 196, 43]
[112, 184]
[203, 14, 105, 50, 4, 182]
[14, 105, 138, 164, 44]
[14, 105, 50, 127, 142, 196, 112, 184, 109]
[148, 105, 50, 181, 142, 196, 112, 44]
[227, 91, 264]
[10, 346]
[127, 142, 196, 112, 44]
[203, 14, 105, 50, 181, 142, 196]
[207, 208]
[50, 4, 204]
[274, 105, 138, 164]
[26, 76]
[207, 59]
[84, 85]
[14, 105, 50, 4]
[14, 148, 105, 50, 181, 252]
[190, 21, 22, 264, 92]
[116, 153, 92]
[25, 26, 330]
[105, 50, 181, 142, 196, 112]
[14, 148, 105, 50, 4]
[344, 10, 156]
[148, 105, 138, 164, 44]
[176, 23]
[38, 250]
[207, 59, 60]
[26, 229]
[320, 89]
[28, 147, 321]
[104, 105, 50, 181, 142, 196, 112, 44]
[148, 105, 50, 181, 142, 196, 112, 184]
[14, 148, 105, 50, 127, 142, 196, 43]
[93, 75]
[325, 326]
[317, 318]
[14, 148, 105, 50, 181, 142]
[116, 92]
[274, 105, 50, 181, 142, 196, 43, 44]
[14, 148, 105, 50, 4, 182]
[55, 56, 231]
[12, 277]
[181, 142, 196, 43, 44]
[342, 38, 250]
[50, 127, 142, 196, 112]
[254, 177, 60]
[134, 135]
[190, 21, 47]
[104, 105, 50, 181, 142, 196, 112, 184]
[257, 258, 90]
[147, 321]
[171, 172]
[196, 43]
[162, 28, 48, 80, 258]
[47, 21]
[162, 28, 48, 80, 258, 90]
[203, 14, 105, 50, 4, 204, 182]
[343, 190, 21, 47, 264]
[162, 28, 220]
[51, 207, 208, 60]
[239, 217]
[104, 105, 50, 127, 142, 196, 112, 44]
[190, 21, 47, 264, 92]
[274, 105, 50, 181, 142, 196, 112, 44]
[233, 234]
[28, 220]
[96, 213, 42]
[343, 345]
[12, 13]
[148, 105, 50, 127, 142, 196, 43, 246]
[14, 105, 50, 127, 142, 196, 43, 44]
[104, 105, 50, 181, 142, 196, 112, 184, 109]
[98, 289, 302]
[14, 148, 105, 50, 127, 142, 196, 112]
[203, 14, 148, 105, 50, 127]
[203, 14, 105, 50, 127, 129]
[51, 207, 208]
[203, 14, 148, 105, 50, 181, 142, 44]
[57, 93, 153]
[173, 174]
[165, 166]
[21, 47, 81]
[88, 89]
[308, 312]
[142, 196, 43, 44]
[181, 182]
[343, 190, 21, 278]
[61, 99, 66, 67]
[226, 227]
[12, 232]
[344, 10, 68]
[22, 264]
[78, 19]
[352, 209]
[36, 37]
[104, 105, 50, 4, 150]
[64, 200, 197, 198]
[38, 34, 139]
[105, 50]
[190, 21, 288]
[294, 132]
[51, 207]
[48, 80, 258]
[307, 172]
[118, 224]
[57, 58, 230]
[281, 81]
[343, 190, 264, 92]
[335, 336]
[57, 93, 175, 238]
[253, 13]
[108, 109]
[14, 148, 105, 50, 181, 142, 196, 112, 184, 109]
[10, 126]
[0, 115]
[38, 26, 76]
[32, 33]
[226, 227, 91]
[84, 236]
[50, 127, 142, 196]
[175, 238]
[148, 105, 50, 181, 142, 196, 112, 184, 109]
[36, 31]
[77, 284]
[23, 263]
[274, 105, 50, 127, 129]
[38, 34, 242]
[63, 7]
[203, 14, 148, 105, 50, 181, 142, 196, 112, 184, 109]
[192, 193, 67]
[51, 117, 42]
[190, 21, 22, 264]
[203, 14, 105, 50, 181, 142, 196, 112, 184, 109]
[34, 225, 121]
[14, 148]
[148, 105, 50, 4, 44]
[181, 142, 196, 43, 246]
[142, 196, 112]
[127, 142, 196, 43, 44]
[203, 14, 105, 50, 181]
[61, 62]
[118, 319]
[21, 22, 264, 92]
[93, 26, 251]
[203, 14, 148, 105, 50, 32, 33]
[105, 50, 4, 150]
[203, 14, 105, 50, 127, 142, 196, 112, 44]
[36, 189]
[344, 10, 39, 40]
[114, 206]
[142, 196, 43, 246]
[148, 105, 50, 181, 142, 196]
[226, 227, 91, 264]
[14, 341]
[51, 7]
[51, 207, 300, 72]
[105, 50, 32]
[47, 21, 133]
[128, 126]
[50, 181, 142, 196, 43, 44]
[137, 67]
[328, 329]
[50, 4]
[342, 38, 34, 202]
[203, 14, 148, 105, 50, 127, 142]
[259, 260, 13]
[50, 32, 44]
[181, 142, 44]
[344, 10]
[14, 105, 50, 4, 182]
[6, 7]
[105, 50, 127, 142, 196]
[51, 207, 71]
[173, 45, 205]
[148, 105, 50, 127, 142, 196]
[26, 330]
[14, 148, 105, 50, 181, 182]
[104, 105, 50, 127, 142, 196, 112]
[104, 105, 50, 4, 204, 182]
[154, 155]
[41, 42]
[94, 44]
[188, 310]
[220, 297]
[16, 13]
[61, 99, 110]
[173, 117, 357]
[4, 150]
[274, 105, 50, 181, 142, 196, 112, 184]
[203, 14, 148, 105, 50, 181, 142, 196]
[47, 21, 288]
[105, 50, 181]
[105, 50, 127, 129]
[227, 91]
[48, 80, 69]
[140, 176, 23, 24]
[147, 82]
[93, 175]
[203, 14]
[203, 14, 105, 50, 32, 44]
[203, 14, 105, 50, 4, 204, 5]
[105, 50, 181, 142, 196]
[289, 302]
[117, 42]
[203, 14, 148, 105, 50, 127, 142, 196]
[91, 264]
[51, 117, 357]
[203, 14, 148, 105, 50, 181, 142, 196, 112, 44]
[203, 14, 148, 105, 50, 127, 142, 44]
[104, 105, 50]
[104, 105, 50, 4, 44]
[274, 105, 50]
[116, 106, 107]
[178, 179, 160]
[147, 83]
[342, 38, 34, 225]
[358, 180, 10]
[354, 355]
[104, 105, 50, 127]
[96, 97]
[4, 204, 182]
[28, 48, 80, 69]
[127, 129]
[105, 50, 32, 33]
[203, 204, 182]
[50, 4, 204, 5]
[148, 105, 50, 127]
[190, 21, 47, 81]
[193, 67]
[14, 148, 105, 50, 181, 142, 196, 43, 246]
[203, 14, 105, 195]
[4, 5]
[14, 105, 50, 181, 142, 44]
[173, 45]
[50, 181]
[347, 348]
[203, 14, 148, 105, 50, 4, 204, 182]
[105, 195]
[50, 127, 142, 196, 43, 44]
[59, 13]
[144, 340]
[207, 71]
[80, 258]
[342, 38, 26]
[14, 148, 105, 50, 127, 142, 196, 112, 184]
[136, 137]
[14, 148, 105, 50, 32, 44]
[136, 137, 67]
[14, 105, 50, 32, 44]
[50, 4, 204, 182]
[342, 38, 34, 139]
[50, 127, 142, 196, 112, 184]
[105, 50, 127, 5]
[144, 145]
[226, 227, 91, 264, 92]
[14, 105]
[176, 327]
[148, 105, 50, 4, 182]
[203, 14, 148, 105, 50, 181, 142, 196, 112, 184]
[274, 105, 50, 4]
[41, 217]
[343, 190]
[162, 28, 48, 80, 69]
[51, 216, 139]
[105, 50, 127, 142, 196, 43]
[148, 105, 138]
[104, 105, 50, 127, 142]
[119, 87]
[148, 105, 50, 32, 44]
[14, 148, 105, 138, 164, 44]
[14, 105, 50, 181, 142, 196, 112, 184]
[203, 14, 148, 105, 50, 4, 204]
[104, 105, 50, 181, 252]
[177, 60]
[14, 105, 50, 127, 142]
[203, 14, 105, 50, 127, 142, 44]
[309, 253]
[349, 350]
[203, 14, 148, 105, 50, 127, 142, 196, 112, 184]
[203, 14, 148, 105, 50, 181, 142, 196, 43, 246]
[14, 148, 105, 50, 181, 142, 44]
[245, 159, 130]
[105, 50, 127, 142, 196, 112, 184]
[185, 186]
[194, 101]
[112, 44]
[14, 105, 50, 127]
[104, 105, 50, 181, 142]
[203, 14, 148, 105, 50, 181]
[343, 190, 21, 22, 264]
[342, 38, 26, 330]
[50, 181, 142, 196]
[105, 50, 181, 142, 44]
[203, 14, 105, 50, 127, 5]
[14, 148, 105, 50, 127, 142, 196, 112, 184, 109]
[173, 233, 276, 277]
[342, 38, 34, 242]
[38, 34, 35]
[28, 48, 49]
[358, 180, 10, 11]
[93, 153]
[104, 105, 50, 181, 142, 196, 112]
[106, 107, 90]
[38, 26]
[203, 14, 105, 50]
[86, 87]
[118, 161]
[14, 148, 105, 50, 32]
[101, 122]
[38, 26, 251]
[61, 99, 110, 111]
[58, 230]
[305, 306]
[266, 60]
[43, 246]
[56, 244]
[50, 32]
[342, 38, 34]
[116, 153]
[224, 103]
[245, 159, 132]
[173, 233]
[98, 289]
[105, 50, 127, 142, 196, 43, 246]
[105, 50, 127, 142, 196, 112]
[63, 172]
[64, 200]
[125, 334]
[14, 105, 50, 181, 142, 196, 112, 184, 109]
[45, 205, 13]
[21, 47, 264, 92]
[14, 148, 105, 138]
[47, 264]
[117, 357]
[343, 345, 68]
[21, 22]
[106, 107, 92]
[80, 69]
[274, 105, 50, 127]
[180, 10, 39]
[280, 213, 42]
[50, 181, 142, 196, 43]
[127, 142, 196, 112]
[201, 202]
[105, 50, 127, 142, 196, 112, 44]
[203, 14, 105, 241]
[207, 255]
[21, 133]
[77, 284, 131]
[21, 47]
[248, 249]
[140, 176]
[57, 93, 26, 330]
[207, 300, 72]
[38, 250, 251]
[265, 209]
[14, 105, 50, 181, 142, 196, 43]
[78, 19, 20]
[203, 14, 105, 50, 127, 142, 196, 112, 184, 109]
[235, 101, 122]
[10, 39]
[203, 14, 105, 50, 127, 142, 196, 43, 44]
[203, 14, 105, 50, 181, 142, 196, 112]
[161, 42]
[28, 48, 80, 69, 70]
[271, 266, 209]
[50, 4, 44]
[162, 28, 48, 80]
[14, 105, 50, 4, 204]
[14, 148, 105, 50, 4, 204]
[254, 177, 13]
[181, 142, 196, 112]
[299, 68]
[104, 105, 50, 181, 142, 196]
[104, 105, 50, 4, 204]
[274, 105, 195]
[148, 149]
[274, 105, 50, 181, 142, 196, 112, 184, 109]
[0, 115, 90]
[205, 13]
[47, 90]
[50, 4, 182]
[105, 50, 127, 142, 196, 43, 44]
[142, 196, 43]
[21, 288]
[274, 105, 50, 127, 142, 196, 43, 44]
[274, 105, 50, 4, 204]
[173, 45, 163]
[358, 180]
[274, 105, 50, 32, 33]
[118, 102, 103]
[180, 10, 156]
[73, 74]
[200, 197]
[180, 10, 11]
[159, 130]
[343, 190, 21, 47, 92]
[148, 105, 50, 127, 142, 44]
[181, 142, 196, 43]
[14, 105, 50, 181, 142, 196, 43, 246]
[203, 14, 105, 50, 127]
[274, 105, 138]
[105, 50, 127, 142, 44]
[167, 13]
[104, 105, 50, 32, 33]
[358, 180, 243]
[28, 48]
[14, 148, 105, 50, 181, 142, 196, 112, 184]
[342, 38, 26, 76]
[56, 177]
[274, 105, 50, 127, 142, 44]
[45, 46]
[332, 333]
[47, 92]
[104, 105, 50, 181, 182]
[245, 159, 130, 131]
[107, 92]
[162, 28, 29]
[28, 220, 297]
[102, 103]
[274, 105, 50, 127, 142, 196, 112, 44]
[25, 26, 229]
[123, 124]
[187, 44]
[190, 264, 92]
[104, 105, 50, 4, 5]
[104, 105, 50, 4, 182]
[10, 11]
[173, 233, 152]
[208, 60]
[104, 105, 138, 164]
[140, 176, 327]
[78, 337]
[343, 190, 21, 47, 90]
[344, 10, 346]
[50, 127, 142, 196, 112, 44]
[159, 132]
[14, 105, 50, 127, 129]
[105, 50, 4, 204, 5]
[51, 117]
[274, 105]
[173, 45, 163, 13]
[127, 142]
[148, 105]
[203, 14, 148, 105, 50, 127, 142, 196, 43, 44]
[104, 105, 195]
[173, 233, 153]
[22, 264, 92]
[274, 105, 50, 4, 182]
[51, 256, 217]
[14, 148, 105, 241]
[57, 93, 175]
[104, 105, 50, 127, 129]
[57, 93]
[106, 107]
[162, 28]
[107, 90]
[105, 50, 4, 204, 182]
[104, 105, 50, 4, 204, 5]
[14, 148, 105, 50, 127, 142, 196, 43, 44]
[105, 50, 181, 142, 196, 112, 184, 109]
[203, 14, 148, 105, 138]
[50, 127, 142, 196, 43, 246]
[142, 196, 112, 184, 109]
[50, 127, 142, 44]
[322, 323]
[127, 142, 196]
[23, 24]
[50, 181, 142, 44]
[99, 110]
[78, 339]
[98, 11]
[233, 153]
[10, 296]
[259, 260, 308, 312]
[344, 10, 126]
[128, 87]
[95, 60]
[207, 300]
[181, 252]
[14, 105, 50, 181, 142, 196, 43, 44]
[14, 105, 50, 181, 142, 196, 112, 44]
[3, 219]
[180, 49]
[233, 152]
[188, 19, 20]
[280, 247]
[274, 105, 50, 127, 142, 196, 112, 184]
[196, 112, 184]
[96, 213]
[274, 105, 241]
[228, 90]
[57, 93, 26, 229]
[181, 142]
[50, 181, 142, 196, 112, 184, 109]
[28, 29]
[105, 50, 181, 142, 196, 43]
[14, 105, 50, 4, 204, 5]
[274, 105, 50, 4, 44]
[51, 207, 71, 72]
[358, 180, 10, 39]
[140, 176, 23]
[142, 196, 112, 184]
[14, 148, 105, 50, 181, 142, 196, 43]
[50, 181, 142, 196, 112, 184]
[203, 14, 148, 105, 138, 164, 44]
[147, 82, 83]
[4, 204]
[14, 105, 50, 4, 204, 182]
[207, 59, 13]
[115, 90]
[203, 14, 105, 138]
[284, 131]
[358, 180, 10, 296]
[181, 142, 196]
[75, 76]
[4, 182]
[148, 105, 50, 181, 142, 44]
[343, 190, 21, 288]
[148, 105, 50, 181]
[203, 14, 148, 105, 50, 181, 182]
[105, 50, 181, 252]
[282, 23]
[192, 161, 42]
[345, 68]
[57, 93, 75, 76]
[105, 50, 181, 142, 196, 43, 44]
[342, 38, 283]
[266, 209]
[38, 26, 229]
[358, 180, 243, 302]
[190, 264]
[50, 127]
[190, 21, 278]
[105, 50, 32, 44]
[197, 198]
[14, 148, 105, 50, 127, 142]
[173, 117, 42]
[116, 106, 107, 90]
[203, 14, 148, 105, 50, 181, 142, 196, 43, 44]
[104, 105, 138, 164, 44]
[21, 47, 264]
[36, 331]
[274, 105, 50, 181, 142, 196, 43, 246]
[227, 68]
[27, 11]
[50, 127, 142]
[125, 186]
[77, 13]
[148, 105, 195]
[295, 153, 92]
[14, 148, 105]
[267, 272]
[148, 105, 50]
[104, 105, 50, 127, 142, 196]
[47, 21, 22, 264, 92]
[316, 3]
[203, 14, 105, 50, 181, 142, 196, 43, 44]
[269, 270]
[162, 28, 48, 80, 69, 70]
[342, 38, 34, 35]
[17, 132]
[55, 56, 244]
[14, 148, 105, 195]
[343, 190, 92]
[203, 14, 148, 105, 50, 4, 204, 5]
[258, 90]
[51, 207, 300]
[105, 50, 127]
[162, 28, 147, 321]
[59, 60]
[159, 160]
[148, 105, 50, 4, 204, 5]
[116, 106, 107, 92]
[344, 10, 11]
[105, 50, 181, 142]
[342, 38]
[148, 105, 50, 127, 142, 196, 43, 44]
[99, 143]
[93, 26, 330]
[56, 244, 231]
[34, 202]
[254, 177]
[48, 80, 69, 70]
[138, 164]
[142, 196, 112, 44]
[140, 176, 191]
[316, 3, 219]
[57, 93, 153, 92]
[200, 197, 198]
[148, 105, 50, 181, 142, 196, 43, 246]
[162, 28, 147]
[226, 227, 91, 92]
[80, 69, 70]
[338, 259, 260, 308]
[51, 52, 237]
[244, 231]
[315, 172]
[116, 106]
[140, 176, 23, 263]
[32, 44]
[34, 225]
[14, 148, 105, 50, 127, 142, 196]
[110, 111]
[61, 99, 143]
[14, 148, 105, 50, 4, 5]
[203, 14, 148, 105, 50, 127, 142, 196, 43]
[50, 127, 5]
[39, 40]
[50, 127, 142, 196, 43]
[338, 259, 260, 308, 312]
[47, 264, 92]
[203, 14, 105, 50, 4, 150]
[56, 177, 13]
[162, 28, 48]
[203, 14, 105, 50, 4]
[203, 14, 148, 105, 50, 32]
[34, 139]
[269, 296]
[174, 202]
[280, 247, 67]
[45, 205]
[14, 148, 149]
[105, 50, 4, 204]
[118, 102]
[176, 23, 263]
[309, 253, 18]
[274, 105, 50, 4, 204, 5]
[14, 105, 50, 181, 182]
[188, 301]
[100, 101]
[19, 20]
[173, 7]
[207, 208, 60]
[180, 243, 302]
[343, 190, 21, 133]
[21, 47, 92]
[203, 14, 148, 105, 241]
[118, 103]
[14, 148, 105, 50, 4, 150]
[14, 105, 50, 127, 142, 196, 112, 184]
[203, 14, 105, 50, 4, 44]
[14, 105, 50, 4, 150]
[21, 47, 90]
[104, 105, 50, 181, 142, 44]
[274, 105, 50, 181]
[271, 266]
[14, 105, 241]
[36, 353]
[274, 105, 50, 4, 150]
[173, 45, 46]
[173, 45, 205, 13]
[162, 28, 48, 49]
[343, 190, 21, 47, 81]
[95, 209]
[338, 259]
[14, 105, 195]
[203, 14, 148, 105, 50, 181, 142]
[57, 58]
[71, 72]
[159, 60]
[203, 14, 148, 105, 50, 4, 44]
[61, 99]
[201, 356]
[300, 72]
[342, 38, 34, 217]
[203, 14, 148, 105, 50, 32, 44]
[203, 14, 105, 50, 181, 142, 44]
[343, 190, 21, 22]
[358, 180, 49]
[14, 148, 105, 138, 164]
[55, 56, 177]
[36, 153]
[274, 105, 50, 127, 142, 196, 43, 246]
[148, 105, 50, 181, 142, 196, 43, 44]
[342, 38, 250, 111]
[144, 221]
[57, 93, 75]
[4, 204, 5]
[14, 148, 105, 50, 181, 142, 196, 112, 44]
[38, 26, 330]
[358, 180, 10, 346]
[25, 26, 251]
[180, 10, 39, 40]
[203, 14, 148, 105, 50, 181, 252]
[344, 10, 296]
[105, 50, 181, 142, 196, 43, 246]
[14, 148, 105, 50, 127, 142, 44]
[148, 105, 50, 127, 5]
[148, 105, 50, 181, 182]
[28, 48, 80, 258, 90]
[104, 105, 50, 127, 142, 44]
[104, 105, 138]
[151, 146]
[250, 111]
[38, 34, 225, 121]
[196, 112]
[203, 204, 5]
[51, 174]
[194, 101, 122]
[148, 105, 50, 127, 142, 196, 112]
[45, 163]
[50, 127, 129]
[47, 21, 278]
[51, 52]
[343, 190, 264]
[358, 180, 10, 126]
[343, 190, 21, 47]
[28, 147]
[104, 105, 50, 32]
[51, 207, 59, 60]
[203, 14, 105, 50, 127, 142, 196, 43, 246]
[14, 148, 105, 50, 181, 142, 196]
[181, 142, 196, 112, 44]
[28, 147, 82, 83]
[226, 227, 68]
[57, 93, 26, 76]
[17, 18]
[163, 13]
[245, 159, 160]
[50, 32, 33]
[57, 93, 26, 251]
[34, 242]
[14, 105, 50, 4, 44]
[78, 273]
[148, 105, 50, 4, 150]
[173, 174, 202]
[203, 14, 148, 105, 50, 4, 182]
[338, 259, 260, 13]
[14, 105, 50, 127, 142, 196]
[2, 3, 219]
[135, 67]
[259, 260]
[104, 105, 241]
[84, 132]
[104, 105, 50, 127, 142, 196, 43, 44]
[14, 15]
[105, 50, 4, 44]
[55, 56, 177, 60]
[48, 80, 258, 90]
[47, 21, 22]
[28, 48, 80, 258]
[104, 105, 50, 4]
[14, 105, 50, 181, 142, 196]
[190, 21, 47, 90]
[93, 26, 76]
[105, 50, 4, 182]
[203, 14, 15]
[359, 360]
[96, 97, 67]
[14, 148, 105, 50, 4, 44]
[14, 105, 50, 127, 5]
[203, 14, 105, 50, 32, 33]
[38, 283]
[342, 38, 26, 229]
[203, 14, 105, 50, 32]
[51, 174, 202]
[104, 105, 50, 127, 142, 196, 43, 246]
[203, 14, 105, 50, 4, 5]
[99, 66]
[14, 148, 105, 50, 32, 33]
[14, 105, 50, 32, 33]
[275, 70]
[14, 105, 50, 127, 142, 196, 112]
[14, 148, 105, 50]
[227, 91, 264, 92]
[190, 92]
[51, 72]
[14, 105, 50, 181, 142]
[148, 105, 241]
[105, 50, 4]
[190, 21, 47, 92]
[34, 35]
[204, 5]
[208, 13]
[344, 10, 39]
[105, 50, 181, 142, 196, 112, 184]
[203, 14, 105, 138, 164]
[239, 139]
[8, 290]
[14, 105, 50, 181, 142, 196, 112]
[148, 105, 50, 127, 142, 196, 112, 44]
[162, 28, 220, 297]
[134, 135, 67]
[173, 233, 153, 92]
[223, 44]
[91, 92]
[203, 14, 105, 50, 127, 142, 196, 112, 184]
[25, 146]
[14, 105, 50, 181, 252]
[203, 14, 148, 105, 195]
