67,1 3
151,3 2
151,2 3
151,1 2
138,1 1
63,1 2
136,2 1
136,1 2
61,1 2
48,1 1
119,4 1
119,3 9
46,1 1
119,2 19
44,6 1
119,1 4
44,5 2
44,4 2
44,3 1
44,2 9
44,1 4
188,1 1
29,1 2
113,8 1
113,7 2
113,6 2
113,5 1
186,1 1
113,4 9
40,1 1
113,3 5
98,4 3
27,1 2
113,2 4
113,1 1
98,3 2
98,2 4
184,2 1
98,1 4
184,1 2
25,1 2
96,2 2
96,1 1
182,1 1
23,1 1
167,3 2
167,2 1
180,1 1
167,1 1
92,1 2
79,1 1
77,4 1
77,3 1
77,2 5
77,1 5
75,1 1
161,1 1
148,2 1
148,1 1
73,1 1
58,7 1
58,6 2
58,5 2
144,6 2
58,4 1
144,5 2
58,3 9
144,4 5
58,2 5
144,3 9
58,1 4
144,2 4
144,1 1
142,5 1
56,4 1
56,3 2
142,4 2
56,2 2
142,3 2
142,2 2
56,1 2
129,2 3
142,1 3
129,1 3
54,4 2
54,3 1
54,2 2
54,1 1
5,3 1
5,2 1
127,1 1
5,1 3
52,2 2
52,1 4
50,5 1
50,4 2
37,5 2
196,1 1
50,3 2
37,4 2
50,2 2
37,3 5
50,1 3
37,2 9
37,1 4
194,1 1
35,1 1
121,2 1
108,2 1
121,1 2
108,1 2
33,2 4
106,3 1
33,1 13
106,2 1
106,1 1
190,2 1
190,1 1
31,2 1
31,1 2
18,1 3
104,1 1
16,1 1
102,2 2
102,1 3
14,2 1
14,1 1
85,1 1
12,3 2
12,2 3
12,1 4
83,1 2
10,1 1
81,2 2
81,1 3
154,3 1
68,1 1
154,2 1
154,1 1
64,1 2
150,2 1
137,2 1
150,1 1
137,1 1
135,3 1
135,2 2
135,1 1
133,2 1
133,1 2
118,5 1
45,3 1
118,4 9
45,2 2
45,1 1
118,3 19
131,1 1
118,2 4
118,1 1
116,2 3
116,1 3
187,1 1
41,1 1
114,1 1
97,1 1
95,3 2
95,2 1
95,1 1
168,1 1
22,1 1
93,1 1
20,1 2
91,2 2
91,1 2
162,9 1
162,8 2
162,7 2
162,6 1
162,5 7
162,4 6
162,3 7
162,2 5
162,1 2
147,1 1
59,1 3
145,1 1
57,3 1
70,2 2
70,1 4
57,2 3
57,1 2
8,1 4
55,3 2
55,2 1
55,1 2
141,1 1
4,8 1
6,1 3
4,7 2
4,6 2
4,5 1
4,4 10
4,3 6
126,2 1
4,2 7
4,1 3
126,1 1
38,1 2
2,1 1
195,1 1
122,1 1
109,2 2
0,1 5
109,1 1
193,1 1
107,2 1
120,1 2
107,1 1
178,1 1
32,1 1
176,1 2
101,8 1
101,7 2
174,3 1
88,2 1
88,1 4
174,2 2
101,6 2
101,5 1
174,1 1
101,4 9
101,3 5
15,1 1
101,2 4
101,1 1
13,2 1
13,1 2
82,2 2
82,1 1
155,1 1
