[41, 217]
[4, 182]
[64, 65]
[239, 42]
[151, 152]
[8, 9]
[343, 190]
[257, 258]
[192, 161]
[282, 23]
[119, 87]
[266, 209]
[34, 217]
[245, 159]
[48, 49]
[190, 264]
[50, 127]
[78, 351]
[177, 60]
[123, 262]
[291, 292]
[309, 253]
[26, 251]
[261, 262]
[349, 350]
[36, 331]
[227, 68]
[27, 11]
[125, 186]
[185, 186]
[194, 101]
[77, 13]
[127, 5]
[10, 346]
[112, 44]
[183, 49]
[295, 153]
[207, 208]
[267, 272]
[78, 79]
[26, 76]
[207, 59]
[316, 3]
[269, 270]
[213, 42]
[358, 82]
[17, 132]
[93, 153]
[38, 26]
[176, 23]
[38, 250]
[86, 87]
[118, 161]
[26, 229]
[320, 89]
[101, 122]
[258, 90]
[64, 211]
[59, 60]
[240, 241]
[305, 306]
[159, 160]
[325, 326]
[266, 60]
[317, 318]
[43, 246]
[116, 92]
[48, 80]
[82, 83]
[50, 32]
[12, 277]
[342, 38]
[291, 311]
[116, 153]
[313, 314]
[173, 233]
[21, 22, 264]
[99, 143]
[34, 202]
[254, 177]
[63, 172]
[125, 334]
[147, 321]
[171, 172]
[196, 43]
[47, 21]
[47, 264]
[117, 357]
[239, 217]
[315, 172]
[233, 234]
[32, 44]
[188, 19]
[12, 13]
[201, 202]
[176, 191]
[207, 255]
[2, 3]
[203, 204]
[21, 133]
[34, 139]
[21, 278]
[173, 174]
[21, 47]
[248, 249]
[269, 296]
[165, 166]
[140, 176]
[174, 202]
[125, 126]
[265, 209]
[88, 89]
[93, 26]
[181, 182]
[226, 227]
[12, 232]
[78, 19]
[352, 209]
[142, 44]
[161, 42]
[16, 131]
[173, 117]
[36, 37]
[188, 301]
[100, 101]
[19, 20]
[222, 109]
[235, 101]
[173, 7]
[105, 50]
[338, 259, 260]
[38, 34]
[294, 132]
[51, 207]
[140, 141]
[307, 172]
[118, 103]
[299, 68]
[250, 251]
[281, 81]
[204, 182]
[169, 170]
[335, 336]
[253, 13]
[148, 149]
[271, 266]
[108, 109]
[36, 353]
[47, 90]
[10, 126]
[303, 304]
[21, 288]
[32, 33]
[105, 241]
[84, 236]
[95, 209]
[175, 238]
[159, 60]
[36, 31]
[358, 180]
[153, 92]
[23, 263]
[61, 99]
[201, 356]
[63, 7]
[36, 153]
[180, 10]
[73, 74]
[144, 221]
[47, 81]
[309, 312]
[14, 148]
[61, 62]
[167, 13]
[53, 54]
[118, 319]
[28, 48]
[55, 56]
[157, 158]
[56, 177]
[298, 186]
[45, 46]
[36, 189]
[332, 333]
[47, 92]
[116, 212]
[107, 92]
[10, 156]
[260, 324]
[14, 341]
[51, 7]
[128, 126]
[151, 146]
[250, 111]
[196, 112]
[51, 174]
[190, 21]
[123, 124]
[267, 268]
[187, 44]
[264, 92]
[10, 11]
[328, 329]
[50, 4]
[208, 60]
[294, 60]
[253, 18]
[78, 337]
[344, 10]
[4, 44]
[43, 44]
[159, 132]
[41, 139]
[6, 7]
[51, 117]
[274, 105]
[28, 147]
[127, 142]
[148, 105]
[25, 26]
[136, 161]
[26, 330]
[142, 196]
[154, 155]
[17, 18]
[0, 1]
[41, 42]
[94, 44]
[188, 310]
[280, 213]
[57, 93]
[16, 13]
[162, 28]
[107, 90]
[34, 242]
[78, 273]
[4, 150]
[293, 37]
[177, 13]
[322, 323]
[56, 231]
[227, 91]
[23, 24]
[84, 132]
[147, 82]
[214, 215]
[93, 175]
[14, 15]
[78, 339]
[203, 14]
[98, 11]
[233, 153]
[117, 42]
[10, 296]
[30, 31]
[128, 87]
[95, 60]
[91, 264]
[181, 252]
[16, 172]
[167, 168]
[116, 106, 107]
[359, 360]
[147, 83]
[260, 13]
[171, 7]
[3, 219]
[180, 49]
[38, 283]
[354, 355]
[233, 152]
[127, 129]
[96, 213]
[228, 90]
[181, 142]
[8, 210]
[275, 70]
[28, 29]
[286, 287]
[4, 5]
[173, 45]
[50, 181]
[347, 348]
[190, 92]
[218, 81]
[105, 195]
[51, 72]
[120, 121]
[59, 13]
[199, 67]
[144, 340]
[80, 258]
[285, 166]
[4, 204]
[34, 35]
[204, 5]
[208, 13]
[10, 68]
[167, 279]
[239, 139]
[144, 145]
[8, 290]
[104, 105]
[175, 251]
[14, 105]
[223, 44]
[91, 92]
[176, 327]
[25, 146]
