0 1
2 3
4 5
6 7
8 9
10 11
12 13
14 15
16 17
18 15
19 20
21 22
23 24
25 26
27 28
29 30
31 13
32 33
34 35
36 37
38 39
40 41
42 43
44 9
45 38
46 47
48 49
50 51
52 53
23 54
55 56
57 36
58 59
60 9
61 62
63 64
63 65
66 67
68 69
70 71
72 73
74 75
76 7
77 78
79 80
12 81
82 83
84 85
86 87
88 89
90 91
58 9
92 93
58 94
95 82
54 96
97 98
99 100
101 102
103 104
54 105
106 107
108 90
109 51
110 71
63 7
54 107
111 112
113 13
114 79
115 9
116 117
118 119
120 121
122 123
124 125
126 127
128 35
129 130
131 132
133 134
135 51
136 137
9 105
138 107
139 85
140 120
141 142
143 102
144 145
117 146
147 148
149 150
151 5
152 102
153 9
154 150
151 155
156 134
63 157
158 9
68 108
99 159
23 160
19 159
161 162
163 164
165 56
123 166
87 167
48 168
125 105
169 170
151 171
114 172
173 174
154 175
29 176
177 97
178 179
180 72
181 182
4 183
184 185
0 9
186 141
108 187
188 157
189 190
12 191
171 51
192 193
194 195
163 196
66 25
197 32
52 198
166 199
200 201
202 203
204 205
162 80
206 207
187 107
208 209
108 210
169 211
212 213
63 214
215 71
216 12
32 55
217 218
184 176
219 127
220 221
128 222
223 51
224 21
40 222
76 207
225 23
211 226
177 98
227 228
229 117
123 230
231 135
232 233
234 80
235 236
235 222
237 232
238 239
240 241
194 159
242 15
137 243
65 244
16 181
110 245
10 246
58 150
77 247
194 156
248 249
30 91
138 250
194 71
251 49
252 253
196 49
254 168
125 107
48 255
59 158
256 96
3 257
32 258
173 259
260 127
208 52
261 51
262 121
38 263
40 35
264 265
32 177
139 266
164 80
267 268
154 269
55 95
270 105
154 12
129 271
30 272
69 273
67 274
14 275
114 131
265 81
276 277
278 117
99 279
64 280
210 281
92 21
282 255
248 283
38 284
112 80
216 175
285 274
286 85
287 194
50 288
135 219
289 81
216 56
199 51
149 221
290 80
291 292
45 293
293 294
209 239
30 294
244 71
217 295
296 20
171 231
297 20
16 123
298 215
123 57
65 299
241 5
128 96
57 217
214 255
300 96
301 302
157 49
138 124
12 150
303 304
211 27
228 80
45 30
12 305
206 7
225 107
306 307
276 187
4 241
27 308
225 309
310 245
311 245
312 313
314 315
282 168
25 311
312 316
74 114
92 317
318 123
319 320
138 187
321 83
322 323
54 23
23 324
202 325
326 251
327 96
198 15
263 145
328 9
329 27
45 330
128 176
331 134
57 4
332 201
77 237
212 333
334 335
23 336
113 337
241 218
38 255
140 121
106 309
10 338
244 15
339 340
202 15
67 285
341 41
311 71
342 71
100 279
343 187
314 344
258 345
346 221
304 15
347 81
348 85
224 349
337 350
351 352
12 46
128 353
276 185
231 50
354 207
57 151
276 322
304 266
139 297
224 355
339 356
139 357
289 150
358 359
38 239
266 357
360 207
152 150
361 3
67 215
362 363
188 364
365 366
140 367
368 104
309 107
177 369
370 209
240 16
217 171
267 71
208 7
14 323
118 268
371 372
304 373
374 9
375 376
211 377
289 9
18 207
378 379
123 283
380 381
208 157
382 71
52 242
24 309
108 30
30 383
40 384
385 386
149 387
208 276
388 389
92 390
391 303
92 392
175 350
173 393
65 70
95 302
16 394
181 123
395 45
293 132
396 225
397 12
227 196
398 22
140 196
396 399
12 400
18 134
289 107
401 402
382 118
12 344
4 218
403 404
405 406
92 407
65 84
408 245
36 51
40 353
282 49
342 159
140 262
215 15
409 410
238 411
40 187
210 294
399 81
265 106
412 413
38 168
154 87
414 415
302 105
65 348
4 51
297 15
416 97
54 309
267 413
147 307
63 254
416 216
111 251
326 290
70 15
