4,2 1
343,1 1
4,1 2
319,2 1
222,1 1
319,1 1
101,3 1
101,2 7
49,1 1
101,1 5
0,2 1
0,1 2
186,3 1
186,2 2
186,1 2
45,1 2
182,3 1
279,3 1
182,2 7
182,1 5
279,2 6
311,1 1
279,1 3
41,1 2
158,2 1
17,4 2
158,1 1
17,3 5
17,2 4
17,1 2
275,1 1
154,3 1
154,2 8
154,1 5
98,3 2
98,2 2
98,1 2
150,2 2
150,1 1
247,1 1
126,3 1
126,2 9
126,1 4
122,8 1
243,5 2
122,7 2
243,4 5
122,6 2
243,3 4
122,5 1
243,2 2
122,4 9
243,1 1
122,3 5
122,2 4
122,1 1
90,1 1
66,3 1
66,2 7
66,1 5
62,6 1
62,5 2
62,4 2
62,3 1
62,2 9
332,1 1
211,3 1
62,1 4
211,2 7
211,1 1
38,1 2
296,2 3
296,1 1
304,1 2
34,2 1
34,1 1
30,8 1
292,2 1
30,7 2
30,6 2
292,1 1
30,5 1
30,4 9
30,3 5
147,5 1
171,1 5
147,4 2
30,2 5
147,3 2
30,1 4
147,2 2
147,1 3
264,3 2
264,2 2
264,1 2
143,2 1
143,1 1
119,1 1
260,2 2
260,1 1
357,1 2
353,4 1
115,1 2
353,3 8
353,2 3
353,1 1
83,1 1
232,3 1
232,2 7
232,1 2
329,1 2
59,2 4
111,3 1
59,1 5
111,2 7
111,1 1
196,3 1
196,2 7
204,5 1
196,1 1
204,4 2
55,2 2
55,1 2
204,3 2
204,2 2
204,1 3
192,3 1
192,2 7
192,1 1
321,2 3
321,1 1
289,1 1
200,3 1
51,1 2
200,2 7
27,3 1
200,1 2
27,2 8
27,1 2
164,3 2
164,2 3
164,1 2
160,2 1
160,1 1
257,1 1
136,2 2
136,1 7
253,2 2
253,1 2
132,1 2
229,1 3
108,1 1
342,3 1
342,2 7
342,1 2
221,3 1
189,2 3
221,2 3
221,1 2
48,3 1
189,1 2
100,3 1
48,2 7
48,1 3
100,2 7
100,1 1
185,3 1
185,2 7
185,1 5
181,2 2
181,1 1
157,5 2
278,2 1
157,4 5
278,1 2
157,3 5
16,5 2
40,1 2
157,2 4
16,4 5
157,1 3
16,3 4
16,2 2
16,1 1
12,1 5
129,2 1
129,1 2
270,1 1
97,3 1
367,1 1
97,2 7
97,1 5
125,2 1
125,1 3
93,1 1
242,3 1
242,2 8
339,2 1
242,1 2
339,1 1
218,1 1
335,1 1
214,3 2
214,2 5
214,1 3
331,3 1
331,2 7
61,2 1
331,1 1
299,1 1
61,1 2
178,1 2
307,1 2
37,2 3
37,1 3
295,2 2
295,1 1
174,2 1
174,1 1
33,2 4
33,1 5
146,3 2
146,2 2
146,1 2
239,1 1
118,3 1
118,2 7
118,1 2
86,2 1
86,1 3
235,1 2
114,1 3
82,3 1
352,1 1
82,2 8
199,3 1
82,1 2
199,2 7
199,1 1
328,1 1
110,3 1
207,3 1
110,2 8
110,1 4
207,2 8
207,1 2
324,3 1
195,1 3
54,3 2
324,2 7
54,2 2
324,1 1
54,1 2
191,1 1
320,1 1
167,1 1
284,1 1
163,1 2
22,1 3
139,1 2
280,1 1
135,3 1
135,2 8
135,1 3
252,3 1
252,2 7
349,3 1
252,1 1
349,2 7
79,2 1
349,1 1
228,3 1
79,1 1
131,1 1
228,2 7
228,1 3
224,9 1
224,8 2
107,1 1
224,7 2
224,6 1
224,5 6
6,1 1
224,4 5
75,1 2
224,3 5
224,2 6
224,1 2
103,1 1
2,3 1
2,2 7
341,1 1
2,1 5
71,1 3
220,1 1
188,1 1
317,1 1
47,1 2
313,3 1
184,1 1
313,2 7
313,1 1
43,1 1
19,2 1
19,1 7
180,3 1
180,2 7
180,1 5
273,8 1
273,7 2
273,6 2
273,5 1
273,4 9
273,3 5
273,2 4
273,1 3
249,3 1
152,1 1
249,2 7
249,1 5
128,3 1
128,2 7
128,1 3
96,3 1
245,5 2
366,1 1
245,4 2
96,2 7
245,3 2
96,1 1
245,2 6
245,1 4
124,1 1
92,3 1
362,1 1
92,2 7
92,1 5
217,5 2
217,4 5
217,3 4
68,1 1
217,2 2
217,1 1
334,1 1
64,1 3
213,1 1
60,3 1
330,1 1
60,2 2
60,1 2
177,1 1
36,3 2
36,2 2
36,1 1
294,1 1
290,8 1
290,7 2
290,6 2
302,1 1
32,1 3
290,5 1
290,4 9
290,3 5
290,2 4
290,1 1
266,2 5
266,1 1
145,1 3
262,1 1
359,1 1
89,1 1
141,1 2
238,1 1
355,5 2
355,4 5
355,3 4
85,3 1
355,2 2
355,1 1
85,2 7
234,3 6
85,1 2
234,2 9
234,1 3
113,1 2
351,3 1
351,2 7
81,2 1
351,1 1
81,1 2
198,3 1
327,3 1
198,2 8
57,3 1
327,2 7
198,1 2
327,1 1
57,2 2
57,1 2
206,1 1
194,1 1
53,2 1
202,3 1
53,1 2
202,2 8
29,3 1
202,1 3
29,2 7
29,1 1
190,1 1
166,4 1
287,1 1
166,3 2
166,2 2
166,1 2
25,1 1
283,1 1
162,3 1
162,2 7
162,1 1
259,1 2
138,2 3
138,1 1
134,3 1
134,2 6
134,1 3
9,1 1
348,1 1
130,2 1
130,1 1
106,1 2
344,3 1
74,3 1
344,2 7
344,1 1
74,2 8
74,1 2
223,1 4
102,3 1
102,2 7
102,1 2
340,2 1
1,1 1
340,1 1
316,1 1
183,2 8
183,1 5
18,3 1
18,2 7
18,1 1
155,1 3
14,1 4
272,4 1
272,3 8
272,2 3
272,1 1
151,3 1
151,2 7
151,1 1
10,3 1
10,2 7
127,3 1
10,1 3
127,2 7
127,1 1
95,3 1
123,7 1
95,2 8
95,1 2
123,6 2
123,5 2
123,4 1
244,1 1
123,3 9
123,2 5
123,1 4
361,1 1
240,1 1
337,2 2
337,1 1
216,3 1
216,2 7
216,1 1
63,2 3
63,1 2
212,1 1
309,1 2
297,1 1
35,4 2
35,3 2
176,1 1
305,2 1
35,2 1
305,1 2
172,8 1
35,1 1
172,7 2
172,6 2
172,5 1
293,1 1
172,4 9
172,3 5
172,2 4
172,1 2
269,1 2
148,1 2
265,3 1
265,2 7
265,1 2
144,1 1
261,2 1
88,3 1
261,1 2
358,1 1
88,2 7
237,4 2
88,1 1
237,3 2
237,2 2
237,1 3
233,3 1
233,2 7
233,1 3
112,2 2
112,1 1
209,1 1
80,1 1
197,2 2
197,1 3
326,1 1
56,1 1
193,8 1
193,7 2
193,6 2
193,5 1
193,4 9
193,3 5
193,2 4
193,1 2
322,1 1
169,1 3
28,1 1
282,2 1
282,1 1
258,3 2
20,3 1
258,2 2
161,1 2
20,2 7
258,1 2
20,1 5
254,1 1
133,1 1
109,3 1
109,2 3
109,1 4
250,1 1
347,2 1
8,1 3
347,1 2
77,1 1
226,1 1
