[72, 17]
[29, 331]
[18, 134, 178, 215, 54]
[134, 60, 235, 186, 253, 53, 54]
[234, 59]
[31, 191]
[134, 60, 163, 186, 253, 53]
[438, 103]
[18, 197, 134, 60, 6, 262]
[60, 6, 262, 7]
[402, 403]
[261, 18, 197, 134, 307]
[186, 54]
[355, 29, 331]
[70, 116]
[122, 267]
[135, 136, 113]
[202, 152]
[18, 197, 134, 60, 39]
[34, 58, 99]
[203, 115]
[175, 176, 82]
[261, 262]
[134, 60, 163, 186]
[68, 27, 334, 267]
[57, 25, 26, 332, 115]
[193, 194]
[76, 126, 81, 82]
[213, 34, 58, 99, 84, 85]
[192, 104]
[357, 169]
[166, 14, 208]
[233, 73]
[227, 300, 348]
[261, 18, 134, 60, 163, 186, 253, 53]
[327, 292]
[70, 71]
[100, 196]
[228, 196]
[341, 134, 178, 215, 54]
[70, 116, 32, 296]
[139, 191]
[134, 178, 215]
[261, 18, 134, 60, 39, 40]
[266, 73]
[419, 243, 25, 363]
[265, 72, 73]
[116, 32, 93]
[289, 290]
[166, 293]
[218, 17]
[261, 18, 134, 60, 163, 186, 253]
[18, 134, 60, 163, 186, 253]
[94, 95]
[134, 60, 235, 186, 253, 144, 237]
[14, 328]
[287, 132]
[166, 14, 15]
[94, 413]
[114, 332]
[134, 60, 235, 186]
[243, 25, 57]
[133, 134, 60, 235, 186, 253, 144]
[261, 18, 134, 60, 163, 167]
[133, 134, 60, 39, 40]
[151, 393]
[227, 300, 301]
[419, 243, 25, 26, 332, 115]
[51, 278]
[134, 60, 235, 186, 253]
[161, 181]
[237, 138]
[377, 14, 83]
[419, 243]
[66, 67]
[306, 182]
[313, 314]
[134, 60, 235, 186, 253, 53, 310]
[323, 102]
[100, 392]
[48, 41, 288]
[114, 115]
[352, 274]
[140, 295]
[18, 197, 134, 60]
[251, 252, 36, 226]
[25, 57, 115]
[418, 48, 315]
[60, 235, 186, 253, 144, 54]
[94, 415]
[213, 34, 192, 104]
[58, 99, 325, 113]
[261, 18, 417]
[57, 25, 26, 332]
[48, 41, 196]
[166, 162]
[134, 60, 163, 167]
[0, 300, 301]
[6, 262]
[60, 163, 186, 253, 144, 237, 138]
[188, 189]
[197, 134, 60, 235, 186, 253, 144, 237]
[321, 233, 73]
[34, 192, 395]
[235, 236]
[227, 300]
[420, 14]
[213, 34, 192, 103]
[251, 252, 36]
[100, 101, 168]
[261, 18, 197, 134, 60, 235, 186, 253, 144]
[100, 87]
[366, 367]
[134, 307]
[2, 3]
[234, 14]
[43, 203, 115]
[261, 18, 134, 60, 163, 186]
[227, 55, 263]
[420, 14, 49]
[235, 186, 253, 144]
[261, 18, 197, 134, 60, 163, 186, 253, 144, 237]
[341, 134, 60, 163, 186, 253, 53]
[100, 265, 72, 17]
[134, 60, 163, 186, 253, 144]
[261, 18, 197, 134, 60, 6]
[25, 57, 113]
[261, 18, 197, 134, 60, 6, 54]
[133, 134, 60, 163, 186, 253, 144, 54]
[261, 18]
[29, 30]
[58, 99, 325]
[261, 18, 134, 60, 235, 186, 253, 144]
[134, 60, 6, 236]
[414, 326, 327]
[183, 230]
[18, 134, 60, 235, 236]
[265, 374, 87]
[166, 14, 423]
[158, 101, 171]
[68, 69, 309, 298]
[18, 134, 60, 6]
[18, 197, 134, 60, 163, 186, 54]
[133, 134, 178, 215, 54]
[235, 186, 253, 144, 237, 138]
[261, 18, 197, 134, 60, 163, 186, 253, 144, 237, 138]
[341, 134, 250]
[175, 212]
[261, 18, 134, 307]
[355, 29, 30]
[140, 141]
[25, 57, 332]
[1, 36, 130]
[70, 116, 32]
[133, 134, 60, 163, 186, 253]
[158, 252]
[368, 44]
[260, 196]
[283, 225]
[341, 134, 60]
[78, 9]
[0, 300, 348]
[419, 243, 25, 26, 332]
[11, 113]
[175, 212, 52]
[243, 25, 26, 332]
[341, 134, 60, 163, 186, 253, 144, 237]
[60, 6, 236]
[116, 32, 316]
[213, 34, 192, 103, 104]
[99, 325]
[428, 429]
[435, 115]
[71, 297]
[227, 300, 203, 115]
[134, 60, 235, 186, 54]
[100, 265, 72]
[325, 113]
[341, 134, 60, 6, 262, 236]
[261, 18, 134, 60, 6, 7]
[252, 36]
[377, 14, 49, 50]
[0, 300]
[306, 52]
[261, 18, 134, 60, 163, 186, 253, 144]
[1, 36]
[68, 27]
[213, 34, 58, 99, 325]
[230, 29]
[183, 230, 29, 30]
[53, 54]
[234, 14, 328]
[18, 197, 134, 307]
[341, 134, 60, 235, 186, 253, 144, 237, 138]
[100, 101, 168, 169]
[34, 58, 59]
[55, 56]
[197, 134, 60, 39, 40]
[252, 36, 226]
[398, 11]
[125, 364]
[326, 327, 292, 384]
[333, 267]
[418, 48, 32, 316]
[204, 205, 52]
[183, 184]
[6, 54]
[18, 134, 60, 163, 186, 253, 144, 237, 138]
[18, 197, 134, 178, 215, 54]
[163, 186, 253]
[18, 197, 134, 60, 163, 7]
[134, 60, 235, 317]
[114, 332, 115]
[48, 315, 316]
[197, 134, 60, 235, 186, 253, 144, 54]
[60, 235]
[419, 422, 83]
[418, 48, 41]
[289, 290, 114]
[53, 310]
[230, 29, 30]
[223, 9]
[261, 18, 134, 60, 235, 317]
[103, 104]
[166, 89]
[213, 34, 281]
[261, 18, 134, 60, 235, 186, 253, 144, 237, 138]
[204, 205]
[292, 384]
[164, 110]
[300, 348, 349]
[177, 59]
[260, 434]
[243, 25, 363]
[144, 54]
[133, 134, 60, 235, 186, 253, 53, 54]
[170, 11]
[43, 44]
[57, 332, 115]
[197, 134, 60, 39]
[133, 134, 178, 215]
[134, 60, 235, 186, 253, 144, 54]
[261, 18, 197, 134, 60, 235, 186, 253, 144, 54]
[101, 168, 169]
[18, 134, 60]
[274, 52]
[25, 26]
[48, 41, 42]
[18, 134, 60, 235, 186, 253, 144]
[257, 239]
[438, 234, 14, 371]
[419, 422]
[18, 197, 134, 60, 6, 262, 236]
[0, 1]
[163, 186, 253, 144, 237, 138]
[220, 62, 170]
[213, 34, 58, 99, 325, 113]
[116, 203, 115]
[31, 32, 296]
[125, 364, 376]
[14, 83]
[398, 11, 113]
[424, 425]
[43, 239]
[369, 73]
[150, 320, 17]
[318, 225, 226]
[326, 327, 292]
[420, 14, 162]
[18, 197, 134, 60, 235, 186, 253]
[396, 397]
[60, 235, 186, 253, 144]
[18, 197, 134, 60, 163, 186, 253, 144, 237, 138]
[261, 18, 134, 60, 6, 262]
[1, 36, 226]
[105, 246]
[377, 14, 328]
[238, 181]
[57, 25, 26]
[32, 316]
[197, 134, 60, 235, 186, 253, 53, 310]
[158, 101]
[265, 322]
[341, 134, 60, 6, 199]
[64, 65, 36, 226]
[163, 186, 253, 53, 310]
[341, 134, 178, 215]
[69, 309]
[261, 18, 134, 60, 235, 186, 253, 144, 54]
[318, 225]
[324, 325]
[197, 134, 60, 235]
[94, 430]
[173, 174, 82]
[337, 371]
[261, 18, 197, 134, 60, 163, 186, 253, 144]
[261, 18, 134, 60, 235, 186, 54]
[261, 18, 197, 134, 178, 215]
[341, 134, 60, 235, 186, 253, 53, 310]
[158, 252, 36, 226]
[57, 25, 350]
[116, 229, 316]
[341, 134]
[76, 126, 142, 143]
[213, 34, 192]
[241, 382]
[18, 197, 134, 60, 163, 186, 253, 144, 54]
[197, 134, 60]
[438, 234]
[18, 134, 60, 39, 40]
[334, 267]
[68, 27, 334, 73]
[120, 121]
[220, 115]
[261, 18, 134, 60, 6, 199]
[422, 83]
[65, 36, 226]
[418, 48, 356]
[63, 11]
[341, 134, 60, 6, 262]
[414, 326, 327, 284]
[158, 252, 73]
[197, 134, 60, 235, 186, 253, 144, 237, 138]
[408, 409]
[100, 265, 266, 73]
[320, 22]
[70, 116, 229, 305]
[261, 18, 134, 60, 6, 262, 7]
[414, 326, 327, 292, 384]
[261, 18, 19]
[64, 65]
[8, 9]
[257, 258]
[25, 350]
[60, 163, 186, 54]
[261, 18, 197, 134, 60, 163, 186, 253, 53]
[281, 372]
[163, 186, 253, 144, 54]
[25, 26, 332]
[163, 167]
[197, 134, 60, 163, 186, 54]
[373, 83]
[134, 60, 163, 186, 253, 144, 237]
[197, 134, 60, 163, 167]
[227, 55]
[18, 197, 134, 60, 235, 186, 253, 144]
[72, 73]
[70, 116, 32, 316]
[204, 344]
[60, 235, 236]
[261, 18, 134, 60, 163, 186, 253, 144, 237]
[133, 134, 60, 235, 186, 253, 53]
[261, 18, 134, 60, 6, 262, 236]
[14, 162]
[233, 17]
[377, 14, 49]
[420, 14, 208]
[133, 134, 60, 6, 262, 7]
[61, 62, 170]
[150, 292, 384]
[134, 60, 235, 236]
[259, 254]
[105, 106]
[341, 134, 60, 235, 186, 253, 144, 237]
[155, 156]
[261, 18, 197, 134, 60, 235, 186, 253, 53, 54]
[234, 14, 49, 50]
[92, 93]
[197, 134, 250]
[261, 18, 134, 250]
[419, 243, 25, 57]
[18, 417]
[195, 74, 75]
[261, 18, 197, 134, 60, 235, 186, 253, 144, 237, 138]
[209, 210]
[419, 243, 25, 57, 115]
[341, 134, 60, 163, 186, 253, 144, 54]
[32, 406]
[84, 85]
[197, 134, 60, 235, 186, 253, 53]
[60, 235, 186, 253]
[259, 254, 255]
[133, 134, 60, 163, 167]
[58, 99, 84, 85]
[70, 116, 203, 115]
[142, 143]
[10, 11, 113]
[163, 186, 253, 53, 54]
[266, 17]
[223, 224]
[418, 48, 32, 406]
[133, 134, 60, 235, 186, 54]
[116, 229]
[283, 284]
[166, 14, 83]
[186, 253, 53, 54]
[48, 32, 93]
[277, 182]
[18, 197, 134, 60, 39, 54]
[41, 288]
[418, 48, 41, 288]
[116, 92]
[419, 243, 25, 57, 332]
[386, 224]
[76, 77]
[68, 69]
[118, 119]
[134, 60, 163, 186, 54]
[100, 265, 374, 87]
[6, 262, 236]
[116, 92, 93]
[261, 18, 197, 134, 60, 6, 262, 236]
[438, 234, 59]
[265, 72, 17]
[18, 134, 60, 235, 186]
[261, 18, 197, 134, 60, 163, 186, 54]
[99, 325, 113]
[94, 23, 24]
[131, 132]
[275, 276]
[419, 243, 25, 57, 113]
[218, 219]
[261, 18, 197, 134, 60, 235, 186, 253]
[261, 18, 134]
[57, 115]
[100, 265, 374]
[18, 134, 60, 235, 186, 253, 144, 237, 138]
[261, 18, 134, 60, 163, 186, 253, 53, 310]
[183, 230, 401]
[116, 203]
[31, 32, 93]
[261, 18, 197, 134, 60, 235, 186, 253, 53, 310]
[178, 215, 54]
[261, 18, 197, 134, 178, 215, 54]
[341, 134, 60, 163, 186, 253, 53, 54]
[197, 134, 60, 163, 186, 253, 144, 237, 138]
[100, 265, 266]
[12, 13]
[18, 197, 134, 60, 6, 7]
[34, 58, 99, 84, 85]
[241, 375]
[265, 374]
[234, 190]
[18, 134, 60, 6, 262, 7]
[321, 233, 17]
[101, 171]
[133, 134, 60, 39]
[18, 197, 134, 60, 163]
[134, 60, 163, 186, 253, 144, 54]
[18, 134, 60, 235, 186, 253, 144, 54]
[173, 174]
[18, 197, 134, 60, 235, 236]
[134, 60]
[354, 11, 113]
[227, 55, 263, 17]
[6, 262, 7]
[88, 89]
[170, 11, 113]
[213, 34, 58, 59]
[18, 197, 134, 60, 163, 186, 253, 53, 310]
[265, 266]
[134, 60, 235]
[319, 22]
[107, 108, 303]
[65, 36]
[311, 162]
[57, 113]
[12, 365]
[134, 178]
[134, 60, 163, 186, 253]
[94, 23]
[225, 226]
[78, 224]
[438, 234, 14]
[18, 197, 134, 250]
[133, 134, 60]
[418, 48, 32, 93]
[108, 303]
[39, 54]
[240, 54]
[261, 18, 197, 198]
[243, 25, 26, 332, 115]
[57, 332]
[335, 336]
[62, 170]
[174, 82]
[133, 134, 60, 163, 186]
[197, 134, 60, 235, 186, 253, 53, 54]
[166, 14, 371]
[355, 29]
[341, 134, 60, 6, 54]
[18, 134, 178]
[133, 134, 60, 163, 186, 253, 144, 237, 138]
[151, 287, 132]
[69, 298]
[290, 114]
[16, 17]
[18, 134, 60, 163, 186, 253, 144]
[18, 134, 60, 235, 186, 253, 53, 310]
[335, 339]
[418, 48, 41, 196]
[227, 9]
[195, 74]
[420, 14, 83]
[235, 186, 253, 53, 54]
[361, 362]
[431, 267]
[55, 263, 17]
[26, 332]
[133, 134, 60, 235, 186, 253, 144, 237, 138]
[234, 14, 371]
[48, 41]
[60, 163, 186, 253]
[286, 54]
[34, 281, 372]
[70, 116, 32, 93]
[81, 82]
[438, 234, 14, 328]
[165, 11]
[20, 224]
[61, 62]
[147, 273]
[227, 55, 214, 17]
[124, 82]
[261, 18, 134, 60, 163, 7]
[251, 252]
[70, 116, 92, 93]
[100, 265]
[64, 65, 73]
[253, 53, 54]
[183, 230, 244]
[133, 134, 250]
[133, 134, 60, 235, 186, 253, 53, 310]
[145, 146]
[318, 73]
[234, 14, 15]
[235, 186, 54]
[247, 248]
[32, 296]
[197, 134, 178, 215]
[390, 391]
[197, 134, 60, 235, 186, 253, 144]
[6, 199]
[18, 197, 134, 60, 163, 186, 253]
[348, 349]
[60, 163, 7]
[134, 60, 6, 7]
[186, 253, 53, 310]
[235, 186, 253, 144, 237]
[65, 36, 130]
[27, 28]
[158, 252, 36]
[243, 25, 57, 102]
[134, 60, 6, 54]
[418, 48, 32, 296]
[230, 29, 331]
[345, 346]
[57, 25]
[134, 60, 235, 186, 253, 144]
[6, 7]
[18, 197, 134, 60, 163, 167]
[438, 234, 14, 15]
[48, 315, 143]
[197, 134, 60, 6, 262, 7]
[18, 197, 134, 60, 235, 186, 253, 53]
[158, 252, 36, 130]
[16, 349]
[41, 42]
[48, 32, 296]
[64, 65, 36, 130]
[163, 186]
[133, 134, 60, 235]
[4, 5, 280]
[60, 235, 186, 253, 144, 237, 138]
[18, 197, 134, 60, 235, 186, 253, 144, 237, 138]
[265, 86]
[70, 116, 32, 406]
[294, 113]
[352, 274, 52]
[151, 132]
[341, 134, 60, 39, 40]
[5, 280]
[419, 243, 25]
[41, 196]
[133, 134, 60, 6, 236]
[341, 134, 60, 6]
[152, 153]
[261, 18, 197, 134, 60, 39]
[34, 58, 99, 325, 113]
[261, 18, 197, 134, 250]
[0, 300, 203, 115]
[352, 312]
[337, 338]
[261, 18, 134, 178, 215]
[254, 255]
[100, 101, 73]
[137, 138]
[145, 146, 264]
[341, 134, 60, 235, 186, 54]
[105, 277, 182]
[300, 201]
[341, 134, 60, 163, 7]
[341, 134, 60, 235, 186, 253, 53, 54]
[366, 383]
[68, 27, 28]
[311, 11]
[377, 14, 371]
[234, 190, 376]
[271, 272]
[60, 39, 40]
[107, 171]
[197, 134, 60, 163, 186]
[243, 332]
[61, 62, 170, 11, 113]
[134, 60, 39, 54]
[213, 34, 58, 99]
[247, 248, 82]
[291, 119]
[135, 136]
[134, 178, 215, 54]
[151, 212, 52]
[151, 287]
[161, 162]
[354, 11]
[134, 60, 6, 262, 236]
[420, 14, 423]
[18, 134, 60, 235, 317]
[18, 197, 134, 60, 163, 186]
[213, 34]
[315, 143]
[18, 197, 134, 60, 6, 199]
[4, 5]
[51, 182]
[261, 18, 134, 60, 163, 186, 253, 144, 237, 138]
[197, 134, 60, 163, 186, 253, 53, 54]
[243, 115]
[18, 134, 60, 163, 186, 253, 144, 237]
[158, 101, 168, 169]
[229, 316]
[192, 103]
[261, 18, 134, 60, 235, 186, 253]
[14, 49]
[261, 18, 197, 134, 60, 6, 7]
[69, 233]
[261, 18, 197, 134, 60, 39, 40]
[387, 5, 280]
[134, 60, 163, 186, 253, 53, 54]
[133, 134, 60, 235, 236]
[261, 18, 197, 134, 60, 235, 236]
[48, 41, 308]
[133, 134, 60, 235, 186, 253, 144, 237]
[150, 87]
[300, 203]
[122, 73]
[283, 225, 226]
[136, 113]
[151, 131]
[63, 11, 113]
[419, 243, 332, 115]
[60, 6, 262, 236]
[253, 53]
[128, 129]
[60, 235, 186, 253, 53, 310]
[261, 18, 197]
[178, 215]
[197, 134, 60, 163, 186, 253, 144]
[134, 60, 163, 186, 253, 144, 237, 138]
[183, 230, 29]
[235, 186, 253, 53]
[241, 23]
[261, 18, 197, 134, 60, 163, 7]
[227, 300, 201]
[300, 301]
[18, 134, 60, 163]
[25, 57]
[243, 25, 57, 332, 115]
[261, 18, 134, 60, 235, 186, 253, 144, 237]
[197, 134, 178, 215, 54]
[70, 116, 203]
[18, 197, 134, 60, 235]
[100, 265, 86, 87]
[166, 14, 49]
[98, 242]
[120, 115]
[166, 14, 328]
[14, 423]
[133, 134, 60, 163]
[218, 351]
[341, 134, 60, 6, 236]
[18, 197, 134, 60, 163, 186, 253, 144, 237]
[419, 243, 25, 350]
[57, 25, 363]
[341, 134, 60, 163]
[324, 325, 113]
[60, 163, 186]
[34, 192, 103, 104]
[186, 253, 144, 237]
[370, 203, 115]
[418, 48, 41, 308]
[253, 144]
[76, 126, 81]
[134, 60, 6, 262, 7]
[342, 343]
[18, 197, 134, 60, 163, 186, 253, 144]
[60, 163, 186, 253, 144, 54]
[186, 253, 53]
[227, 300, 203]
[0, 300, 201]
[125, 15]
[18, 134, 60, 235, 186, 253, 53]
[214, 17]
[48, 356]
[47, 11, 113]
[197, 134, 60, 6, 262, 236]
[163, 186, 253, 53]
[60, 163, 186, 253, 144, 237]
[261, 18, 197, 134, 60, 235, 186]
[61, 162]
[235, 186, 253]
[133, 134, 60, 6, 7]
[133, 134, 60, 163, 186, 253, 53]
[261, 18, 134, 60, 235]
[227, 228]
[334, 73]
[261, 18, 134, 60, 163, 186, 253, 53, 54]
[86, 87]
[249, 129, 157]
[18, 197, 134, 178, 215]
[302, 129, 157]
[164, 162]
[261, 18, 134, 60, 6, 236]
[34, 281]
[134, 60, 163]
[32, 93]
[48, 32, 406]
[64, 65, 36]
[74, 75]
[227, 205]
[269, 96]
[414, 326, 327, 292]
[90, 91]
[166, 14]
[261, 18, 134, 60]
[261, 262, 7]
[261, 18, 197, 134, 60, 163, 167]
[197, 134, 60, 6, 236]
[60, 39]
[60, 235, 186]
[65, 73]
[377, 14]
[58, 59]
[227, 228, 196]
[186, 253, 144, 54]
[49, 50]
[60, 235, 186, 253, 53]
[79, 270]
[216, 217]
[133, 134]
[248, 82]
[48, 32, 316]
[261, 18, 134, 60, 39, 54]
[321, 233]
[262, 236]
[61, 11, 113]
[14, 49, 50]
[21, 22]
[144, 237]
[18, 134, 60, 6, 236]
[261, 18, 197, 134, 60, 163, 186, 253]
[18, 134, 307]
[147, 203, 115]
[139, 380]
[197, 134, 60, 6]
[48, 315]
[438, 234, 14, 49]
[133, 134, 60, 39, 54]
[220, 62, 170, 11, 113]
[243, 25, 172]
[197, 134, 60, 235, 236]
[60, 235, 186, 54]
[326, 327]
[26, 332, 115]
[234, 14, 162]
[14, 208]
[261, 18, 197, 134, 60, 163, 186, 253, 144, 54]
[341, 134, 60, 235, 317]
[18, 134, 178, 215]
[106, 278]
[197, 134, 60, 163, 186, 253, 53]
[341, 134, 178]
[438, 234, 14, 49, 50]
[129, 157]
[327, 284]
[186, 253]
[100, 265, 86]
[243, 25]
[180, 181]
[246, 304]
[320, 17]
[261, 18, 197, 134, 60, 163, 186]
[107, 303]
[436, 437]
[261, 18, 197, 134, 60, 235, 186, 253, 53]
[133, 134, 60, 235, 186, 253, 144, 54]
[126, 81]
[154, 110]
[327, 17]
[101, 211]
[279, 102]
[70, 116, 229]
[418, 48, 315, 316]
[18, 197, 134, 60, 235, 186]
[41, 308]
[105, 106, 278]
[133, 134, 60, 235, 317]
[34, 192]
[25, 57, 102]
[197, 134, 60, 163, 186, 253, 144, 54]
[438, 234, 190]
[27, 334]
[148, 149]
[18, 134, 60, 235, 186, 253]
[261, 18, 134, 60, 163, 186, 54]
[0, 300, 203]
[271, 307]
[25, 26, 332, 115]
[312, 82]
[212, 52]
[285, 138]
[105, 277]
[290, 114, 115]
[25, 172]
[147, 135, 136]
[341, 134, 60, 235, 186, 253, 144]
[290, 114, 332, 115]
[134, 60, 163, 186, 253, 53, 310]
[69, 233, 73]
[256, 82]
[261, 18, 134, 60, 163, 186, 253, 144, 54]
[421, 24]
[134, 60, 235, 186, 253, 144, 237, 138]
[235, 186, 253, 53, 310]
[261, 18, 134, 60, 6]
[16, 299]
[62, 170, 11]
[126, 142]
[326, 327, 284]
[34, 58, 99, 325]
[69, 309, 298]
[197, 134, 60, 163, 186, 253, 53, 310]
[261, 18, 197, 134, 60, 163, 186, 253, 53, 310]
[188, 282]
[60, 235, 317]
[150, 292]
[18, 197, 134, 60, 6, 262, 7]
[111, 112]
[378, 379]
[221, 222]
[18, 197, 134, 60, 235, 186, 253, 53, 54]
[197, 134, 60, 6, 7]
[419, 243, 25, 26]
[253, 144, 54]
[419, 243, 25, 172]
[107, 108]
[76, 126, 187]
[263, 17]
[34, 192, 104]
[45, 46]
[18, 134, 60, 163, 7]
[332, 115]
[370, 203]
[161, 410]
[290, 114, 332]
[134, 250]
[243, 25, 26]
[185, 9]
[341, 134, 60, 235]
[60, 6, 54]
[134, 60, 6, 199]
[186, 253, 144, 237, 138]
[123, 124]
[18, 197, 134, 60, 6, 236]
[234, 14, 83]
[10, 11]
[100, 101, 171]
[68, 69, 233, 73]
[377, 14, 423]
[261, 18, 197, 134, 60, 163]
[18, 197]
[147, 203]
[18, 134, 60, 6, 54]
[418, 48]
[234, 14, 423]
[197, 134, 60, 39, 54]
[70, 71, 297]
[241, 23, 24]
[41, 288, 156]
[347, 85]
[420, 14, 15]
[438, 234, 14, 83]
[60, 6]
[341, 134, 60, 39]
[0, 1, 36, 226]
[43, 203]
[197, 134, 60, 6, 54]
[261, 18, 197, 134, 60, 6, 262]
[426, 427]
[133, 134, 307]
[34, 58, 99, 84]
[27, 334, 73]
[21, 171]
[23, 24]
[385, 121]
[60, 163, 167]
[289, 290, 83]
[18, 134, 60, 235, 186, 253, 53, 54]
[48, 41, 288, 156]
[261, 18, 197, 134, 60, 235, 186, 54]
[18, 134, 60, 163, 186, 54]
[438, 234, 14, 162]
[18, 19]
[18, 134, 60, 39, 54]
[43, 38]
[231, 232]
[60, 6, 262]
[243, 25, 350]
[144, 237, 138]
[329, 330]
[158, 101, 73]
[18, 134, 60, 235]
[133, 134, 60, 235, 186]
[48, 41, 278]
[36, 226]
[55, 263]
[60, 163, 186, 253, 144]
[253, 53, 310]
[175, 176]
[176, 82]
[341, 134, 60, 163, 186, 253, 53, 310]
[33, 15]
[438, 103, 104]
[206, 207]
[227, 55, 214]
[234, 14, 208]
[289, 290, 114, 115]
[68, 69, 298]
[418, 48, 41, 42]
[418, 48, 41, 288, 156]
[247, 212, 52]
[18, 134, 60, 163, 186, 253, 53]
[261, 18, 197, 134, 60, 163, 186, 253, 53, 54]
[261, 18, 197, 134, 60, 6, 199]
[300, 203, 115]
[197, 134, 60, 163, 7]
[381, 224]
[289, 290, 114, 332, 115]
[432, 433]
[34, 192, 103]
[261, 262, 236]
[61, 62, 170, 11]
[200, 191]
[60, 163, 186, 253, 53, 54]
[289, 290, 114, 332]
[70, 116, 229, 316]
[261, 18, 197, 134, 60, 6, 262, 7]
[6, 236]
[230, 244]
[18, 134, 60, 39]
[159, 330]
[126, 142, 143]
[109, 110]
[165, 11, 113]
[261, 18, 197, 134]
[315, 316]
[418, 48, 32]
[116, 229, 305]
[123, 274, 52]
[18, 197, 134, 60, 235, 186, 253, 144, 54]
[352, 312, 82]
[116, 32]
[420, 14, 371]
[126, 187]
[88, 89, 179]
[134, 60, 6, 262]
[27, 334, 267]
[18, 197, 134, 60, 163, 186, 253, 53]
[166, 190, 376]
[377, 14, 208]
[147, 135]
[18, 134, 60, 163, 186, 253, 144, 54]
[139, 38]
[261, 18, 134, 60, 235, 186, 253, 53, 310]
[420, 14, 328]
[76, 126]
[261, 18, 134, 60, 235, 186, 253, 53]
[61, 11]
[101, 73]
[133, 134, 60, 163, 186, 253, 144, 237]
[133, 134, 60, 6, 199]
[188, 416]
[168, 169]
[25, 363]
[139, 102]
[341, 134, 60, 235, 186]
[18, 134, 60, 6, 199]
[55, 214, 17]
[18, 197, 134, 60, 235, 186, 253, 144, 237]
[55, 214]
[18, 197, 134, 60, 39, 40]
[123, 274]
[197, 134, 178]
[197, 198]
[418, 48, 41, 278]
[311, 83]
[235, 186]
[18, 134, 60, 163, 167]
[60, 6, 7]
[265, 86, 87]
[150, 384]
[158, 101, 168]
[14, 371]
[163, 7]
[197, 134, 60, 235, 186]
[133, 134, 60, 6, 262]
[43, 407]
[261, 18, 134, 60, 235, 236]
[79, 259, 254, 255]
[213, 34, 281, 372]
[341, 134, 307]
[213, 34, 58]
[18, 134, 60, 6, 7]
[79, 80]
[388, 389]
[18, 197, 134, 60, 163, 186, 253, 53, 54]
[166, 14, 49, 50]
[387, 5]
[133, 134, 60, 163, 186, 253, 53, 54]
[399, 400]
[60, 235, 186, 253, 144, 237]
[261, 18, 134, 178]
[341, 134, 60, 163, 167]
[341, 134, 60, 163, 186, 253]
[377, 14, 15]
[150, 320, 22]
[159, 160]
[419, 243, 25, 57, 102]
[163, 186, 253, 144]
[261, 18, 197, 134, 60, 235, 186, 253, 144, 237]
[411, 412]
[134, 60, 6]
[105, 205]
[183, 230, 29, 331]
[163, 186, 54]
[18, 197, 198]
[60, 6, 199]
[251, 252, 73]
[394, 112]
[147, 115]
[341, 134, 60, 163, 186]
[235, 186, 253, 144, 54]
[374, 87]
[116, 32, 296]
[166, 14, 162]
[31, 32, 406]
[192, 395]
[261, 18, 134, 178, 215, 54]
[261, 18, 197, 134, 60, 235]
[76, 126, 142]
[31, 32]
[25, 57, 332, 115]
[197, 134, 60, 163, 186, 253]
[127, 11]
[60, 163]
[197, 134, 60, 163, 186, 253, 144, 237]
[245, 98, 242]
[139, 239]
[419, 243, 25, 57, 332, 115]
[265, 266, 73]
[0, 300, 348, 349]
[60, 163, 186, 253, 53]
[192, 103, 104]
[39, 40]
[41, 278]
[20, 17]
[288, 156]
[261, 18, 134, 60, 235, 186, 253, 53, 54]
[126, 81, 82]
[97, 98]
[341, 134, 60, 163, 186, 54]
[190, 376]
[252, 73]
[341, 134, 60, 6, 262, 7]
[231, 358]
[57, 25, 172]
[227, 205, 52]
[12, 268]
[253, 144, 237, 138]
[18, 197, 134, 60, 6, 54]
[47, 11]
[262, 7]
[341, 134, 60, 235, 186, 253, 144, 54]
[18, 197, 134, 60, 235, 186, 253, 53, 310]
[341, 134, 60, 235, 186, 253, 53]
[94, 340]
[100, 101]
[197, 134, 60, 163]
[62, 170, 11, 113]
[2, 11]
[253, 144, 237]
[261, 18, 197, 134, 60, 235, 317]
[414, 326]
[100, 265, 72, 73]
[20, 169]
[68, 69, 233]
[151, 212]
[419, 243, 332]
[133, 134, 60, 163, 186, 253, 144]
[327, 292, 384]
[127, 11, 113]
[18, 134, 250]
[57, 102]
[18, 134, 60, 235, 186, 253, 144, 237]
[18, 197, 134, 178]
[18, 134, 60, 163, 186, 253, 53, 54]
[48, 32]
[134, 60, 39]
[290, 83]
[418, 48, 315, 143]
[158, 101, 211]
[227, 300, 348, 349]
[133, 134, 60, 6, 54]
[249, 129]
[414, 326, 327, 17]
[133, 134, 60, 163, 7]
[69, 233, 17]
[133, 134, 60, 6]
[133, 134, 60, 235, 186, 253]
[341, 134, 60, 235, 186, 253]
[163, 186, 253, 144, 237]
[419, 243, 115]
[58, 99]
[377, 14, 162]
[326, 327, 17]
[420, 14, 49, 50]
[151, 131, 132]
[261, 18, 134, 60, 163]
[205, 52]
[68, 69, 309]
[404, 405]
[79, 259]
[341, 134, 60, 163, 186, 253, 144]
[99, 84]
[58, 99, 84]
[438, 234, 14, 208]
[251, 252, 36, 130]
[306, 278]
[31, 32, 316]
[68, 69, 233, 17]
[60, 235, 186, 253, 53, 54]
[197, 134]
[227, 55, 56]
[2, 11, 113]
[68, 27, 334]
[220, 62]
[229, 305]
[220, 62, 170, 11]
[243, 332, 115]
[37, 38]
[197, 134, 60, 6, 262]
[105, 246, 304]
[150, 320]
[89, 179]
[243, 25, 57, 113]
[261, 18, 197, 134, 60]
[418, 48, 41, 182]
[243, 25, 57, 115]
[247, 212]
[341, 134, 60, 6, 7]
[166, 89, 179]
[48, 41, 182]
[369, 171]
[41, 182]
[261, 18, 197, 134, 60, 6, 236]
[133, 134, 178]
[18, 197, 134, 60, 6]
[105, 205, 52]
[438, 234, 14, 423]
[51, 52]
[261, 18, 134, 60, 6, 54]
[0, 1, 36, 130]
[243, 25, 57, 332]
[230, 401]
[265, 266, 17]
[311, 115]
[100, 101, 211]
[36, 130]
[186, 253, 144]
[133, 134, 60, 163, 186, 54]
[200, 201]
[18, 134, 60, 235, 186, 54]
[18, 197, 134]
[341, 134, 60, 163, 186, 253, 144, 237, 138]
[438, 234, 190, 376]
[100, 265, 322]
[234, 14, 49]
[252, 36, 130]
[309, 298]
[34, 58]
[166, 190]
[97, 98, 242]
[202, 152, 153]
[302, 129]
[213, 34, 58, 99, 84]
[14, 15]
[18, 134, 60, 163, 186, 253, 53, 310]
[101, 168]
[70, 116, 92]
[117, 54]
[235, 317]
[261, 18, 197, 134, 60, 39, 54]
[116, 32, 406]
[197, 134, 60, 235, 317]
[215, 54]
[123, 124, 82]
[99, 84, 85]
[133, 134, 60, 6, 262, 236]
[359, 360]
[341, 134, 60, 235, 236]
[213, 34, 35]
[265, 72]
[18, 197, 134, 60, 235, 317]
[261, 18, 197, 134, 178]
[18, 134]
[353, 102]
[43, 380]
[18, 134, 60, 163, 186]
[364, 376]
[341, 134, 60, 39, 54]
[245, 98]
[197, 134, 60, 235, 186, 54]
[197, 134, 307]
[128, 129, 157]
[261, 18, 134, 60, 235, 186]
[79, 259, 254]
[60, 163, 186, 253, 53, 310]
[18, 134, 60, 6, 262]
[134, 60, 163, 7]
[61, 96]
[300, 348]
[146, 264]
[34, 35]
[213, 34, 192, 395]
[100, 265, 266, 17]
[134, 60, 235, 186, 253, 53]
[147, 135, 136, 113]
[197, 134, 60, 235, 186, 253]
[60, 39, 54]
[311, 11, 113]
[105, 9]
[18, 197, 134, 60, 235, 186, 54]
[133, 134, 60, 163, 186, 253, 53, 310]
[18, 134, 60, 6, 262, 236]
[197, 134, 60, 6, 199]
[0, 1, 36]
[134, 60, 39, 40]
[261, 18, 134, 60, 39]
