105,1 4
343,4 2
343,3 5
343,2 4
343,1 2
4,1 5
73,1 1
222,1 1
101,1 1
0,2 1
0,1 2
45,2 1
315,1 1
45,1 3
41,1 3
17,1 2
275,1 1
154,1 1
271,2 2
271,1 1
98,2 1
98,1 2
247,1 1
94,1 1
243,1 1
66,1 1
332,1 1
38,3 1
179,1 1
38,2 11
308,1 1
38,1 4
175,1 2
34,2 1
34,1 6
171,1 2
300,1 1
30,1 1
147,1 3
264,1 1
119,1 1
260,2 1
260,1 3
115,1 1
59,1 2
208,1 2
196,3 1
196,2 3
196,1 2
55,3 2
55,2 3
325,1 1
55,1 1
204,1 2
192,2 2
51,3 2
192,1 2
289,1 1
51,2 11
51,1 8
200,2 1
200,1 1
27,1 1
285,1 1
164,1 1
23,1 2
281,1 1
257,2 1
257,1 1
136,2 2
136,1 2
253,1 2
108,1 1
104,8 1
104,7 2
104,6 2
104,5 1
104,4 9
225,1 1
104,3 5
104,2 4
342,4 1
104,1 1
342,3 11
342,2 4
342,1 1
3,1 1
48,3 2
48,2 2
100,2 1
48,1 2
100,1 1
185,1 1
181,5 1
181,4 2
181,3 2
181,2 2
181,1 3
274,8 1
274,7 2
157,1 1
274,6 2
274,5 1
16,1 3
274,4 9
274,3 5
274,2 4
274,1 1
153,1 1
12,1 3
97,1 1
125,1 3
93,2 6
93,1 4
69,1 1
218,1 1
335,1 1
214,1 1
61,3 2
299,1 1
61,2 3
61,1 2
178,2 1
178,1 1
307,1 1
295,2 1
295,1 1
174,1 1
303,1 1
291,1 2
267,1 2
142,4 1
142,3 2
142,2 2
142,1 2
239,1 3
118,2 1
118,1 5
86,1 1
235,2 1
235,1 1
114,1 1
352,1 1
82,1 1
199,1 1
328,1 1
58,1 1
110,1 1
207,2 3
207,1 5
203,9 1
203,8 2
203,7 2
203,6 1
203,5 6
203,4 5
203,3 5
203,2 6
203,1 2
50,6 1
50,5 2
50,4 2
50,3 1
320,1 1
50,2 9
50,1 4
167,1 3
26,1 4
284,1 1
163,1 1
22,2 1
22,1 1
280,2 2
280,1 2
256,1 1
135,1 1
349,1 1
228,1 1
107,1 2
6,1 1
345,1 1
75,1 1
224,1 1
2,2 1
2,1 1
71,1 1
188,2 1
220,1 1
188,1 3
47,2 4
317,1 1
47,1 5
184,1 1
313,1 1
43,1 2
19,1 1
180,3 1
180,2 8
180,1 3
128,1 2
96,2 2
245,3 1
96,1 2
245,2 4
245,1 1
338,4 1
338,3 3
338,2 1
338,1 1
120,1 1
64,3 1
64,2 1
64,1 3
213,1 1
298,1 1
177,1 2
36,2 1
36,1 6
294,1 2
173,3 3
173,2 10
173,1 5
32,1 2
266,1 2
359,1 1
117,1 2
85,1 1
113,2 1
113,1 1
57,3 6
57,2 5
57,1 2
194,2 1
194,1 1
53,1 1
190,3 2
190,2 5
190,1 3
25,2 4
25,1 2
162,5 2
162,4 2
162,3 6
162,2 4
259,3 1
162,1 1
259,2 3
259,1 1
21,2 4
21,1 5
138,2 1
138,1 1
134,2 1
134,1 1
78,2 1
78,1 6
130,1 1
227,2 2
227,1 2
106,2 2
106,1 1
344,3 1
344,2 7
344,1 1
223,1 1
102,1 1
187,1 1
316,2 1
316,1 1
183,1 1
159,2 1
159,1 4
14,8 1
14,7 2
276,1 1
14,6 2
14,5 1
14,4 9
14,3 5
14,2 5
14,1 4
99,2 2
99,1 3
127,5 1
151,1 2
248,1 1
10,2 1
127,4 2
10,1 7
127,3 2
127,2 2
127,1 3
95,1 2
244,1 1
123,1 2
91,1 2
240,1 1
216,1 1
63,1 2
309,2 2
309,1 2
39,1 1
176,2 2
176,1 3
305,1 1
293,1 1
148,8 1
148,7 2
148,6 2
148,5 1
269,1 2
148,4 9
148,3 5
148,2 4
148,1 2
265,1 1
144,1 3
358,4 1
358,3 8
261,1 1
358,2 4
358,1 2
140,3 2
88,1 1
140,2 3
140,1 2
116,3 1
116,2 1
116,1 4
354,1 1
84,1 3
233,2 2
233,1 4
112,2 1
112,1 2
80,2 2
80,1 2
197,1 1
56,2 2
56,1 3
205,1 1
193,1 1
322,1 1
52,1 1
28,4 2
169,1 1
201,1 2
28,3 2
28,2 6
28,1 4
286,1 1
165,1 1
282,2 2
282,1 1
161,1 1
258,1 1
137,1 1
254,2 2
254,1 1
250,1 2
347,1 1
105,7 1
8,1 3
77,2 1
105,6 2
226,3 2
77,1 2
226,2 2
105,5 2
226,1 1
105,4 1
105,3 9
105,2 5
