[247, 371]
[378, 90]
[465, 466]
[197, 107]
[253, 254]
[136, 76]
[78, 41]
[152, 434, 209]
[199, 13]
[272, 15]
[184, 107]
[280, 231]
[211, 212]
[494, 486]
[376, 377]
[157, 203]
[182, 76]
[89, 90]
[373, 271]
[16, 101]
[200, 231]
[46, 47]
[130, 15]
[62, 63]
[334, 129]
[122, 123]
[350, 351]
[48, 332]
[194, 223]
[37, 234]
[375, 280]
[276, 39]
[305, 98]
[143, 144]
[395, 135]
[114, 90]
[16, 257]
[94, 95]
[173, 355]
[125, 212]
[238, 455, 21]
[238, 15]
[48, 224]
[446, 101]
[533, 326]
[276, 292]
[405, 409]
[232, 233]
[227, 90]
[425, 203]
[66, 67]
[8, 282]
[139, 61]
[58, 59]
[123, 90]
[235, 128]
[20, 91]
[96, 11]
[184, 427]
[405, 406]
[526, 150]
[143, 150]
[148, 330]
[133, 134]
[50, 45]
[306, 287]
[370, 195]
[309, 22]
[414, 166]
[188, 189]
[235, 127]
[175, 452]
[70, 135]
[75, 315]
[175, 234]
[22, 23]
[115, 521]
[65, 90]
[272, 11]
[172, 164]
[2, 3]
[55, 48]
[515, 516]
[99, 323]
[87, 88]
[378, 156]
[449, 16]
[504, 16]
[258, 259]
[270, 72]
[248, 249]
[522, 315]
[352, 5]
[186, 471]
[254, 59]
[58, 332]
[483, 256]
[42, 43]
[393, 51]
[115, 410]
[304, 178]
[281, 229]
[279, 21]
[385, 27]
[81, 227]
[280, 16]
[313, 90]
[140, 141]
[1, 14]
[13, 135]
[186, 264]
[26, 27]
[169, 170]
[353, 427]
[55, 38]
[242, 243]
[42, 68]
[519, 520]
[381, 241]
[192, 401]
[8, 250]
[50, 287]
[85, 138]
[340, 341]
[365, 59]
[125, 254]
[299, 160]
[50, 252]
[229, 61]
[114, 164]
[527, 528]
[60, 369]
[244, 166]
[196, 195]
[306, 307]
[78, 14]
[275, 364]
[309, 310]
[123, 210]
[157, 158]
[450, 451]
[268, 269]
[115, 116]
[235, 473]
[497, 498]
[178, 61]
[73, 281]
[48, 241]
[38, 356]
[181, 150]
[423, 39]
[182, 183]
[310, 282]
[419, 420]
[10, 11]
[200, 195]
[204, 205]
[429, 247]
[186, 163]
[386, 27]
[38, 113]
[72, 206, 13]
[28, 418]
[0, 1]
[152, 17]
[529, 530]
[280, 322]
[73, 198]
[319, 210]
[277, 278]
[192, 193]
[211, 62]
[153, 531]
[396, 397]
[225, 276]
[18, 19]
[145, 315]
[120, 389]
[30, 31]
[48, 367]
[330, 59]
[394, 395]
[303, 183]
[304, 60]
[316, 317]
[8, 310]
[181, 252]
[71, 13]
[441, 210]
[198, 229]
[71, 195]
[326, 137]
[360, 160]
[439, 132]
[20, 295]
[432, 303]
[20, 271]
[321, 119]
[20, 21]
[324, 325]
[5, 333]
[166, 366]
[440, 51]
[312, 89]
[484, 302]
[16, 195]
[166, 73]
[232, 496]
[50, 51]
[387, 279]
[204, 500]
[517, 518]
[99, 100]
[219, 69]
[308, 523]
[342, 61]
[16, 508]
[50, 452]
[120, 121]
[50, 488]
[109, 221]
[293, 28]
[96, 15]
[28, 208]
[227, 156]
[337, 156]
[122, 241]
[222, 223]
[65, 41]
[104, 105]
[70, 150]
[1, 41]
[124, 395]
[175, 287]
[75, 76]
[293, 150]
[236, 237]
[64, 65]
[73, 8]
[8, 9]
[70, 28]
[65, 14]
[200, 16]
[8, 61]
[82, 359]
[492, 398, 399]
[73, 46]
[2, 13]
[461, 462]
[489, 490]
[215, 216]
[48, 49]
[437, 457]
[184, 285]
[512, 158]
[293, 403]
[157, 271]
[60, 61]
[275, 380]
[379, 380]
[459, 15]
[94, 151]
[115, 495]
[198, 201]
[358, 140]
[298, 502]
[422, 13]
[442, 252]
[474, 475]
[399, 338]
[28, 433]
[145, 90]
[291, 5]
[375, 127]
[370, 101]
[36, 17]
[445, 137]
[432, 247]
[319, 338]
[79, 80]
[81, 32]
[123, 35]
[244, 245]
[283, 284]
[42, 235]
[524, 525]
[159, 160]
[318, 371]
[276, 478]
[411, 412]
[68, 69]
[171, 5]
[115, 493]
[253, 413]
[194, 195]
[166, 300]
[38, 487]
[131, 132]
[200, 109]
[289, 24]
[62, 311, 21]
[485, 486]
[187, 252]
[427, 91]
[136, 271]
[441, 90]
[273, 274]
[324, 366]
[160, 191]
[172, 315]
[184, 386]
[155, 101]
[55, 379]
[190, 123]
[110, 111]
[346, 210]
[12, 13]
[39, 40]
[156, 21]
[430, 431]
[281, 282]
[339, 170]
[351, 101]
[310, 9]
[437, 438]
[372, 341]
[290, 61]
[74, 13]
[173, 174]
[165, 166]
[386, 21]
[513, 514]
[20, 158]
[209, 147]
[251, 140]
[365, 224]
[217, 264]
[281, 382]
[312, 313]
[503, 293]
[52, 53]
[225, 226]
[77, 78]
[453, 454]
[501, 55]
[346, 27]
[120, 185]
[114, 271]
[18, 436]
[296, 264]
[32, 172]
[379, 177]
[108, 109]
[392, 129]
[22, 166]
[458, 144]
[62, 266, 21]
[383, 384]
[32, 33]
[184, 363]
[343, 344]
[279, 90]
[16, 17]
[39, 402]
[265, 42]
[175, 129]
[71, 72]
[255, 256]
[153, 154]
[510, 511]
[238, 107]
[194, 491]
[463, 464]
[81, 82]
[370, 13]
[400, 401]
[70, 403]
[365, 332]
[58, 224]
[122, 312]
[264, 59]
[122, 469]
[399, 353]
[421, 129]
[232, 336]
[370, 150]
[505, 25]
[156, 183]
[313, 21]
[238, 239]
[316, 271]
[532, 284]
[18, 320]
[184, 353]
[71, 119]
[238, 203]
[298, 203]
[37, 38]
[175, 45]
[138, 38]
[467, 468]
[138, 275]
[81, 114]
[390, 391]
[22, 244]
[155, 195]
[479, 480]
[248, 234]
[14, 21]
[138, 252]
[416, 103]
[46, 61]
[54, 13]
[417, 330]
[28, 70]
[6, 7]
[211, 254]
[260, 261]
[211, 11]
[197, 5]
[41, 183]
[26, 210]
[288, 223]
[0, 187]
[289, 448]
[308, 241]
[399, 21]
[212, 361]
[301, 302]
[68, 124]
[198, 9]
[481, 482]
[509, 420]
[477, 13]
[14, 15]
[337, 338]
[55, 424]
[407, 344]
[125, 11]
[127, 128]
[115, 24]
[151, 230]
[211, 187]
[41, 161]
[22, 499]
[362, 363]
[187, 249]
[291, 107]
[404, 315]
[38, 380]
[78, 90]
[460, 5]
[246, 247]
[70, 129]
[196, 132]
[89, 21]
[44, 45]
[4, 5]
[16, 443]
[347, 348]
[303, 137]
[326, 183]
[14, 239]
[14, 203]
[472, 134]
[229, 304]
[231, 209]
[318, 142, 21]
[407, 443]
[427, 295]
[136, 137]
[270, 150]
[312, 388]
[136, 210]
[262, 263]
[34, 35]
[82, 279]
[277, 428]
[24, 25]
[172, 90]
[289, 456]
[200, 354]
[228, 11]
[294, 13]
[181, 327]
