0 1
2 3
4 5
6 7
8 9
10 11
12 13
14 15
16 17
18 19
20 21
11 22
23 24
25 26
27 28
29 30
24 31
16 32
33 34
35 36
37 38
39 40
22 41
42 39
43 44
45 11
46 44
47 48
33 49
50 51
2 52
23 53
54 55
16 30
56 57
42 24
54 58
59 60
56 61
62 39
33 63
10 64
65 66
67 68
69 70
42 71
72 73
74 20
75 76
69 3
33 77
78 79
60 80
20 81
82 83
69 83
16 84
85 75
51 86
10 87
88 16
89 52
90 53
91 92
43 53
88 23
93 94
95 96
97 22
98 20
6 99
69 100
97 101
102 52
103 104
105 106
107 84
11 92
31 53
108 60
52 88
62 71
109 44
51 100
88 43
110 111
4 112
113 37
33 114
107 115
116 60
38 117
118 119
18 120
103 121
62 53
122 19
42 53
123 37
124 125
126 127
128 44
91 22
129 130
131 35
132 133
52 46
91 97
131 134
135 22
136 137
43 84
43 138
3 139
38 86
129 140
141 14
142 143
33 144
145 30
33 56
54 146
83 147
24 29
23 30
96 126
33 148
149 150
59 28
16 44
43 17
59 80
151 152
140 27
153 2
74 154
10 91
136 74
33 155
52 58
156 157
33 158
51 159
124 150
131 40
119 70
160 69
74 161
125 162
69 86
106 163
76 164
132 165
52 44
23 44
3 166
167 119
52 168
169 170
171 17
172 173
174 175
6 163
106 33
176 177
153 24
15 84
2 117
178 22
106 38
106 69
4 179
111 101
119 180
114 40
169 58
23 150
181 44
33 142
182 152
37 51
183 94
184 39
159 75
103 59
27 185
3 184
33 186
82 100
187 162
83 48
124 24
51 3
188 189
178 19
76 190
18 79
37 131
52 191
37 192
180 193
33 194
6 195
62 24
