[153, 14, 15, 139]
[196, 87, 28, 29, 93]
[26, 165, 70, 194]
[45, 46, 119]
[209, 183]
[103, 74]
[87, 28, 56, 96]
[111, 18, 143, 19, 116]
[26, 165]
[217, 12, 97, 93]
[69, 41, 49]
[26, 70, 57, 140, 68, 69, 45]
[165, 70, 57, 8, 75, 9]
[18, 143]
[175, 26, 165, 70, 57, 8, 125]
[26, 165, 70, 57, 140, 68, 69, 45, 49]
[68, 69, 41, 49]
[12, 97]
[117, 106]
[175, 26, 165, 70, 57, 39, 40]
[114, 70, 57, 140, 68, 69, 41]
[100, 70, 57, 64, 68, 69, 45, 46]
[56, 28, 29]
[114, 70, 57, 140, 68, 69, 45, 49]
[64, 125]
[87, 28, 123]
[153, 103, 82]
[84, 181]
[140, 68, 69, 41, 42]
[155, 84, 181]
[196, 87, 28, 56, 93, 88]
[165, 70, 183]
[100, 70, 57, 64, 68, 69, 45, 49]
[57, 64]
[175, 26, 70, 57, 140, 68, 69, 41, 42]
[64, 68, 69, 41, 49]
[78, 79]
[0, 13]
[153, 14, 15, 139, 79]
[111, 18, 143, 19, 203]
[26, 70, 57, 64, 68, 49]
[26, 165, 70, 57, 64, 68, 69, 41, 42]
[94, 95]
[87, 28, 148]
[56, 28, 29, 93]
[165, 70, 57, 8, 75, 125]
[22, 13]
[109, 10, 17]
[175, 26, 165, 70, 57, 64, 68, 69, 41, 42]
[175, 26]
[217, 12]
[165, 70, 57, 39]
[51, 49]
[179, 180]
[175, 26, 165, 70, 57, 39]
[26, 165, 70, 57, 64, 125]
[165, 70, 57, 8, 9]
[165, 70, 57, 64, 65]
[100, 70, 57, 8]
[66, 67]
[152, 51, 49]
[28, 29, 93]
[64, 68, 69, 45]
[56, 93, 88]
[22, 47, 48]
[175, 26, 165, 70, 57, 64, 125]
[18, 120]
[57, 8, 167]
[18, 120, 205]
[204, 83]
[26, 70, 57, 140, 68, 69, 45, 46, 119]
[100, 70, 57, 64, 125]
[14, 15, 139, 79]
[53, 99]
[8, 167]
[111, 18, 173, 116]
[55, 13]
[74, 82]
[217, 12, 13]
[165, 70, 57, 64, 68, 69, 45]
[87, 28, 102]
[165, 70, 57, 39, 49]
[70, 57, 8, 9]
[175, 26, 70, 57, 140, 68, 69, 41, 49]
[114, 70, 57, 140, 68, 69, 45]
[46, 119]
[165, 70, 57, 64, 68, 69, 41, 49]
[28, 56]
[2, 3]
[165, 70, 57, 64, 68]
[214, 49]
[165, 70, 57, 8, 125]
[57, 8, 125]
[130, 110]
[26, 70, 57, 140, 68, 69, 41, 42]
[175, 26, 165, 70, 57, 8, 167]
[141, 142]
[26, 70, 57, 64, 68, 69]
[175, 26, 70, 57, 140, 68, 69, 45]
[84, 31, 92]
[52, 53, 99]
[165, 70, 57, 140, 68, 69, 41]
[175, 26, 165, 70, 57, 8, 75]
[26, 70, 194]
[26, 70, 57, 140, 68]
[26, 27]
[155, 84, 31, 92]
[111, 18, 120, 67]
[173, 116]
[114, 70, 57, 8, 75, 125]
[164, 66, 67]
[111, 66, 59]
[114, 70, 57, 8]
[175, 26, 165, 70, 57, 140, 68, 69, 41, 42]
[26, 165, 70, 57, 140, 68, 69, 45, 46]
[111, 18, 120, 189]
[75, 9]
[111, 30]
[85, 72]
[111, 18, 19, 116]
[26, 70, 57, 64, 68, 69, 41, 49]
[57, 64, 65]
[127, 199]
[196, 87, 93]
[175, 26, 70, 57, 64, 68, 69, 41, 42]
[68, 69, 45, 46, 119]
[114, 70, 57, 140, 144]
[111, 18, 19]
[128, 96]
[28, 56, 96]
[175, 26, 70, 194]
[111, 18, 143, 19]
[157, 158]
[100, 70, 57, 140, 68, 69, 41, 49]
[8, 75, 9]
[30, 1]
[115, 116]
[141, 83]
[175, 26, 70, 57, 64, 68, 69, 45, 46, 119]
[124, 147]
[69, 41, 42]
[26, 165, 70, 57, 64, 68, 69, 45, 46, 119]
[70, 57, 140, 68, 49]
[196, 87, 28, 123]
[35, 22, 202]
[57, 140, 144]
[84, 31, 32]
[120, 189]
[100, 70, 57, 39]
[43, 44]
[175, 26, 70, 57, 140]
[175, 26, 70, 57, 64]
[114, 70, 57, 64, 68, 69, 41]
[196, 87, 28, 148]
[26, 165, 70, 152, 51]
[26, 70, 57, 64, 125]
[0, 1]
[175, 26, 165, 70, 57, 64, 68, 69, 41, 49]
[175, 26, 165, 70, 57, 8, 9]
[68, 69, 41, 42]
[140, 68, 69, 45]
[175, 26, 70, 57, 8, 75, 125]
[165, 70, 57, 39, 40]
[26, 165, 70, 57, 64, 68, 69, 41, 49]
[164, 66]
[26, 70, 152]
[35, 22, 47, 48]
[133, 162]
[87, 93]
[18, 120, 221]
[197, 22, 202]
[175, 26, 70, 57, 8]
[175, 26, 165, 70, 57, 8]
[35, 22]
[109, 10, 11]
[26, 70, 57, 140, 68, 69, 41]
[52, 91]
[57, 64, 68, 69, 41, 49]
[14, 15, 182, 76, 77]
[165, 70, 57, 140, 68, 69, 45, 49]
[165, 70, 57, 64, 68, 69, 45, 46, 119]
[70, 57, 140, 68]
[196, 87, 28, 102]
[43, 107]
[165, 70, 57, 140, 9]
[70, 57, 140, 68, 69]
[70, 152]
[196, 87, 28, 56, 96]
[26, 70, 57, 64, 68, 69, 45, 46, 119]
[111, 18, 19, 203]
[190, 49]
[100, 70, 57, 140, 68, 69, 41, 42]
[103, 74, 82]
[26, 70, 57]
[175, 26, 70, 57, 8, 49]
[165, 70, 57, 140, 68, 69, 45, 46]
[8, 125]
[114, 70, 57, 140, 68]
[8, 75]
[175, 26, 165, 70, 57, 64, 68, 69, 41]
[196, 87, 28, 56, 93]
[197, 22]
[140, 68, 69, 41, 49]
[111, 30, 115, 116]
[100, 70, 57, 140, 68]
[26, 70, 57, 64, 68, 69, 41, 42]
[68, 49]
[176, 177]
[14, 82]
[15, 182, 76, 77]
[175, 26, 70, 152]
[35, 36, 147]
[26, 70, 57, 8]
[87, 28, 56, 93]
[64, 68, 69, 41]
[26, 70, 57, 140, 68, 69, 41, 49]
[140, 68, 69, 41]
[52, 53, 169]
[57, 39, 40]
[114, 70, 57, 64, 68, 69, 45]
[18, 66]
[22, 83]
[64, 65]
[26, 165, 70, 57, 8, 75, 9]
[0, 1, 88]
[196, 87]
[8, 9]
[26, 165, 70, 57, 140, 9]
[57, 140, 68, 69, 41, 49]
[131, 112, 113]
[26, 165, 70, 57, 64, 68]
[175, 26, 165, 70, 57, 64, 68, 69, 45, 46, 119]
[165, 70, 57, 140, 68, 69, 41, 49]
[30, 1, 88]
[126, 127, 199]
[175, 26, 165, 70, 152, 51]
[22, 172]
[153, 14, 15, 182]
[114, 70, 57, 64, 65]
[70, 183]
[153, 14, 82]
[204, 211]
[175, 26, 70, 57, 140, 68]
[78, 79, 96]
[26, 70, 57, 140, 9]
[70, 57, 64, 68, 69]
[18, 120, 34]
[26, 70, 57, 64, 68]
[175, 26, 70, 57, 39]
[18, 143, 19, 203]
[155, 156]
[165, 70, 57, 64, 68, 49]
[26, 165, 70, 57, 140, 68, 69, 45]
[165, 70, 57, 140, 68, 69]
[100, 70, 57, 140, 68, 49]
[105, 124, 147]
[26, 70, 57, 64, 65]
[57, 140, 68, 69, 45, 49]
[6, 13]
[111, 18, 143]
[175, 26, 70, 57, 64, 68, 69]
[175, 26, 165, 70, 57, 8, 75, 9]
[114, 70, 57, 64, 68, 49]
[155, 84, 31, 32]
[165, 70, 57, 140, 144]
[22, 198]
[76, 77]
[68, 69]
[118, 119]
[10, 106]
[26, 165, 70, 57, 64, 68, 69, 41]
[111, 18, 120]
[18, 143, 19, 116]
[126, 127]
[140, 9]
[57, 140, 68, 69, 41]
[114, 70, 57, 140, 9]
[14, 15, 182, 76]
[57, 39, 49]
[140, 68, 69, 45, 46, 119]
[131, 132]
[57, 64, 68, 69, 41, 42]
[175, 26, 165, 70, 57, 140, 68]
[109, 10, 106]
[218, 219]
[41, 49]
[58, 35, 36]
[52, 91, 83]
[26, 70]
[175, 26, 70, 152, 51, 49]
[100, 70, 57, 64, 68, 69]
[109, 10]
[12, 13]
[26, 70, 57, 140]
[26, 165, 70, 57, 64, 65]
[153, 60, 61]
[111, 30, 1]
[114, 70, 57, 140, 68, 69, 45, 46, 119]
[197, 22, 83]
[70, 57, 64, 68, 49]
[69, 45, 46, 119]
[165, 166]
[165, 70, 57, 64, 68, 69]
[196, 107]
[70, 57, 8, 75, 9]
[26, 165, 70, 57, 140, 68]
[165, 70, 57, 140, 68]
[175, 26, 70, 57, 8, 9]
[57, 140, 68, 69, 45]
[71, 110]
[175, 26, 165, 70, 57, 140]
[87, 28, 56]
[28, 56, 93]
[114, 70, 57, 64]
[165, 70, 57]
[79, 96]
[52, 53]
[58, 35, 36, 147]
[70, 57, 8, 75]
[26, 165, 70]
[100, 70, 57, 140, 68, 69]
[175, 26, 165, 70, 57, 64, 68, 49]
[26, 165, 70, 57]
[114, 70, 57, 64, 68, 69]
[26, 70, 57, 8, 75, 125]
[175, 26, 165, 70, 183]
[26, 165, 70, 57, 64, 68, 69, 45]
[114, 70, 57, 64, 68]
[14, 15, 182]
[36, 147]
[97, 88]
[163, 142]
[196, 87, 88]
[70, 57, 8, 167]
[16, 17]
[175, 26, 165, 70, 57, 140, 68, 69, 41]
[131, 112]
[100, 70, 152]
[100, 70, 152, 51]
[175, 26, 165, 70, 57, 140, 9]
[111, 18, 120, 205]
[165, 70, 57, 64, 68, 69, 41]
[26, 165, 70, 57, 8]
[175, 75, 125]
[165, 70, 57, 64]
[100, 70, 57, 64, 68, 49]
[170, 171]
[175, 26, 70, 57, 140, 68, 69]
[12, 97, 88]
[165, 70, 57, 140, 68, 69, 45, 46, 119]
[47, 48]
[68, 69, 45, 46]
[175, 26, 165, 70, 57, 140, 68, 49]
[87, 28]
[197, 22, 23]
[140, 144]
[114, 70, 152, 51]
[152, 51]
[100, 70, 57, 140]
[196, 87, 28]
[197, 22, 47]
[175, 26, 165, 70, 57]
[165, 70, 57, 140, 68, 69, 45]
[175, 26, 165, 70, 57, 64, 65]
[114, 70, 57, 140]
[155, 84, 31]
[140, 68]
[35, 22, 13]
[6, 7]
[56, 96]
[30, 115, 116]
[175, 26, 70, 57, 64, 125]
[175, 26, 165, 166]
[165, 70, 152, 51]
[114, 70, 57, 64, 125]
[41, 42]
[58, 35, 22, 23]
[26, 165, 70, 57, 64, 68, 49]
[100, 70, 57, 39, 40]
[70, 57, 64, 68, 69, 45, 46]
[175, 26, 165]
[104, 86]
[175, 26, 70, 57, 8, 75, 9]
[114, 70, 183]
[97, 93, 88]
[58, 35, 22, 47]
[175, 26, 165, 70, 57, 140, 68, 69, 45]
[70, 57, 39]
[15, 139, 79, 96]
[175, 26, 27]
[70, 57, 64, 68, 69, 45, 49]
[16, 106]
[57, 64, 68, 69, 41]
[111, 18]
[91, 83]
[120, 67]
[43, 107, 13]
[175, 26, 165, 70, 57, 140, 68, 69, 41, 49]
[100, 70, 57, 140, 68, 69, 45, 46]
[175, 26, 70, 57, 140, 68, 49]
[137, 138]
[26, 165, 70, 57, 64]
[111, 18, 66, 67]
[111, 18, 66]
[100, 70, 57, 8, 9]
[135, 136]
[100, 70, 57, 8, 49]
[57, 140, 68, 49]
[56, 28, 29, 93, 88]
[100, 70, 194]
[197, 22, 47, 48]
[4, 5]
[26, 165, 70, 57, 140, 144]
[151, 19, 203]
[175, 26, 70, 57, 64, 68, 49]
[160, 161]
[196, 87, 28, 29]
[69, 45, 46]
[114, 70, 57, 140, 68, 49]
[87, 93, 88]
[175, 75]
[26, 70, 57, 8, 9]
[24, 25]
[175, 26, 165, 70, 57, 64, 68]
[26, 165, 70, 57, 64, 68, 69]
[165, 70, 57, 64, 68, 69, 41, 42]
[100, 70, 57, 140, 68, 69, 45, 49]
[165, 70, 57, 140, 68, 69, 41, 42]
[57, 140, 68, 69, 45, 46]
[64, 68]
[220, 96]
[20, 201]
[165, 70, 57, 8, 167]
[160, 212]
[185, 25, 59]
[57, 64, 68, 69, 45]
[153, 14, 15]
[10, 17]
[196, 87, 28, 56]
[22, 202]
[175, 26, 70, 57]
[70, 57, 64, 68, 69, 45]
[159, 7]
[84, 192]
[18, 173, 116]
[151, 19, 116]
[2, 128, 96]
[26, 70, 57, 64, 68, 69, 45]
[30, 115]
[111, 18, 120, 221]
[26, 165, 70, 57, 8, 75, 125]
[151, 19]
[175, 26, 70, 57, 140, 68, 69, 45, 46]
[26, 165, 70, 183]
[100, 70, 57, 64, 68]
[139, 79, 96]
[43, 200]
[153, 14, 15, 182, 76, 77]
[182, 76]
[100, 70, 57, 140, 9]
[89, 90]
[87, 28, 29, 93, 88]
[6, 146]
[175, 26, 165, 70, 57, 8, 75, 125]
[175, 26, 165, 70, 57, 64, 68, 69, 45, 49]
[62, 63]
[26, 70, 57, 140, 68, 69, 45, 49]
[57, 140, 68, 69]
[100, 70, 57, 64, 68, 69, 41, 42]
[175, 26, 70, 57, 140, 68, 69, 45, 49]
[114, 70, 57, 64, 68, 69, 41, 49]
[57, 8, 49]
[69, 45, 49]
[100, 70, 57, 64, 65]
[12, 97, 93, 88]
[175, 26, 70, 57, 140, 144]
[43, 136]
[87, 28, 56, 86]
[70, 57, 140, 68, 69, 45]
[164, 66, 59]
[114, 70, 152, 51, 49]
[18, 19, 116]
[100, 70, 57, 140, 68, 69, 41]
[114, 70, 57, 140, 68, 69, 41, 49]
[26, 70, 57, 140, 68, 49]
[70, 57, 39, 49]
[26, 70, 152, 51, 49]
[111, 66, 205]
[175, 26, 70, 57, 64, 65]
[100, 70, 57, 39, 49]
[114, 70, 57, 140, 68, 69]
[155, 84, 192]
[165, 70, 194]
[175, 26, 165, 70, 57, 64, 68, 69, 45, 46]
[100, 70, 57, 64, 68, 69, 41]
[33, 216]
[111, 30, 19]
[26, 165, 70, 57, 140, 68, 49]
[70, 57, 64, 68, 69, 41]
[175, 26, 70, 57, 39, 40]
[117, 17]
[70, 57, 64, 68, 69, 41, 49]
[58, 35]
[111, 30, 1, 88]
[2, 128]
[153, 60]
[140, 68, 69, 45, 49]
[18, 66, 67]
[56, 93]
[108, 31, 92]
[175, 26, 70, 57, 8, 125]
[8, 49]
[87, 28, 56, 88]
[133, 134]
[208, 86]
[68, 69, 45, 49]
[26, 165, 70, 57, 140, 68, 69, 41, 42]
[111, 18, 120, 34]
[18, 19, 203]
[175, 26, 70, 57, 8, 75]
[175, 26, 165, 70]
[182, 76, 77]
[22, 47]
[175, 26, 70, 57, 140, 68, 69, 45, 46, 119]
[22, 23]
[57, 140, 68, 69, 45, 46, 119]
[143, 19]
[19, 203]
[165, 70, 152]
[120, 205]
[35, 22, 172]
[114, 70, 57, 8, 49]
[35, 22, 83]
[43, 1]
[57, 64, 68, 49]
[175, 75, 9]
[175, 26, 165, 70, 57, 140, 68, 69]
[18, 143, 19]
[175, 26, 165, 70, 57, 140, 68, 69, 45, 46]
[87, 88]
[165, 70]
[153, 103, 74, 82]
[69, 41]
[175, 26, 70, 57, 64, 68]
[153, 103, 74]
[111, 30, 19, 203]
[70, 57, 140, 9]
[100, 70, 57, 8, 75]
[57, 8, 75, 125]
[100, 70, 57, 140, 144]
[26, 195]
[57, 64, 68, 69]
[196, 87, 28, 29, 93, 88]
[70, 57, 140, 68, 69, 41]
[14, 15, 139]
[26, 165, 70, 57, 8, 167]
[26, 70, 57, 140, 68, 69]
[57, 140, 68]
[175, 26, 165, 70, 57, 140, 144]
[26, 70, 57, 140, 68, 69, 45, 46]
[100, 70, 57, 64, 68, 69, 45, 46, 119]
[140, 68, 69, 45, 46]
[26, 165, 70, 57, 140, 68, 69]
[58, 35, 22, 83]
[66, 59]
[174, 95]
[26, 165, 70, 57, 39, 40]
[70, 57, 140, 68, 69, 41, 42]
[111, 66]
[175, 26, 70, 183]
[43, 1, 88]
[175, 26, 165, 70, 57, 140, 68, 69, 45, 49]
[70, 57, 64, 68, 69, 41, 42]
[73, 74]
[111, 18, 173]
[165, 70, 57, 140]
[26, 70, 57, 8, 125]
[26, 165, 70, 57, 8, 125]
[165, 70, 57, 64, 68, 69, 45, 49]
[175, 26, 165, 70, 57, 8, 49]
[139, 79]
[26, 70, 57, 8, 75, 9]
[153, 103, 184]
[114, 70, 57, 64, 68, 69, 41, 42]
[26, 165, 70, 57, 64, 68, 69, 45, 49]
[45, 46]
[57, 140, 68, 69, 41, 42]
[100, 70, 57, 8, 125]
[54, 83]
[24, 25, 59]
[26, 70, 183]
[196, 87, 28, 56, 88]
[165, 70, 57, 8, 49]
[26, 70, 57, 39]
[100, 70]
[10, 11]
[114, 70, 57, 8, 75, 9]
[45, 49]
[35, 36]
[18, 173]
[175, 26, 165, 70, 57, 64, 68, 69]
[28, 56, 86]
[186, 187]
[33, 34]
[18, 120, 189]
[114, 70, 57, 140, 68, 69, 41, 42]
[26, 70, 57, 8, 75]
[26, 165, 70, 57, 8, 75]
[108, 31]
[56, 28]
[64, 68, 69, 45, 46]
[175, 26, 70, 57, 39, 49]
[175, 26, 70, 152, 51]
[178, 142]
[111, 30, 19, 116]
[70, 57, 39, 40]
[154, 88]
[217, 12, 97, 88]
[196, 87, 28, 56, 86]
[105, 124]
[112, 113]
[153, 14, 15, 139, 79, 96]
[26, 165, 70, 57, 140, 68, 69, 45, 46, 119]
[101, 77]
[114, 70, 57, 39, 40]
[175, 26, 70]
[103, 82]
[26, 165, 70, 57, 64, 68, 69, 45, 46]
[54, 7]
[18, 120, 67]
[64, 68, 69, 45, 49]
[18, 19]
[43, 38]
[28, 56, 88]
[53, 169]
[153, 215]
[175, 26, 70, 57, 140, 9]
[70, 57, 140, 144]
[70, 57, 8, 125]
[18, 66, 205]
[20, 21]
[8, 75, 125]
[58, 35, 22, 202]
[26, 165, 70, 57, 140, 68, 69, 41]
[165, 70, 57, 64, 68, 69, 45, 46]
[120, 221]
[165, 70, 57, 140, 68, 49]
[175, 26, 165, 70, 57, 64]
[15, 182]
[206, 207]
[25, 59]
[28, 29]
[97, 93]
[57, 140]
[58, 35, 50]
[121, 122]
[26, 70, 57, 8, 167]
[165, 70, 57, 64, 125]
[26, 70, 152, 51]
[213, 119]
[26, 165, 70, 57, 140, 68, 69, 41, 49]
[100, 70, 57, 8, 167]
[217, 12, 97]
[93, 88]
[143, 19, 116]
[185, 25]
[14, 15, 139, 79, 96]
[57, 64, 125]
[64, 68, 69, 45, 46, 119]
[130, 72]
[80, 81]
[111, 30, 115]
[57, 64, 68, 69, 45, 49]
[100, 70, 57]
[1, 88]
[217, 12, 97, 93, 88]
[114, 70, 152]
[60, 61]
[26, 165, 70, 57, 8, 49]
[70, 57, 140, 68, 69, 41, 49]
[111, 18, 66, 59]
[153, 103]
[29, 93]
[57, 8]
[175, 26, 165, 70, 152, 51, 49]
[26, 165, 70, 152, 51, 49]
[165, 70, 152, 51, 49]
[108, 31, 32]
[26, 165, 70, 57, 39]
[143, 19, 203]
[66, 205]
[98, 49]
[68, 69, 41]
[160, 193]
[175, 26, 165, 70, 57, 64, 68, 69, 45]
[14, 50]
[175, 26, 70, 57, 64, 68, 69, 41]
[196, 107, 13]
[175, 26, 70, 57, 64, 68, 69, 41, 49]
[26, 70, 57, 39, 49]
[165, 70, 57, 8]
[70, 194]
[26, 165, 70, 57, 39, 49]
[100, 70, 57, 8, 75, 125]
[58, 35, 22, 47, 48]
[35, 50]
[28, 148]
[175, 26, 70, 57, 64, 68, 69, 45, 49]
[31, 32]
[28, 56, 93, 88]
[28, 123]
[57, 140, 9]
[111, 18, 66, 205]
[39, 40]
[26, 70, 57, 8, 49]
[175, 26, 195]
[26, 165, 70, 57, 140]
[57, 64, 68]
[114, 70, 57, 39, 49]
[57, 64, 68, 69, 45, 46]
[28, 102]
[70, 57, 8]
[70, 57, 64, 68, 69, 45, 46, 119]
[140, 68, 69]
[175, 26, 165, 70, 194]
[100, 70, 57, 140, 68, 69, 45, 46, 119]
[58, 35, 22]
[70, 57, 64]
[70, 57, 140]
[57, 8, 9]
[100, 70, 57, 64]
[114, 70, 57, 8, 125]
[70, 57]
[137, 90]
[210, 211]
[154, 96]
[30, 19, 203]
[71, 72]
[107, 13]
[30, 19]
[54, 191]
[64, 68, 49]
[84, 31]
[197, 22, 13]
[175, 26, 165, 70, 57, 140, 68, 69, 45, 46, 119]
[70, 57, 8, 75, 125]
[31, 92]
[18, 66, 59]
[114, 70, 57, 64, 68, 69, 45, 46]
[57, 8, 75, 9]
[100, 70, 152, 51, 49]
[29, 93, 88]
[35, 22, 23]
[35, 22, 47]
[114, 70, 57, 8, 9]
[26, 70, 57, 140, 144]
[70, 57, 140, 68, 69, 45, 46]
[26, 165, 166]
[114, 70, 57]
[69, 45]
[175, 26, 165, 70, 57, 39, 49]
[70, 152, 51, 49]
[100, 70, 57, 8, 75, 9]
[56, 86]
[70, 152, 51]
[37, 38]
[64, 68, 69, 41, 42]
[151, 146]
[103, 184]
[26, 165, 70, 152]
[43, 188]
[58, 35, 22, 13]
[26, 70, 57, 39, 40]
[153, 14]
[140, 68, 49]
[175, 26, 70, 57, 140, 68, 69, 41]
[153, 14, 15, 182, 76]
[70, 57, 64, 65]
[155, 84]
[58, 35, 22, 198]
[28, 29, 93, 88]
[56, 28, 123]
[30, 19, 116]
[19, 116]
[87, 28, 56, 93, 88]
[114, 70, 194]
[114, 70, 57, 39]
[175, 26, 70, 57, 64, 68, 69, 45, 46]
[35, 22, 198]
[87, 28, 29, 93]
[70, 57, 64, 125]
[120, 34]
[57, 8, 75]
[111, 66, 67]
[56, 28, 148]
[70, 57, 140, 68, 69, 45, 49]
[26, 165, 70, 57, 8, 9]
[64, 68, 69]
[114, 70, 57, 140, 68, 69, 45, 46]
[165, 70, 57, 8, 75]
[70, 57, 8, 49]
[39, 49]
[15, 182, 76]
[175, 26, 165, 70, 152]
[26, 70, 57, 64, 68, 69, 41]
[15, 139, 79]
[58, 35, 22, 172]
[14, 15]
[114, 70, 57, 8, 75]
[75, 125]
[100, 70, 57, 64, 68, 69, 41, 49]
[153, 14, 50]
[26, 70, 57, 64, 68, 69, 45, 49]
[164, 66, 205]
[197, 22, 172]
[114, 70, 57, 8, 167]
[57, 39]
[196, 87, 93, 88]
[70, 57, 64, 68]
[56, 28, 102]
[24, 145]
[114, 70]
[175, 26, 70, 57, 8, 167]
[12, 97, 93]
[100, 70, 57, 140, 68, 69, 45]
[168, 23]
[68, 69, 45]
[20, 129]
[26, 70, 57, 64, 68, 69, 45, 46]
[15, 139]
[114, 70, 57, 64, 68, 69, 45, 46, 119]
[175, 26, 70, 57, 64, 68, 69, 45]
[197, 22, 198]
[149, 150]
[70, 57, 140, 68, 69, 45, 46, 119]
[73, 74, 82]
[105, 23]
[100, 70, 183]
[100, 70, 57, 64, 68, 69, 45]
[26, 70, 57, 64]
[87, 28, 29]
[57, 64, 68, 69, 45, 46, 119]
[56, 88]
[114, 70, 57, 64, 68, 69, 45, 49]
