0 1
2 3
4 5
6 7
8 9
10 11
12 13
14 15
16 17
18 19
20 21
22 23
24 25
26 1
27 28
29 30
26 15
31 32
33 34
35 36
37 38
39 40
41 42
43 44
37 45
46 45
47 48
49 7
50 11
24 51
52 35
53 31
21 54
55 56
57 58
59 60
61 62
22 63
64 65
66 67
63 52
68 9
18 11
69 70
52 59
71 72
73 74
12 75
18 76
77 78
79 27
80 65
51 81
82 83
67 75
84 85
8 68
27 86
82 87
88 89
51 90
91 83
92 45
6 11
93 63
94 70
51 24
24 95
51 83
96 75
97 81
98 19
39 99
100 27
52 8
64 101
102 14
103 104
105 63
106 107
108 109
110 111
14 112
113 114
24 115
98 116
68 117
41 45
118 119
120 90
91 87
16 121
122 101
123 124
39 34
15 107
102 26
29 54
125 126
127 128
129 130
108 131
132 72
49 76
133 9
134 135
136 15
133 137
20 138
6 139
116 140
24 141
112 142
18 43
143 144
145 15
62 37
63 146
52 133
147 12
148 90
149 150
133 61
151 152
153 7
154 155
125 156
157 135
112 158
159 160
134 76
161 54
8 162
163 19
48 164
165 166
2 120
18 167
61 45
78 109
14 168
169 89
87 83
14 136
146 46
170 22
59 61
171 172
173 135
1 83
79 174
96 67
175 69
149 79
63 176
161 30
39 128
96 177
178 21
179 180
39 181
31 18
59 117
39 1
112 182
25 87
42 111
183 45
49 184
82 24
79 185
13 175
123 103
32 140
154 186
63 187
22 188
159 63
189 82
62 41
190 18
13 132
26 106
189 99
170 68
18 191
119 192
22 159
161 142
29 142
39 193
16 194
18 195
8 117
0 11
122 65
15 196
197 76
35 45
78 198
148 83
112 30
12 199
200 201
202 81
203 176
204 205
147 55
99 11
47 76
10 91
147 96
154 206
207 111
72 90
208 45
147 209
8 45
210 10
51 87
197 205
145 139
129 85
78 131
168 107
211 90
112 212
