[194, 195, 99]
[20, 218, 157, 199, 240, 60]
[465, 466]
[96, 280, 275]
[157, 70, 255, 207, 274, 168]
[20, 218, 157, 70, 6, 222]
[450, 264, 355]
[84, 137, 111, 112]
[121, 192]
[179, 121, 192]
[282, 20, 218, 157, 70, 43]
[282, 20, 157, 199]
[146, 17]
[451, 16, 351]
[157, 70, 184, 188]
[282, 20, 157, 70, 255, 207, 274, 168]
[114, 463]
[20, 218, 219]
[282, 20, 157, 70, 184]
[130, 131]
[156, 157, 70, 184, 207, 274, 59]
[282, 20, 218, 157, 70]
[355, 136]
[282, 20, 157, 70, 184, 188]
[137, 36]
[31, 162, 155]
[38, 39]
[54, 337]
[227, 228, 58]
[204, 250, 265]
[248, 326]
[70, 255, 207, 274, 59]
[71, 72, 191, 11]
[218, 157, 70, 184, 7]
[334, 335]
[357, 363]
[218, 157, 199]
[125, 126, 300]
[78, 79]
[402, 16, 55]
[246, 61, 62]
[20, 218, 157, 70, 184]
[187, 16]
[31, 162, 288]
[35, 212]
[254, 16, 55, 56]
[449, 54, 45, 300]
[1, 40, 245]
[344, 122]
[11, 134]
[20, 218, 157, 199]
[282, 20, 218, 157, 199, 240]
[20, 448]
[20, 157, 70, 184, 207, 60]
[22, 13]
[254, 67]
[449, 54, 337, 338]
[144, 296, 58]
[156, 157, 70, 255, 339]
[367, 157, 70, 255, 207, 274, 59]
[449, 54, 45, 217]
[367, 157, 328]
[143, 288]
[82, 83]
[61, 284]
[71, 11]
[20, 218, 157, 70, 6, 7]
[282, 20, 157, 70, 6, 222]
[451, 16, 55]
[66, 67]
[80, 273, 89]
[114, 115]
[38, 66, 119, 101, 102]
[20, 157, 70, 43, 60]
[184, 207, 274, 168, 257, 161]
[64, 12, 19]
[246, 247, 217]
[255, 207, 274, 59, 60]
[184, 207, 274, 59]
[213, 124]
[249, 151]
[173, 313]
[173, 422]
[218, 157, 70, 6, 283, 7]
[20, 157, 70, 6, 283, 256]
[16, 351]
[20, 157, 70, 184]
[70, 184, 207, 274, 168, 60]
[93, 147]
[137, 36, 437]
[427, 11]
[18, 90]
[184, 207, 60]
[282, 20, 218, 157, 70, 43, 44]
[20, 218, 157, 70, 255, 207, 274, 168]
[20, 157, 272]
[84, 137, 226, 136]
[362, 392]
[184, 207, 274]
[120, 217]
[246, 228]
[213, 123, 124]
[280, 275]
[451, 16, 396]
[81, 323]
[2, 3]
[38, 213, 123, 124]
[218, 157, 70, 184, 188]
[184, 207, 274, 168]
[187, 318]
[282, 20, 157, 70, 184, 207, 274, 168, 60]
[114, 444]
[218, 157, 70, 184, 207, 274, 59]
[70, 184, 207, 274, 168]
[148, 149, 178]
[20, 157, 70, 184, 207]
[367, 157, 70, 255, 207, 274, 168, 60]
[125, 126]
[282, 20, 218, 157, 70, 255, 207, 274, 59, 60]
[156, 157, 70, 184, 207, 274, 168, 60]
[449, 54, 45, 329]
[141, 142]
[29, 30]
[332, 11]
[282, 20, 218, 157, 70, 184, 207]
[0, 1, 40, 245]
[218, 157, 70, 6, 256]
[281, 217]
[80, 31]
[238, 38, 303, 397]
[282, 283]
[85, 321]
[185, 131]
[413, 414]
[20, 218, 157, 70, 255, 207, 274, 168, 257, 161]
[157, 70, 43, 44]
[20, 218, 157, 70, 184, 188]
[464, 288]
[61, 239, 19]
[70, 6, 283]
[246, 61, 284]
[80, 273]
[169, 170]
[120, 106]
[156, 157]
[213, 123]
[412, 5, 302]
[16, 396]
[243, 72, 191, 11, 134]
[349, 350, 19]
[450, 264, 136]
[88, 19]
[114, 446]
[218, 157, 70, 184, 207, 274, 168, 60]
[297, 298]
[367, 157, 70, 184, 207, 274]
[450, 264, 27, 373]
[0, 175, 372]
[238, 38, 213, 124]
[156, 157, 199, 240, 60]
[40, 245]
[428, 429]
[84, 137, 36, 338]
[246, 175, 82, 83]
[187, 16, 183]
[346, 134]
[218, 157, 70, 255, 207]
[246, 61]
[451, 16, 55, 56]
[36, 437]
[211, 401]
[20, 157, 70, 6, 256]
[187, 16, 17]
[66, 119, 346, 134]
[261, 60]
[163, 212]
[218, 157, 70, 184, 207, 60]
[402, 16, 17]
[5, 302]
[120, 286, 399]
[278, 260]
[1, 12]
[238, 38, 66, 119, 346, 134]
[20, 157, 70, 255, 207, 274, 168, 257]
[20, 157, 70, 255, 207, 274, 59, 331]
[113, 155]
[191, 11, 134]
[156, 157, 272]
[262, 406]
[55, 56]
[173, 154]
[259, 202]
[246, 61, 239, 19]
[411, 13]
[216, 91]
[157, 199, 240, 60]
[253, 19]
[417, 418]
[27, 65, 122]
[282, 20, 218, 157, 199, 240, 60]
[156, 157, 70]
[182, 183]
[156, 157, 70, 6, 283, 7]
[273, 74, 245]
[103, 104]
[35, 36, 320]
[282, 20, 157, 199, 240, 60]
[18, 270]
[22, 190]
[204, 205]
[282, 20, 157, 70, 184, 207, 274, 168]
[157, 70, 6, 60]
[282, 20, 157, 70, 184, 207, 60]
[173, 153]
[449, 54, 45]
[20, 218, 157, 70, 255, 207, 274, 168, 60]
[238, 38, 213]
[43, 44]
[207, 274, 168]
[20, 157, 70, 6, 7]
[218, 157, 70, 184, 207]
[166, 167]
[218, 157, 70, 255, 339]
[450, 453]
[25, 26]
[207, 274, 168, 257]
[250, 33]
[20, 157, 70, 255, 207, 274, 168, 60]
[135, 355, 136]
[20, 218, 157, 70, 255, 207, 60]
[45, 203]
[0, 1]
[20, 218, 157, 70, 255]
[73, 89]
[367, 157, 70, 6, 256]
[0, 1, 12, 13]
[255, 207, 274, 168, 60]
[350, 317, 408]
[282, 20, 218, 157, 70, 184, 207, 274, 168, 60]
[120, 286, 287]
[324, 149]
[244, 9]
[450, 264, 27, 65, 355]
[64, 40, 245]
[282, 20, 157, 70, 184, 207, 274, 59, 60]
[187, 183]
[53, 11]
[20, 157, 70, 43, 44]
[255, 207, 274, 168, 257, 161]
[20, 218, 157, 70, 255, 207, 274, 59]
[6, 222]
[214, 215]
[70, 255, 256]
[292, 293]
[157, 70, 184, 207, 274, 168, 60]
[282, 20, 157, 70, 184, 207, 274, 168, 257, 161]
[70, 6, 222]
[367, 157, 70, 184, 207, 274, 168, 257]
[342, 253, 19]
[209, 447]
[341, 19]
[450, 264, 27, 65, 136]
[218, 157, 70, 255, 207, 274, 59, 331]
[156, 157, 70, 184, 207]
[274, 59, 60]
[393, 48]
[80, 31, 162, 89]
[307, 74, 245]
[63, 64, 12]
[271, 149, 178]
[218, 157, 70, 6, 60]
[71, 183]
[238, 38, 66, 119]
[268, 237]
[125, 299]
[282, 20, 157, 328]
[157, 70, 255, 207, 274]
[282, 20, 218, 157, 70, 184, 207, 274, 59, 331]
[150, 190]
[0, 1, 12, 19]
[20, 157, 70, 255, 207, 274, 168]
[179, 121, 236]
[54, 45, 314]
[255, 207]
[179, 121, 189, 190]
[20, 157, 70, 255, 207, 274, 59]
[254, 16, 396]
[118, 263]
[73, 74, 245]
[80, 81, 253, 89]
[70, 184, 207, 274, 59, 60]
[64, 12, 13]
[286, 287]
[54, 36, 437]
[287, 89]
[156, 157, 70, 184, 207, 274, 59, 331]
[20, 218, 157, 70, 184, 207, 274, 168, 257]
[332, 100]
[433, 434]
[120, 121]
[70, 43, 44]
[138, 60]
[176, 177]
[218, 157, 328]
[450, 264, 27, 65, 134]
[445, 349, 350, 308]
[409, 192]
[189, 190]
[20, 218, 157, 70, 6, 283]
[307, 308]
[207, 274, 168, 60]
[262, 400]
[157, 70, 184, 207, 274, 168, 257]
[81, 330, 323]
[38, 66, 67]
[20, 157, 70, 184, 207, 274, 59, 60]
[23, 192]
[54, 45, 203]
[137, 248, 338]
[80, 81, 253, 19]
[157, 199]
[399, 106]
[450, 453, 100]
[282, 20, 218, 157, 70, 184, 188]
[337, 167]
[264, 27, 65, 355]
[0, 1, 40]
[8, 9]
[84, 85, 321]
[282, 20, 218, 157]
[36, 320]
[93, 147, 98]
[243, 72, 191, 11]
[246, 61, 239]
[54, 45, 329]
[461, 462]
[156, 157, 70, 255, 207, 274, 59]
[156, 157, 70, 184, 207, 274, 168, 257, 161]
[282, 20, 157, 70, 6]
[64, 89]
[254, 16, 100]
[218, 157, 70, 255, 207, 60]
[402, 16, 100]
[120, 286, 105, 106]
[54, 380]
[38, 66, 119]
[264, 27, 65, 136]
[238, 38, 66, 119, 101]
[243, 72]
[367, 157, 199]
[10, 11, 134]
[120, 286, 399, 106]
[105, 106]
[70, 184]
[282, 20, 157]
[453, 100]
[144, 296]
[156, 157, 70, 255, 207, 60]
[238, 38, 303]
[290, 116]
[254, 16, 231]
[96, 280, 275, 276]
[20, 218, 157, 70, 6, 283, 256]
[137, 226]
[209, 210]
[157, 70, 255, 207, 274, 168, 60]
[218, 157, 70, 255, 207, 274, 59, 60]
[367, 157, 70, 6, 283, 256]
[402, 16, 454]
[367, 157, 70, 184, 207, 274, 59]
[6, 283, 256]
[20, 157, 70, 255]
[84, 85]
[450, 264, 27, 65]
[367, 157, 70, 6, 283]
[77, 40, 245]
[147, 166, 167]
[322, 139]
[435, 436]
[450, 264, 27, 65, 355, 136]
[450, 264]
[20, 157, 70, 255, 207, 274]
[218, 157, 199, 240]
[223, 224]
[35, 36, 437]
[264, 27, 65, 134]
[61, 239]
[125, 9]
[66, 119, 101, 102]
[449, 54, 337]
[378, 11]
[137, 111, 112]
[327, 300]
[64, 40]
[47, 42]
[218, 157, 70, 184, 207, 274, 59, 60]
[385, 386]
[76, 77]
[68, 69]
[81, 253, 19]
[163, 122]
[146, 388, 401]
[20, 157, 70, 6, 283]
[156, 157, 70, 255]
[271, 149]
[1, 12, 19]
[264, 27, 65]
[449, 54]
[63, 64, 12, 19]
[65, 27, 28]
[225, 139, 140]
[282, 20, 157, 70, 6, 283, 7]
[47, 438]
[264, 27, 65, 355, 136]
[275, 276]
[218, 219]
[238, 38, 66, 119, 346]
[157, 70, 184, 207, 274, 168, 257, 161]
[20, 157, 70, 43]
[38, 303, 397]
[282, 283, 7]
[367, 157, 199, 240, 60]
[150, 151]
[303, 397]
[225, 139]
[283, 7]
[20, 157, 70, 255, 207, 274, 59, 60]
[374, 296, 58]
[180, 353]
[121, 236]
[12, 13]
[241, 242]
[356, 288]
[28, 355]
[70, 184, 207, 274, 168, 257]
[156, 157, 70, 6, 283]
[182, 441]
[184, 207, 274, 59, 331]
[246, 175]
[70, 255, 207, 274, 168]
[113, 89]
[172, 341, 19]
[282, 20, 157, 70, 43, 44]
[27, 193]
[80, 31, 162]
[379, 33, 354]
[63, 64, 40, 245]
[70, 255, 207, 60]
[84, 137, 36, 320]
[367, 157, 70, 6, 60]
[254, 16, 454]
[282, 20, 157, 70, 255, 207, 274, 59, 60]
[451, 16, 17]
[45, 217]
[88, 89]
[143, 89]
[274, 168, 257, 161]
[218, 157, 70, 255, 207, 274]
[246, 175, 226, 136]
[54, 36, 320]
[93, 94]
[156, 157, 70, 43]
[316, 100]
[317, 408]
[20, 157, 70, 184, 188]
[251, 382]
[70, 43, 60]
[38, 66, 119, 101]
[45, 329]
[196, 237]
[282, 20, 218, 157, 70, 6, 222]
[282, 20, 157, 70, 255]
[80, 81, 323]
[4, 5, 302]
[175, 226, 136]
[20, 157]
[63, 64, 12, 190]
[84, 137, 111]
[367, 157, 70, 184, 7]
[20, 157, 70, 255, 207, 60]
[282, 20, 218, 157, 70, 184, 207, 274, 168, 257, 161]
[375, 376]
[315, 316, 135, 355, 136]
[286, 343]
[172, 106]
[282, 20, 218, 157, 70, 255, 207, 274]
[157, 70, 6, 256]
[80, 31, 32]
[95, 9]
[20, 157, 70, 184, 7]
[65, 122]
[383, 384]
[16, 17]
[179, 121]
[120, 286, 88, 19]
[255, 256]
[316, 135, 355]
[95, 13]
[153, 154]
[361, 362]
[137, 111]
[156, 157, 70, 184, 207, 274, 168]
[266, 11]
[282, 20, 218, 157, 70, 184, 207, 274, 168, 257]
[282, 20, 157, 70, 255, 207, 274]
[125, 267, 325]
[182, 202]
[471, 123]
[74, 245]
[156, 157, 70, 6, 222]
[357, 358]
[412, 5]
[187, 16, 454]
[234, 235]
[20, 218, 157, 70, 255, 207, 274]
[254, 211]
[316, 135, 355, 136]
[450, 264, 27, 28]
[20, 218, 157, 70, 184, 207, 274, 168, 257, 161]
[47, 48]
[61, 62]
[38, 66, 119, 346]
[349, 350, 317]
[120, 121, 192]
[20, 218, 157, 70, 6]
[137, 226, 136]
[20, 218, 157, 70, 184, 207]
[84, 137, 226]
[195, 99]
[156, 157, 70, 255, 207, 274, 168, 60]
[251, 252]
[63, 64, 12, 13]
[6, 283]
[173, 153, 154]
[388, 401]
[445, 349, 350, 19]
[14, 389]
[59, 331]
[157, 70, 184, 207, 60]
[204, 250]
[156, 157, 70, 184]
[398, 100]
[332, 183]
[207, 274, 59]
[310, 456]
[218, 157, 70, 184, 207, 274, 168, 257, 161]
[282, 20, 448]
[84, 137, 248, 326]
[196, 237, 58]
[282, 20, 218, 157, 70, 184, 207, 274]
[218, 157, 70, 6, 283, 256]
[378, 11, 134]
[77, 40, 152]
[54, 337, 338]
[157, 70, 255, 207, 274, 59]
[390, 391]
[47, 226, 136]
[1, 40, 152]
[316, 135, 136]
[38, 66]
[27, 28]
[451, 16, 183]
[367, 157, 199, 240]
[57, 203]
[345, 346]
[70, 6, 60]
[164, 319]
[286, 399, 106]
[6, 7]
[450, 264, 355, 136]
[264, 27, 387]
[315, 316, 135]
[70, 255, 207, 274, 59, 331]
[286, 105]
[84, 137, 248]
[204, 250, 33]
[20, 157, 70, 184, 207, 274, 168, 60]
[264, 27, 28, 355]
[145, 99]
[243, 136]
[282, 20, 218, 157, 70, 6, 283]
[0, 175]
[350, 19]
[41, 42]
[70, 6, 283, 256]
[27, 65, 355, 136]
[81, 253]
[137, 248]
[156, 157, 70, 255, 207]
[71, 116]
[146, 388]
[20, 218, 157, 70, 184, 207, 274, 59, 331]
[120, 286, 88]
[65, 27, 387]
[80, 113, 155]
[137, 36, 320]
[255, 207, 274, 168, 257]
[70, 184, 188]
[249, 245]
[359, 396]
[0, 175, 226]
[76, 77, 40, 152]
[337, 338]
[20, 157, 70, 184, 207, 274, 59]
[22, 19]
[126, 300]
[163, 42]
[282, 20, 218, 157, 70, 184, 207, 274, 59]
[238, 38, 39]
[450, 264, 27, 28, 355]
[471, 123, 124]
[135, 355]
[282, 20, 218, 157, 70, 255, 207, 274, 168, 60]
[350, 317]
[282, 20, 218, 157, 70, 6, 7]
[120, 419]
[282, 20, 218, 157, 70, 255, 207, 274, 168, 257, 161]
[364, 365]
[157, 70, 255, 207]
[20, 218, 157, 70]
[218, 157, 70, 43]
[250, 33, 34]
[282, 20, 157, 70, 43, 60]
[282, 20, 157, 70, 255, 207]
[63, 64, 40, 152]
[16, 55]
[468, 136]
[218, 157, 70, 6, 283]
[264, 27]
[96, 97]
[135, 136]
[1, 12, 13]
[450, 264, 27, 193]
[187, 16, 231]
[80, 81, 253]
[250, 430]
[402, 16]
[0, 1, 40, 152]
[246, 247]
[282, 20, 157, 70, 6, 7]
[157, 70, 255, 339]
[282, 20, 157, 70, 184, 207, 274, 59]
[120, 286, 287, 89]
[282, 20, 218, 157, 272]
[282, 20, 157, 70, 255, 339]
[4, 5]
[0, 175, 224]
[54, 45, 314, 177]
[71, 72, 191]
[347, 348]
[218, 157, 199, 240, 60]
[80, 273, 74]
[160, 161]
[402, 16, 231]
[54, 45]
[282, 20, 157, 70, 255, 207, 60]
[27, 28, 355]
[157, 70, 43, 60]
[367, 157, 70, 184, 207, 274, 168]
[18, 258]
[324, 149, 178]
[367, 157, 70, 43]
[96, 280]
[20, 157, 199, 240, 60]
[243, 72, 191]
[12, 19]
[128, 129]
[147, 166]
[16, 454]
[40, 152]
[144, 145]
[191, 11]
[171, 158, 159]
[27, 373]
[449, 54, 36, 338]
[282, 20, 157, 70, 184, 207, 274, 59, 331]
[184, 207, 274, 59, 60]
[187, 16, 100]
[273, 74]
[141, 136]
[246, 61, 284, 19]
[295, 50]
[268, 269, 99]
[307, 74, 19]
[367, 157, 70, 255, 207, 274, 168, 257, 161]
[20, 218, 157, 70, 255, 207, 274, 59, 60]
[114, 366]
[120, 286, 105]
[75, 11]
[367, 157, 70, 184, 207, 274, 168, 60]
[282, 20, 157, 70, 6, 256]
[296, 58]
[157, 70, 184, 207, 274]
[70, 255, 207, 274, 168, 60]
[175, 372, 258]
[117, 118]
[451, 16, 231]
[156, 157, 70, 6]
[282, 20, 157, 70, 43]
[16, 100]
[144, 145, 99]
[349, 350]
[38, 213, 123]
[457, 458]
[157, 70, 255, 207, 60]
[187, 16, 55, 56]
[207, 274]
[248, 338]
[273, 74, 19]
[20, 218, 157, 70, 184, 207, 274, 59, 60]
[187, 16, 396]
[218, 157, 272]
[264, 355]
[72, 191, 11]
[187, 16, 351]
[184, 207]
[415, 416]
[218, 157, 70, 255, 207, 274, 168, 257]
[445, 349, 350, 317]
[238, 38, 66, 119, 101, 102]
[267, 325]
[402, 16, 183]
[227, 228]
[38, 213, 124]
[6, 256]
[173, 313, 154]
[20, 218, 157, 272]
[459, 460]
[449, 54, 45, 203]
[173, 237, 58]
[86, 87]
[20, 218]
[119, 346]
[368, 369]
[218, 157, 70, 255, 207, 274, 168, 257, 161]
[274, 168]
[374, 333]
[218, 157]
[449, 54, 380]
[340, 24]
[282, 20, 157, 272]
[38, 303]
[70, 255, 207, 274, 168, 257, 161]
[163, 405]
[232, 233]
[246, 175, 226]
[431, 432]
[16, 231]
[120, 121, 189, 190]
[239, 19]
[238, 38, 66, 67]
[80, 273, 74, 19]
[268, 237, 58]
[20, 218, 157, 70, 6, 60]
[70, 184, 7]
[125, 228, 58]
[157, 70, 255, 207, 274, 168, 257, 161]
[238, 38]
[168, 60]
[49, 50]
[125, 299, 203]
[257, 161]
[274, 59, 331]
[394, 192]
[70, 6, 7]
[169, 170, 285]
[63, 64, 89]
[0, 175, 372, 258]
[38, 66, 119, 346, 134]
[93, 147, 98, 99]
[254, 16, 17]
[20, 157, 199]
[264, 27, 28]
[120, 286, 343]
[395, 226]
[63, 64, 40]
[255, 207, 60]
[98, 99]
[282, 20, 157, 199, 240]
[449, 54, 45, 314]
[282, 20, 218, 157, 70, 255, 207, 274, 168]
[162, 89]
[18, 151]
[70, 255, 207, 274, 168, 257]
[218, 157, 70, 255, 256]
[93, 147, 166, 167]
[254, 16, 183]
[286, 88, 89]
[367, 157, 70, 255, 207, 274, 59, 60]
[201, 202]
[246, 175, 224]
[157, 328]
[157, 70, 6, 283, 7]
[218, 157, 70, 6, 7]
[420, 421]
[184, 7]
[445, 349, 350]
[322, 139, 140]
[352, 353]
[80, 113, 89]
[254, 211, 401]
[286, 287, 19]
[171, 226]
[157, 199, 240]
[0, 1, 12, 190]
[80, 113, 258]
[180, 181]
[381, 190]
[162, 155]
[162, 288]
[93, 147, 166]
[120, 121, 236]
[218, 157, 70, 43, 44]
[371, 102]
[20, 218, 157, 70, 6, 256]
[156, 157, 70, 255, 207, 274, 168]
[137, 36, 338]
[2, 11, 134]
[31, 162]
[12, 190]
[101, 102]
[157, 70, 255, 207, 274, 59, 60]
[264, 136]
[262, 25, 26]
[299, 203]
[20, 218, 157, 70, 255, 256]
[175, 224]
[336, 311]
[196, 197]
[156, 157, 70, 43, 60]
[148, 149]
[218, 157, 70, 255, 207, 274, 168, 60]
[6, 60]
[76, 77, 40, 245]
[70, 184, 207, 274]
[173, 237]
[367, 157, 70, 255]
[164, 165]
[197, 99]
[47, 260]
[349, 350, 317, 408]
[28, 355, 136]
[449, 54, 36, 112]
[70, 255]
[119, 101]
[65, 27, 28, 355, 136]
[170, 285]
[199, 240, 60]
[70, 6, 283, 7]
[282, 20, 218, 157, 70, 255, 256]
[38, 213]
[157, 70, 255, 256]
[204, 250, 33, 354]
[132, 133]
[425, 426]
[70, 184, 207, 274, 59, 331]
[77, 40]
[65, 27, 193]
[63, 64]
[73, 74]
[282, 20, 157, 70, 255, 256]
[54, 36, 338]
[442, 443]
[0, 175, 226, 136]
[61, 284, 19]
[218, 157, 70, 6, 222]
[204, 250, 430]
[120, 121, 89]
[171, 136]
[111, 112]
[209, 306]
[93, 147, 208]
[156, 157, 70, 184, 207, 274, 59, 60]
[172, 317, 408]
[282, 20, 157, 70, 184, 7]
[108, 200]
[156, 157, 70, 255, 256]
[107, 108]
[156, 157, 70, 6, 7]
[157, 70, 184, 207, 274, 59]
[156, 157, 199]
[45, 46]
[268, 269]
[157, 70, 255, 207, 274, 59, 331]
[157, 70, 43]
[70, 43]
[449, 54, 36]
[156, 157, 70, 184, 207, 60]
[20, 218, 157, 199, 240]
[207, 274, 59, 331]
[312, 60]
[157, 70, 184, 207, 274, 59, 60]
[77, 89]
[450, 264, 27, 387]
[27, 65, 134]
[367, 157, 70, 184, 207, 274, 168, 257, 161]
[70, 184, 207, 60]
[125, 267]
[84, 137, 36, 437]
[282, 20, 218, 157, 70, 255, 207, 274, 59]
[451, 16, 454]
[229, 230]
[277, 99]
[123, 124]
[120, 286, 88, 89]
[1, 12, 190]
[282, 20, 157, 70, 184, 207, 274, 168, 257]
[10, 11]
[20, 157, 70, 6]
[20, 218, 157, 70, 255, 207, 274, 59, 331]
[281, 467]
[282, 283, 256]
[218, 157, 70, 184, 207, 274]
[282, 20, 218, 157, 70, 184, 207, 274, 168]
[283, 256]
[282, 20, 218, 157, 70, 255, 207, 274, 168, 257]
[54, 45, 46]
[204, 250, 33, 34]
[282, 20, 157, 70, 255, 207, 274, 168, 60]
[282, 20, 157, 70, 6, 283, 256]
[35, 36]
[27, 65, 355]
[120, 286]
[156, 157, 70, 255, 207, 274, 168, 257, 161]
[157, 70, 6]
[20, 157, 70]
[33, 34]
[374, 333, 99]
[158, 159]
[367, 157, 70, 255, 207, 60]
[332, 11, 134]
[45, 300]
[20, 157, 70, 255, 207]
[66, 119, 346]
[282, 20, 157, 70, 255, 207, 274, 168, 257, 161]
[128, 192]
[73, 74, 19]
[121, 189]
[286, 105, 106]
[27, 65, 136]
[156, 157, 70, 6, 283, 256]
[282, 20, 157, 70, 184, 207, 274]
[147, 208]
[367, 157, 70, 255, 339]
[20, 157, 199, 240]
[35, 36, 112]
[226, 136]
[23, 24]
[20, 157, 70, 255, 339]
[157, 70, 184, 7]
[282, 20, 218, 219]
[213, 424]
[18, 19]
[172, 341, 24]
[66, 119, 101]
[20, 218, 157, 70, 184, 207, 274]
[266, 11, 134]
[20, 157, 70, 184, 207, 274]
[367, 157, 70, 255, 207]
[70, 184, 207]
[237, 58]
[282, 20, 21]
[80, 31, 162, 155]
[246, 175, 372]
[327, 58]
[367, 157, 70, 6, 222]
[20, 21]
[20, 218, 157]
[80, 31, 162, 288]
[246, 175, 372, 258]
[367, 157, 70, 184, 188]
[54, 45, 217]
[451, 16]
[330, 323]
[36, 338]
[16, 183]
[20, 157, 70, 6, 222]
[121, 89]
[172, 341]
[238, 38, 213, 424]
[269, 99]
[70, 184, 207, 274, 168, 257, 161]
[332, 136]
[342, 253]
[185, 183]
[171, 158]
[65, 355, 136]
[70, 6, 256]
[184, 207, 274, 168, 257]
[395, 226, 136]
[109, 110]
[282, 20, 157, 70, 255, 207, 274, 59]
[315, 316]
[367, 157, 70, 255, 207, 274, 168]
[54, 337, 167]
[450, 264, 27, 65, 122]
[451, 16, 100]
[20, 218, 157, 70, 43, 60]
[113, 258]
[0, 175, 82, 83]
[27, 65]
[175, 82, 83]
[282, 20, 218, 157, 70, 184, 7]
[361, 19]
[114, 25]
[175, 372]
[137, 248, 326]
[119, 101, 102]
[174, 131]
[54, 45, 300]
[218, 157, 70, 184]
[157, 272]
[246, 175, 82]
[54, 36, 112]
[96, 291]
[274, 168, 60]
[409, 151]
[120, 121, 189]
[120, 286, 287, 19]
[157, 70, 184]
[80, 81]
[367, 157, 70, 184, 207, 60]
[1, 40]
[64, 12, 190]
[282, 20, 218, 157, 328]
[184, 188]
[227, 370]
[282, 20, 218, 157, 70, 6, 256]
[149, 178]
[282, 20, 157, 70, 255, 207, 274, 59, 331]
[218, 157, 70, 255, 207, 274, 168]
[218, 157, 70, 255, 207, 274, 59]
[65, 27]
[316, 135]
[20, 218, 157, 328]
[218, 157, 70, 6]
[20, 157, 70, 184, 207, 274, 168]
[218, 157, 70]
[278, 279]
[156, 157, 70, 184, 7]
[282, 20, 218, 157, 70, 6, 283, 7]
[367, 157, 70, 184]
[367, 157, 70, 255, 207, 274, 168, 257]
[84, 137]
[179, 121, 89]
[304, 305]
[367, 157, 272]
[449, 54, 36, 437]
[350, 308]
[70, 184, 207, 274, 59]
[282, 20, 218, 157, 70, 255, 207, 60]
[71, 11, 134]
[43, 60]
[72, 191]
[187, 16, 55]
[274, 168, 257]
[20, 218, 157, 70, 43]
[345, 346, 134]
[175, 82]
[206, 9]
[367, 157, 70, 255, 256]
[156, 157, 199, 240]
[47, 226]
[450, 264, 27]
[439, 440]
[273, 89]
[223, 212]
[367, 157, 70, 6, 7]
[264, 27, 65, 122]
[377, 122]
[255, 339]
[254, 16, 351]
[282, 20]
[286, 88, 19]
[59, 60]
[71, 72, 191, 11, 134]
[327, 203]
[286, 399]
[156, 157, 70, 184, 207, 274, 168, 257]
[282, 20, 218, 157, 70, 6, 60]
[449, 54, 45, 46]
[410, 142]
[74, 19]
[168, 257]
[84, 137, 36, 112]
[147, 98, 99]
[220, 221]
[16, 55, 56]
[53, 11, 134]
[367, 157, 70, 43, 44]
[367, 157, 70, 255, 207, 274, 59, 331]
[194, 195]
[315, 316, 135, 136]
[114, 25, 26]
[128, 221]
[250, 33, 354]
[64, 40, 152]
[445, 349]
[207, 274, 59, 60]
[274, 59]
[445, 349, 350, 317, 408]
[31, 32]
[65, 355]
[35, 36, 338]
[163, 260]
[367, 157, 70, 184, 207, 274, 59, 331]
[14, 289]
[403, 404]
[262, 25]
[157, 70, 6, 283, 256]
[171, 294]
[455, 376]
[238, 38, 66]
[255, 207, 274, 59]
[255, 207, 274, 168]
[117, 118, 263]
[20, 218, 157, 70, 6, 283, 7]
[315, 316, 135, 355]
[246, 228, 58]
[361, 362, 392]
[157, 70, 6, 222]
[196, 197, 99]
[244, 13]
[65, 136]
[45, 314]
[157, 70, 184, 207]
[6, 283, 7]
[301, 122]
[36, 112]
[2, 11]
[127, 13]
[20, 157, 70, 255, 256]
[20, 157, 70, 6, 60]
[157, 70, 184, 207, 274, 59, 331]
[341, 24]
[20, 218, 157, 70, 43, 44]
[70, 255, 207, 274, 59, 60]
[218, 157, 70, 184, 207, 274, 168]
[449, 54, 337, 167]
[372, 258]
[156, 157, 70, 255, 207, 274]
[247, 217]
[282, 20, 218, 157, 70, 184, 207, 60]
[282, 20, 218, 157, 70, 184]
[282, 20, 157, 70, 184, 207]
[65, 134]
[20, 218, 157, 70, 184, 207, 60]
[246, 9]
[218, 157, 70, 184, 207, 274, 168, 257]
[264, 27, 193]
[307, 74]
[175, 226]
[76, 77, 89]
[171, 226, 136]
[255, 207, 274]
[57, 58]
[0, 1, 12]
[71, 72]
[81, 330]
[72, 191, 11, 134]
[20, 218, 157, 70, 255, 207, 274, 168, 257]
[315, 316, 100]
[184, 207, 274, 168, 60]
[309, 161]
[119, 346, 134]
[20, 218, 157, 70, 255, 339]
[147, 98]
[157, 70, 6, 7]
[0, 175, 82]
[238, 38, 213, 123]
[282, 20, 157, 70, 255, 207, 274, 168, 257]
[250, 265]
[47, 405]
[84, 137, 36]
[76, 77, 40]
[121, 189, 190]
[20, 157, 70, 6, 283, 7]
[280, 275, 276]
[187, 108]
[199, 240]
[157, 70]
[402, 16, 55, 56]
[449, 54, 36, 320]
[218, 157, 70, 184, 207, 274, 59, 331]
[333, 99]
[282, 20, 218, 157, 70, 6, 283, 256]
[80, 81, 330]
[150, 258]
[286, 287, 89]
[349, 350, 308]
[367, 157, 70, 255, 207, 274]
[156, 157, 70, 255, 207, 274, 59, 60]
[20, 157, 328]
[84, 137, 248, 338]
[156, 157, 328]
[379, 33, 34]
[20, 218, 157, 70, 184, 207, 274, 168]
[33, 354]
[310, 311]
[452, 26]
[31, 162, 89]
[379, 33]
[157, 70, 184, 207, 274, 168]
[186, 11, 134]
[292, 328]
[282, 20, 218]
[284, 19]
[255, 207, 274, 59, 331]
[172, 317]
[156, 157, 70, 6, 60]
[286, 88]
[37, 17]
[20, 157, 70, 184, 207, 274, 168, 257, 161]
[51, 52]
[218, 157, 70, 255]
[70, 255, 339]
[168, 257, 161]
[254, 16, 55]
[129, 221]
[402, 16, 396]
[128, 129, 221]
[139, 140]
[57, 300]
[282, 20, 218, 157, 70, 255, 207, 274, 59, 331]
[450, 264, 27, 28, 355, 136]
[20, 157, 70, 184, 207, 274, 168, 257]
[282, 20, 157, 70]
[20, 218, 157, 70, 184, 7]
[20, 218, 157, 70, 255, 207]
[38, 213, 424]
[80, 81, 330, 323]
[367, 157]
[367, 157, 70, 43, 60]
[20, 218, 157, 70, 184, 207, 274, 168, 60]
[179, 121, 189]
[70, 255, 207]
[64, 12]
[186, 11]
[54, 36]
[45, 314, 177]
[427, 11, 134]
[367, 157, 70, 184, 207]
[402, 16, 351]
[216, 91, 92]
[282, 20, 218, 157, 70, 43, 60]
[156, 157, 70, 255, 207, 274, 59, 331]
[287, 19]
[449, 54, 45, 314, 177]
[20, 157, 70, 184, 207, 274, 59, 331]
[70, 255, 207, 274]
[107, 108, 200]
[156, 157, 70, 184, 207, 274]
[264, 27, 28, 355, 136]
[423, 133]
[14, 15]
[469, 470]
[27, 28, 355, 136]
[157, 70, 255, 207, 274, 168, 257]
[172, 408]
[156, 157, 70, 255, 207, 274, 168, 257]
[20, 157, 70, 255, 207, 274, 168, 257, 161]
[66, 119]
[254, 16]
[20, 218, 157, 70, 184, 207, 274, 59]
[70, 6]
[198, 67]
[240, 60]
[187, 108, 200]
[359, 360]
[314, 177]
[207, 274, 168, 257, 161]
[282, 20, 218, 157, 70, 255]
[313, 154]
[367, 157, 70, 6]
[264, 27, 373]
[282, 20, 218, 157, 70, 255, 207]
[394, 89]
[282, 20, 218, 157, 70, 6]
[65, 27, 373]
[282, 20, 218, 157, 70, 184, 207, 274, 59, 60]
[238, 38, 213, 123, 124]
[218, 157, 70, 43, 60]
[27, 387]
[81, 253, 89]
[137, 36, 112]
[282, 20, 157, 70, 6, 283]
[367, 157, 70, 184, 207, 274, 59, 60]
[156, 157, 70, 6, 256]
[75, 11, 134]
[80, 273, 74, 245]
[264, 355, 136]
[157, 70, 255]
[228, 58]
[125, 228]
[80, 113]
[156, 157, 70, 184, 188]
[282, 20, 218, 157, 70, 255, 339]
[156, 157, 70, 43, 44]
[367, 157, 70, 6, 283, 7]
[342, 253, 89]
[374, 296]
[187, 211]
[253, 89]
[157, 70, 6, 283]
[282, 20, 218, 157, 199]
[65, 27, 28, 355]
[187, 211, 401]
[367, 157, 70]
[91, 92]
[282, 20, 157, 70, 6, 60]
[207, 60]
[390, 407]
