80,2 2
67,2 1
80,1 3
67,1 1
65,1 2
151,1 2
63,3 1
136,5 1
136,4 2
63,2 3
136,3 2
63,1 2
136,2 2
136,1 3
48,2 1
48,1 2
132,1 2
119,1 1
208,1 1
130,1 1
188,1 1
206,1 1
42,1 1
29,1 3
115,1 5
204,1 1
27,1 2
113,1 1
96,8 1
96,7 2
184,1 1
202,1 2
96,6 2
96,5 1
25,2 1
25,1 1
96,4 9
96,3 5
111,1 2
96,2 4
96,1 1
94,1 1
180,2 1
180,1 1
21,1 1
92,1 2
79,1 3
148,2 2
148,1 2
73,1 1
146,1 1
58,1 1
56,1 1
54,4 1
54,3 8
54,2 3
54,1 1
52,2 4
52,1 5
39,2 2
39,1 7
125,1 2
214,3 2
214,2 2
214,1 1
50,1 3
37,1 2
123,1 1
194,4 2
1,1 1
108,8 1
194,3 5
108,7 2
194,2 4
108,6 2
194,1 2
212,1 1
108,5 1
108,4 9
35,1 2
108,3 5
121,2 1
108,2 4
121,1 1
108,1 1
33,1 1
106,1 1
177,1 1
31,3 1
31,2 8
18,2 1
31,1 3
18,1 7
89,1 1
173,9 1
173,8 2
173,7 2
173,6 1
16,1 3
173,5 6
102,1 1
173,4 5
173,3 5
173,2 6
173,1 2
14,2 7
14,1 4
100,1 1
85,1 1
171,1 1
12,4 2
12,3 2
12,2 2
12,1 3
83,3 2
83,2 5
83,1 3
156,1 1
10,2 2
10,1 2
81,1 1
68,1 1
154,1 1
152,3 2
152,2 3
152,1 2
139,2 2
64,7 1
64,6 2
139,1 1
64,5 2
150,5 2
64,4 1
64,3 9
150,4 2
150,3 2
64,2 5
64,1 4
150,2 6
150,1 4
137,1 2
62,4 1
62,3 2
62,2 2
62,1 2
49,1 1
135,2 1
135,1 1
60,5 1
60,4 2
60,3 2
60,2 2
60,1 3
47,1 1
207,1 1
43,1 1
116,1 1
41,2 1
41,1 2
99,1 3
26,2 3
26,1 3
97,1 1
183,2 1
183,1 1
24,2 4
22,8 1
24,1 5
22,7 2
22,6 2
22,5 1
22,4 9
22,3 5
168,1 1
22,2 5
22,1 4
93,1 1
166,1 1
20,2 1
20,1 2
78,2 3
78,1 1
162,8 1
164,1 3
162,7 2
162,6 2
162,5 1
162,4 9
162,3 5
162,2 4
149,2 1
162,1 2
149,1 1
74,1 1
160,1 1
72,2 1
72,1 1
70,1 1
8,1 5
53,6 1
128,1 2
6,1 3
53,5 2
53,4 2
53,3 1
53,2 9
53,1 4
126,2 1
126,1 2
4,1 1
215,1 1
51,1 1
2,2 1
2,1 2
195,3 1
195,2 7
195,1 1
0,2 1
122,1 1
0,1 2
109,1 1
211,1 1
105,3 8
32,1 1
105,2 6
105,1 2
176,1 1
103,2 2
103,1 1
88,1 1
174,1 1
15,1 2
101,2 1
101,1 2
172,1 1
13,3 2
13,2 2
13,1 2
157,1 3
69,1 2
