[141, 136]
[295, 50]
[465, 466]
[121, 192]
[114, 366]
[146, 17]
[114, 463]
[75, 11]
[130, 131]
[355, 136]
[296, 58]
[137, 36]
[16, 100]
[38, 39]
[54, 337]
[457, 458]
[248, 326]
[207, 274]
[248, 338]
[334, 335]
[357, 363]
[264, 355]
[72, 191, 11]
[184, 207]
[415, 416]
[78, 79]
[227, 228]
[187, 16]
[35, 212]
[6, 256]
[459, 460]
[344, 122]
[11, 134]
[86, 87]
[20, 218]
[20, 448]
[119, 346]
[22, 13]
[368, 369]
[254, 67]
[274, 168]
[218, 157]
[340, 24]
[163, 405]
[232, 233]
[431, 432]
[143, 288]
[16, 231]
[71, 11]
[66, 67]
[114, 115]
[238, 38]
[168, 60]
[49, 50]
[213, 124]
[249, 151]
[394, 192]
[173, 422]
[16, 351]
[93, 147]
[427, 11]
[395, 226]
[18, 90]
[162, 89]
[18, 151]
[120, 217]
[246, 228]
[81, 323]
[201, 202]
[157, 328]
[2, 3]
[420, 421]
[184, 7]
[187, 318]
[445, 349, 350]
[114, 444]
[352, 353]
[171, 226]
[180, 181]
[381, 190]
[141, 142]
[29, 30]
[332, 11]
[162, 155]
[162, 288]
[371, 102]
[281, 217]
[31, 162]
[80, 31]
[12, 190]
[282, 283]
[264, 136]
[185, 131]
[413, 414]
[175, 224]
[336, 311]
[464, 288]
[61, 239, 19]
[80, 273]
[120, 106]
[156, 157]
[213, 123]
[148, 149]
[16, 396]
[6, 60]
[173, 237]
[164, 165]
[88, 19]
[47, 260]
[114, 446]
[297, 298]
[70, 255]
[40, 245]
[428, 429]
[38, 213]
[132, 133]
[425, 426]
[346, 134]
[77, 40]
[246, 61]
[36, 437]
[211, 401]
[261, 60]
[63, 64]
[163, 212]
[73, 74]
[442, 443]
[5, 302]
[61, 284, 19]
[171, 136]
[278, 260]
[209, 306]
[1, 12]
[113, 155]
[108, 200]
[107, 108]
[262, 406]
[45, 46]
[173, 154]
[259, 202]
[70, 43]
[411, 13]
[253, 19]
[417, 418]
[312, 60]
[77, 89]
[229, 230]
[182, 183]
[277, 99]
[123, 124]
[103, 104]
[10, 11]
[281, 467]
[18, 270]
[22, 190]
[204, 205]
[283, 256]
[35, 36]
[43, 44]
[120, 286]
[33, 34]
[25, 26]
[250, 33]
[45, 300]
[45, 203]
[0, 1]
[73, 89]
[128, 192]
[324, 149]
[244, 9]
[187, 183]
[53, 11]
[147, 208]
[226, 136]
[23, 24]
[6, 222]
[214, 215]
[213, 424]
[292, 293]
[18, 19]
[209, 447]
[341, 19]
[393, 48]
[237, 58]
[71, 183]
[268, 237]
[327, 58]
[150, 190]
[20, 21]
[451, 16]
[255, 207]
[36, 338]
[16, 183]
[121, 89]
[172, 341]
[286, 287]
[287, 89]
[332, 136]
[342, 253]
[332, 100]
[185, 183]
[433, 434]
[120, 121]
[109, 110]
[138, 60]
[176, 177]
[315, 316]
[409, 192]
[307, 308]
[113, 258]
[262, 400]
[27, 65]
[361, 19]
[23, 192]
[114, 25]
[174, 131]
[337, 167]
[157, 272]
[8, 9]
[96, 291]
[409, 151]
[36, 320]
[461, 462]
[80, 81]
[1, 40]
[184, 188]
[227, 370]
[64, 89]
[149, 178]
[54, 380]
[243, 72]
[65, 27]
[316, 135]
[278, 279]
[70, 184]
[84, 137]
[304, 305]
[144, 296]
[290, 116]
[350, 308]
[137, 226]
[209, 210]
[43, 60]
[322, 139]
[435, 436]
[206, 9]
[450, 264]
[47, 226]
[439, 440]
[273, 89]
[223, 224]
[223, 212]
[377, 122]
[125, 9]
[255, 339]
[378, 11]
[282, 20]
[59, 60]
[327, 300]
[64, 40]
[327, 203]
[47, 42]
[385, 386]
[76, 77]
[68, 69]
[410, 142]
[74, 19]
[163, 122]
[271, 149]
[449, 54]
[220, 221]
[47, 438]
[128, 221]
[218, 219]
[274, 59]
[31, 32]
[65, 355]
[150, 151]
[225, 139]
[283, 7]
[163, 260]
[14, 289]
[403, 404]
[180, 353]
[262, 25]
[121, 236]
[12, 13]
[241, 242]
[171, 294]
[455, 376]
[356, 288]
[182, 441]
[246, 175]
[113, 89]
[27, 193]
[244, 13]
[65, 136]
[45, 217]
[88, 89]
[143, 89]
[93, 94]
[316, 100]
[317, 408]
[251, 382]
[301, 122]
[36, 112]
[2, 11]
[127, 13]
[45, 329]
[196, 237]
[341, 24]
[20, 157]
[375, 376]
[286, 343]
[172, 106]
[95, 9]
[65, 134]
[65, 122]
[383, 384]
[246, 9]
[307, 74]
[16, 17]
[179, 121]
[175, 226]
[57, 58]
[71, 72]
[255, 256]
[95, 13]
[266, 11]
[309, 161]
[182, 202]
[471, 123]
[74, 245]
[357, 358]
[412, 5]
[234, 235]
[254, 211]
[250, 265]
[47, 405]
[47, 48]
[61, 62]
[251, 252]
[187, 108]
[6, 283]
[157, 70]
[14, 389]
[59, 331]
[204, 250]
[398, 100]
[332, 183]
[150, 258]
[310, 456]
[33, 354]
[310, 311]
[452, 26]
[379, 33]
[292, 328]
[390, 391]
[172, 317]
[286, 88]
[38, 66]
[37, 17]
[51, 52]
[57, 203]
[345, 346]
[164, 319]
[139, 140]
[6, 7]
[57, 300]
[243, 136]
[0, 175]
[350, 19]
[41, 42]
[367, 157]
[64, 12]
[186, 11]
[54, 36]
[81, 253]
[137, 248]
[71, 116]
[287, 19]
[249, 245]
[359, 396]
[423, 133]
[14, 15]
[337, 338]
[469, 470]
[22, 19]
[163, 42]
[172, 408]
[135, 355]
[350, 317]
[66, 119]
[254, 16]
[120, 419]
[364, 365]
[70, 6]
[198, 67]
[359, 360]
[468, 136]
[264, 27]
[96, 97]
[135, 136]
[394, 89]
[250, 430]
[402, 16]
[27, 387]
[4, 5]
[347, 348]
[228, 58]
[160, 161]
[125, 228]
[80, 113]
[54, 45]
[27, 28, 355]
[374, 296]
[18, 258]
[187, 211]
[253, 89]
[12, 19]
[16, 454]
[40, 152]
[27, 373]
[273, 74]
[207, 60]
[390, 407]
