105,1 2
73,3 2
343,1 1
4,1 5
73,2 3
73,1 2
222,2 2
222,1 2
0,2 1
0,1 2
45,3 1
45,2 11
315,1 1
45,1 4
158,2 1
158,1 1
396,1 1
404,1 1
154,1 1
392,1 1
368,2 1
400,1 1
368,1 1
98,1 3
150,1 2
126,1 2
94,2 2
94,1 2
219,2 1
122,1 2
219,1 3
360,1 1
66,2 2
66,1 3
215,1 1
62,2 1
211,3 1
62,1 1
211,2 9
211,1 3
38,2 1
308,1 2
38,1 6
296,1 1
175,1 1
34,1 1
389,4 2
389,3 5
292,1 2
389,2 4
389,1 2
300,2 1
300,1 3
30,1 4
147,1 3
119,8 1
264,1 1
119,7 2
119,6 2
119,5 1
119,4 9
119,3 5
381,1 1
119,2 4
119,1 1
357,2 1
260,1 1
357,1 1
87,1 1
236,1 2
115,2 1
115,1 1
83,1 1
232,2 1
232,1 1
59,3 1
59,2 1
59,1 1
111,1 1
208,1 2
196,1 1
55,3 2
325,2 2
325,1 1
55,2 2
55,1 2
204,3 3
204,2 10
204,1 5
192,1 1
168,4 1
289,1 2
168,3 2
168,2 2
168,1 2
200,1 1
27,1 2
285,2 1
285,1 4
23,2 4
23,1 5
281,1 2
378,1 1
160,2 2
160,1 2
136,2 2
136,1 4
374,1 1
132,2 1
132,1 2
229,1 1
108,1 1
76,3 1
76,2 1
76,1 3
342,1 1
3,1 1
318,1 1
48,1 3
100,1 1
314,8 1
314,7 2
314,6 2
314,5 1
314,4 9
314,3 5
185,1 1
314,2 4
44,2 1
314,1 1
44,1 1
16,8 1
181,1 2
16,7 2
40,2 1
278,1 3
16,6 2
310,1 2
407,1 1
16,5 1
40,1 6
16,4 9
16,3 5
16,2 5
16,1 4
274,2 1
274,1 1
403,1 1
12,2 1
12,1 8
391,1 1
246,1 2
125,1 5
363,1 1
339,2 1
242,1 1
339,1 1
121,2 2
69,1 2
121,1 1
218,1 1
65,3 3
335,1 2
65,2 5
65,1 2
214,1 1
178,8 1
178,7 2
178,6 2
299,3 1
178,5 1
299,2 3
299,1 1
178,4 9
178,3 5
61,1 1
178,2 4
210,1 2
178,1 2
307,1 2
174,1 3
388,4 1
388,3 11
388,2 4
388,1 1
170,1 3
384,4 1
384,3 3
384,2 1
384,1 1
263,2 2
263,1 2
142,1 1
239,2 3
239,1 5
235,9 1
235,8 2
235,7 2
235,6 1
235,5 6
356,1 1
235,4 5
86,1 1
235,3 5
235,2 6
235,1 2
114,2 1
114,1 1
328,1 1
58,2 2
110,2 2
58,1 4
207,2 2
110,1 2
207,1 3
195,1 1
324,2 1
54,2 4
324,1 1
54,1 5
50,1 2
413,1 1
163,2 1
163,1 1
139,1 1
256,1 1
135,3 1
135,2 1
135,1 4
252,1 1
107,2 6
107,1 4
6,1 1
75,1 2
224,2 1
224,1 1
2,2 1
2,1 1
220,3 2
71,1 1
220,2 5
188,1 1
220,1 3
317,1 1
184,1 1
19,1 2
398,1 1
394,1 1
152,3 1
152,2 9
152,1 5
249,1 1
390,3 1
390,2 8
390,1 1
128,1 1
96,1 1
120,7 1
120,6 2
120,5 2
120,4 1
120,3 9
338,1 2
68,1 1
120,2 5
120,1 4
60,3 2
330,1 1
60,2 11
298,1 1
60,1 8
177,2 1
177,1 1
306,1 1
36,1 2
32,4 2
32,3 2
149,5 1
32,2 6
302,1 1
149,4 2
149,3 2
32,1 4
149,2 2
149,1 3
266,1 1
145,1 2
262,3 2
262,2 2
262,1 1
89,1 1
141,1 1
117,1 1
85,2 1
85,1 1
113,2 2
113,1 3
57,6 1
57,5 2
81,1 1
57,4 2
57,3 1
230,1 2
198,1 3
327,1 1
57,2 9
57,1 4
206,1 2
194,1 1
323,1 1
202,1 2
29,2 4
29,1 2
190,2 1
190,1 4
287,1 1
166,3 2
166,2 3
166,1 2
25,2 2
25,1 2
283,3 1
412,4 1
412,3 9
283,2 4
412,2 4
283,1 1
412,1 2
162,1 1
259,1 1
21,1 1
138,2 1
138,1 5
134,1 1
372,1 1
9,1 1
78,1 1
130,1 1
227,1 1
344,1 1
223,1 1
102,1 1
46,1 1
183,2 1
183,1 1
42,1 1
409,1 1
159,1 1
18,1 3
155,2 1
155,1 1
14,1 3
272,2 2
272,1 4
369,1 1
99,1 1
151,2 1
151,1 1
10,1 3
365,1 1
123,1 1
91,2 1
91,1 6
240,1 2
67,3 6
337,1 1
67,2 5
67,1 2
212,5 1
212,4 2
333,1 1
63,1 1
212,3 2
212,2 2
212,1 3
297,2 1
297,1 1
305,1 1
293,2 2
293,1 1
172,1 1
31,1 1
261,1 1
358,1 1
237,1 1
116,1 1
354,1 1
233,1 2
112,2 1
112,1 2
350,1 1
205,1 1
193,5 2
193,4 2
193,3 6
193,2 4
193,1 1
322,2 2
52,2 1
322,1 2
52,1 3
286,1 1
24,2 1
24,1 1
282,1 1
161,1 1
258,1 1
137,1 2
254,1 1
133,2 1
133,1 1
109,1 2
250,1 1
8,2 1
347,1 1
8,1 1
226,3 1
226,2 3
226,1 2
