0 1
2 3
4 5
6 7
8 9
10 11
12 13
14 15
16 17
18 19
20 17
21 22
23 24
25 26
27 28
29 30
31 32
33 15
34 35
1 36
37 38
39 40
41 42
43 44
45 46
47 11
48 41
49 50
51 52
53 54
55 56
25 57
58 59
60 39
61 62
63 11
64 65
66 67
68 69
70 71
72 73
74 75
76 77
78 9
79 80
81 82
14 83
84 85
86 87
88 89
90 91
92 93
61 11
65 36
94 95
61 96
97 98
99 84
100 101
57 102
103 104
105 106
107 108
109 110
111 112
57 113
114 115
116 92
117 54
118 119
120 121
122 73
57 115
123 124
125 15
126 81
127 11
128 129
36 130
131 132
133 134
135 136
137 138
120 115
139 38
140 141
142 143
144 54
145 146
11 113
147 115
148 149
150 87
151 131
152 153
154 110
155 156
129 157
158 101
159 160
161 162
163 7
164 110
165 11
166 162
163 167
168 169
170 11
70 116
107 171
25 172
21 171
173 174
175 176
177 59
134 178
89 179
180 181
51 182
136 113
183 184
185 9
163 186
126 187
188 189
166 190
31 191
192 103
193 194
195 74
100 196
197 198
6 199
200 201
2 11
202 152
116 203
204 205
206 207
14 208
186 54
209 210
101 211
175 212
68 27
213 34
55 214
178 215
216 217
218 219
220 115
221 222
174 82
223 224
203 115
225 226
227 228
116 229
183 230
231 232
233 73
234 14
34 58
235 236
200 191
237 138
238 181
139 239
240 54
241 23
98 242
43 239
78 224
243 25
230 244
192 104
245 98
105 246
247 248
249 129
134 250
251 252
253 144
254 255
256 82
257 258
257 239
259 254
260 196
261 262
101 171
263 17
146 264
265 266
18 197
122 267
12 268
61 162
269 96
79 270
101 168
271 272
32 93
147 273
101 73
274 52
275 276
212 52
277 182
51 278
62 170
279 102
5 280
34 281
188 282
283 284
285 138
227 55
286 54
287 132
41 288
43 38
289 290
291 119
34 192
150 292
176 82
166 293
58 99
294 113
166 14
140 295
32 296
71 297
220 62
69 298
16 299
126 142
290 83
300 301
302 129
107 303
246 304
229 305
94 23
306 278
271 307
41 308
124 82
234 190
309 298
100 87
252 73
53 310
144 237
311 83
234 59
215 54
161 181
312 82
313 314
48 315
315 316
228 196
32 316
266 73
235 317
318 225
319 22
186 253
320 22
18 134
321 233
134 60
265 322
262 7
139 102
60 235
106 278
323 102
324 325
205 52
147 135
14 162
65 73
326 327
230 29
248 82
48 32
14 328
223 9
243 115
329 330
300 203
6 262
29 331
243 332
283 225
333 267
334 267
335 336
337 338
306 182
27 334
335 339
76 126
94 340
341 134
342 343
204 344
0 300
147 203
345 346
347 85
348 349
57 25
25 350
218 351
352 274
353 102
214 17
105 9
288 156
354 11
355 29
48 356
139 191
357 169
60 6
79 259
231 358
359 360
361 362
25 363
125 364
262 236
41 278
151 132
114 332
12 365
266 17
366 367
218 17
69 309
368 44
334 73
369 73
108 303
370 203
337 371
281 372
252 36
327 17
373 83
374 87
241 375
364 376
377 14
378 379
14 49
139 380
300 201
253 53
381 224
60 163
300 348
327 292
150 320
241 382
366 383
150 384
311 162
385 121
41 196
292 384
386 224
164 162
387 5
69 233
388 389
390 391
100 392
151 393
158 252
394 112
332 115
192 395
261 18
235 186
318 73
227 9
16 349
36 226
396 397
327 284
398 11
399 400
230 401
311 11
20 224
402 403
134 307
404 405
227 205
55 263
26 332
116 32
32 406
43 407
408 409
161 410
227 300
411 412
94 413
414 326
105 205
94 415
190 376
188 416
265 72
100 265
99 325
105 277
18 417
197 134
418 48
315 143
419 243
420 14
247 212
421 24
151 212
419 422
14 423
20 169
311 115
424 425
14 371
6 236
426 427
428 429
94 430
265 86
431 267
39 54
43 380
306 52
369 171
151 287
233 17
432 433
260 434
43 203
229 316
422 83
290 114
435 115
41 182
166 89
436 437
325 113
265 374
6 54
320 17
438 103
57 332
159 330
438 234
123 274
352 312
72 17
