4,1 4
73,1 5
222,1 1
49,1 1
101,1 1
0,1 1
186,3 1
186,2 1
186,1 1
41,1 1
17,2 1
17,1 1
13,8 1
13,7 2
13,6 2
13,5 1
13,4 9
13,3 5
13,2 5
13,1 4
98,3 1
98,2 2
98,1 2
247,1 1
126,1 1
243,2 1
243,1 1
122,2 1
122,1 2
215,4 2
215,3 1
215,2 2
215,1 1
38,1 2
175,2 1
175,1 1
34,1 2
171,1 1
30,1 1
147,1 1
236,2 2
236,1 1
208,4 1
111,2 2
208,3 2
111,1 1
208,2 2
208,1 1
55,6 1
55,5 2
55,4 2
55,3 1
196,1 1
55,2 9
55,1 4
168,5 1
168,4 2
168,3 2
168,2 2
200,1 1
168,1 3
27,1 2
23,1 3
160,3 2
160,2 1
136,6 2
160,1 2
136,5 2
136,4 6
136,3 18
136,2 4
136,1 1
132,1 1
108,1 1
72,7 1
72,6 2
72,5 2
72,4 1
72,3 9
72,2 5
72,1 4
44,1 1
181,3 2
181,2 3
181,1 2
40,2 1
40,1 2
157,1 2
16,2 1
16,1 2
129,8 1
129,7 2
129,6 2
129,5 1
12,2 4
129,4 9
12,1 1
129,3 5
129,2 4
129,1 1
97,2 2
97,1 3
93,4 2
93,3 2
93,2 2
93,1 5
69,3 2
242,1 1
69,2 1
69,1 2
121,2 1
121,1 1
218,1 1
65,5 1
65,4 2
65,3 2
65,2 2
65,1 3
178,2 1
178,1 1
210,1 1
174,2 1
174,1 1
170,7 1
170,6 2
170,5 2
170,4 2
170,3 8
170,2 4
170,1 1
146,2 1
146,1 1
142,2 1
142,1 4
118,1 1
114,8 1
114,7 2
114,6 2
114,5 1
114,4 9
114,3 5
114,2 4
114,1 1
82,1 2
199,1 1
110,4 1
231,1 1
58,3 1
110,3 2
58,2 2
110,2 2
58,1 1
110,1 1
191,8 1
191,7 2
191,6 2
191,5 1
191,4 9
191,3 5
191,2 4
191,1 2
50,1 1
139,2 5
139,1 2
252,1 1
131,1 2
107,3 2
107,2 2
107,1 2
6,1 1
75,1 3
224,1 1
71,3 1
2,1 5
71,2 3
71,1 2
220,1 2
47,2 2
47,1 2
19,2 3
19,1 1
156,2 5
15,3 2
156,1 2
15,2 3
15,1 4
249,1 1
92,1 1
68,4 2
68,3 1
120,3 1
68,2 2
120,2 1
68,1 1
120,1 1
60,3 2
60,2 2
36,5 1
60,1 2
36,4 2
36,3 2
36,2 1
36,1 4
173,2 1
173,1 4
32,1 2
89,1 1
85,2 4
85,1 3
234,1 1
81,1 2
230,2 1
230,1 2
53,1 1
202,1 1
29,1 1
25,1 2
162,1 1
21,1 3
138,1 2
134,3 4
134,2 3
134,1 3
78,1 2
106,4 2
106,3 2
106,2 2
106,1 2
70,4 1
70,3 2
70,2 2
70,1 2
187,1 1
183,3 1
183,2 1
183,1 3
159,4 2
42,2 4
159,3 1
42,1 13
159,2 2
159,1 1
18,1 1
99,2 1
151,3 1
99,1 2
151,2 3
248,2 1
151,1 3
248,1 1
10,1 5
95,1 1
123,2 2
123,1 1
91,2 1
91,1 1
240,1 1
63,1 1
148,6 1
148,5 2
148,4 2
148,3 2
148,2 8
148,1 4
140,1 1
237,1 1
116,2 2
116,1 3
112,1 1
80,1 2
56,2 1
56,1 4
201,9 1
201,8 2
201,7 2
201,6 1
201,5 6
201,4 5
201,3 5
201,2 6
201,1 2
165,1 1
161,2 1
161,1 1
137,5 2
137,4 2
20,1 3
137,3 6
137,2 18
137,1 4
250,1 1
8,1 3
77,2 2
77,1 2
226,1 1
