0 1
2 3
4 5
6 7
8 9
10 11
12 4
13 14
15 16
17 18
19 20
21 22
23 24
25 26
27 28
16 29
30 31
32 33
34 35
36 37
38 39
40 41
42 43
44 45
38 46
47 48
49 46
50 51
29 52
53 54
55 34
56 57
58 16
21 59
60 47
25 61
4 62
63 64
65 66
42 67
68 69
70 71
13 72
73 74
75 76
77 25
72 55
78 79
80 3
81 1
82 83
75 84
85 73
78 86
42 87
55 65
15 88
89 90
91 92
93 94
95 96
97 27
98 99
42 100
101 102
73 103
2 80
56 104
27 105
106 107
93 107
108 109
110 98
69 111
20 5
112 46
15 113
114 72
60 115
116 117
118 119
120 121
122 29
123 27
10 124
93 125
126 127
55 2
122 128
129 72
92 130
131 62
132 133
134 135
136 137
138 39
16 117
139 73
140 141
142 143
36 125
142 144
69 145
80 83
40 46
146 147
148 149
8 150
151 152
85 153
36 154
42 53
138 155
156 73
157 158
159 160
161 41
162 143
23 163
134 164
142 3
165 24
93 166
73 167
77 48
168 3
168 169
170 148
171 172
173 3
151 174
116 29
71 38
56 44
72 175
116 122
56 176
73 177
47 25
55 168
178 29
4 179
10 180
181 182
168 70
183 184
157 185
186 17
187 188
42 189
173 190
191 192
42 78
75 193
107 194
2 152
4 195
196 197
121 171
70 46
42 198
199 1
200 109
85 103
111 32
175 49
201 13
65 70
202 203
97 204
15 116
181 97
42 205
72 84
42 206
65 83
156 207
36 208
93 209
160 94
41 133
210 46
173 80
20 62
173 143
97 211
174 199
137 212
99 0
98 213
183 214
20 195
215 160
72 216
13 217
218 219
191 72
220 221
222 223
71 40
224 225
10 212
137 42
226 227
201 80
147 228
13 191
18 39
81 229
230 29
231 1
73 232
137 93
8 233
234 235
2 83
160 236
237 238
220 84
34 46
137 239
42 187
131 179
148 36
240 241
242 119
151 80
243 50
208 98
134 85
32 244
21 245
183 243
42 246
247 133
106 125
248 199
249 46
107 47
2 46
250 251
252 253
230 24
99 231
139 207
23 102
148 56
148 254
236 131
42 255
10 256
142 80
82 3
