[23, 102]
[151, 152]
[8, 9]
[2, 152]
[80, 3]
[242, 119]
[65, 70]
[8, 150]
[137, 93]
[168, 169]
[73, 167]
[248, 199]
[81, 229]
[56, 57]
[77, 48]
[156, 207]
[10, 212]
[137, 239]
[93, 209]
[36, 208, 98]
[38, 39]
[168, 70]
[89, 90]
[65, 83]
[36, 125]
[129, 72]
[106, 125]
[77, 25]
[2, 80]
[70, 71]
[40, 46]
[142, 80]
[78, 79]
[142, 143]
[32, 244]
[224, 225]
[2, 83]
[4, 195]
[131, 179]
[148, 254]
[240, 241]
[159, 160]
[252, 253]
[201, 80]
[82, 83]
[142, 144]
[68, 69]
[118, 119]
[93, 166]
[134, 135]
[72, 84]
[173, 80]
[126, 127]
[139, 73]
[220, 221]
[42, 246]
[71, 40]
[200, 109]
[218, 219]
[15, 16]
[12, 4]
[20, 62]
[210, 46]
[21, 22]
[98, 99]
[110, 98]
[4, 62]
[99, 231, 1]
[10, 256]
[69, 111, 32]
[78, 86]
[23, 163]
[41, 133]
[2, 3]
[161, 41]
[42, 100]
[21, 59]
[42, 78]
[10, 124]
[181, 182]
[10, 180]
[226, 227]
[56, 104]
[162, 143]
[93, 94]
[160, 236, 131]
[42, 43]
[36, 37]
[27, 105]
[42, 67]
[19, 20]
[38, 46]
[148, 56]
[70, 46]
[73, 177]
[134, 85]
[101, 102]
[85, 103]
[55, 2]
[140, 141]
[13, 191]
[196, 197]
[250, 251]
[122, 128]
[148, 149]
[108, 109]
[202, 203]
[60, 47]
[42, 255]
[2, 46]
[116, 117]
[32, 33]
[165, 24]
[112, 46]
[16, 29]
[114, 72]
[15, 88]
[132, 133]
[29, 52]
[65, 66]
[97, 204]
[47, 25]
[63, 64]
[191, 192]
[199, 1]
[97, 27]
[36, 154]
[73, 74]
[173, 143]
[20, 195]
[73, 103]
[21, 245]
[139, 207]
[116, 29]
[134, 164]
[60, 115]
[168, 3]
[234, 235]
[25, 61]
[85, 73]
[230, 29]
[47, 48]
[178, 29]
[82, 3]
[191, 72]
[8, 233]
[157, 158]
[183, 184]
[107, 47]
[173, 3]
[72, 216]
[56, 176]
[42, 87]
[10, 11]
[93, 125]
[148, 36]
[27, 28]
[72, 55]
[181, 97]
[160, 94]
[6, 7]
[138, 155]
[25, 26]
[4, 179]
[55, 34]
[151, 80]
[137, 42]
[98, 213]
[20, 5]
[69, 145]
[75, 84]
[81, 1]
[106, 107]
[249, 46]
[99, 0, 1]
[247, 133]
[42, 206]
[34, 46]
[93, 107]
[237, 238]
[23, 24]
[55, 65]
[137, 212]
[42, 189]
[107, 194]
[75, 193]
[85, 153]
[116, 122]
[73, 232]
[13, 14]
[15, 113]
[230, 24]
[201, 13]
[30, 31]
[142, 3]
[42, 205]
[156, 73]
[95, 96]
[16, 117]
[173, 190]
[157, 185]
[123, 27]
[13, 217]
[215, 160]
[183, 214]
[4, 5]
[13, 72]
[80, 83]
[71, 38]
[58, 16]
[138, 39]
[170, 148]
[97, 211]
[136, 137]
[40, 41]
[34, 35]
[42, 198]
[222, 223]
[220, 84]
[55, 168]
[131, 62]
[75, 76]
[15, 116]
[122, 29]
