[134, 19]
[221, 51]
[237, 258]
[326, 227]
[92, 11]
[172, 173]
[123, 219]
[283, 76]
[196, 19]
[151, 19]
[54, 55]
[128, 67]
[195, 11]
[261, 262]
[202, 19]
[182, 3]
[38, 39]
[253, 156]
[224, 113]
[197, 215]
[357, 363]
[250, 72]
[122, 123]
[92, 3]
[10, 19]
[51, 267]
[62, 204]
[202, 28]
[106, 70]
[278, 3]
[86, 87]
[243, 17]
[324, 19]
[154, 11]
[101, 19]
[53, 9]
[80, 11]
[33, 301]
[305, 306]
[45, 52]
[252, 19]
[90, 91]
[110, 19]
[171, 208]
[66, 67]
[164, 197]
[211, 19]
[197, 338]
[304, 121]
[328, 104]
[180, 19]
[229, 105]
[22, 303]
[126, 3]
[136, 312]
[343, 11]
[321, 71]
[0, 15]
[279, 67]
[97, 19]
[213, 52]
[327, 19]
[357, 91]
[22, 23]
[317, 255]
[128, 11]
[157, 58]
[344, 19]
[195, 67]
[2, 3]
[192, 19]
[126, 80]
[66, 21]
[40, 231]
[114, 105]
[348, 308]
[19, 91]
[233, 3]
[269, 325]
[229, 15]
[223, 15]
[37, 1]
[141, 142]
[361, 58]
[55, 15]
[311, 312]
[234, 37]
[232, 19]
[66, 3]
[86, 191]
[329, 91]
[40, 137]
[115, 87]
[299, 300]
[218, 175]
[154, 28]
[169, 170]
[171, 42]
[148, 149]
[177, 78]
[64, 256]
[164, 165]
[66, 11]
[88, 19]
[144, 105]
[83, 84]
[14, 91]
[97, 3]
[265, 19]
[101, 21]
[258, 339, 89, 21]
[8, 21]
[249, 3]
[63, 64]
[182, 11]
[183, 171]
[92, 19]
[98, 55]
[347, 144]
[249, 11]
[135, 19]
[95, 80]
[181, 163]
[166, 52]
[309, 310]
[264, 91]
[155, 15]
[223, 70]
[45, 46]
[180, 21]
[269, 288]
[115, 116]
[217, 17]
[234, 183]
[332, 333]
[214, 33]
[114, 15]
[259, 117]
[304, 76]
[240, 11]
[33, 59]
[101, 11]
[146, 55]
[103, 104]
[132, 11]
[207, 19]
[62, 147]
[163, 105]
[331, 19]
[10, 11]
[204, 205]
[223, 91]
[290, 123]
[48, 19]
[284, 285]
[64, 142]
[43, 44]
[56, 15]
[132, 263]
[119, 120]
[71, 274]
[32, 65]
[96, 19]
[136, 1]
[25, 26]
[148, 91]
[136, 294]
[123, 62]
[0, 1]
[235, 120]
[17, 294]
[180, 11]
[171, 236]
[237, 3]
[171, 369]
[109, 13]
[112, 113]
[86, 13]
[322, 323]
[295, 38]
[182, 67]
[282, 144]
[245, 195]
[134, 67]
[18, 19]
[185, 3]
[158, 80]
[136, 44]
[220, 210]
[127, 19]
[53, 3]
[244, 52]
[257, 11]
[30, 31]
[28, 315]
[171, 72]
[59, 70]
[167, 168]
[272, 202]
[186, 61]
[20, 21]
[334, 149]
[54, 91]
[221, 129]
[81, 3]
[101, 67]
[166, 221]
[157, 17]
[8, 3]
[232, 11]
[172, 123]
[108, 52]
[182, 21]
[12, 175]
[2, 19]
[10, 67]
[237, 11]
[309, 318]
[33, 34, 287]
[154, 203]
[185, 19]
[12, 52]
[169, 241]
[14, 70]
[313, 19]
[307, 308]
[20, 67]
[207, 28]
[102, 19]
[183, 150, 40]
[224, 30]
[37, 40]
[200, 19]
[57, 61]
[66, 19]
[75, 76]
[118, 11]
[182, 19]
[8, 9]
[97, 67]
[223, 105]
[249, 19]
[9, 21]
[59, 287]
[214, 287]
[279, 91]
[59, 99]
[351, 19]
[48, 3]
[216, 19]
[60, 61]
[30, 172]
[178, 3]
[198, 19]
[19, 15]
[32, 11]
[155, 156]
[55, 106]
[340, 262]
[195, 80]
[209, 210]
[228, 3]
[293, 99]
[47, 67]
[358, 288]
[259, 142]
[261, 314]
[273, 123]
[97, 21]
[79, 80]
[197, 38]
[229, 91]
[82, 28]
[125, 9]
[14, 73]
[38, 286]
[19, 24]
[81, 9]
[233, 19]
[138, 64]
[61, 24]
[145, 91]
[147, 13]
[123, 58]
[68, 69]
[74, 19]
[289, 210]
[176, 24]
[20, 11]
[19, 179]
[110, 9]
[337, 163]
[185, 21]
[12, 113]
[124, 116]
[48, 21]
[342, 11]
[234, 71]
[198, 28]
[2, 21]
[60, 175]
[163, 70]
[260, 113]
[12, 13]
[264, 55]
[129, 52]
[316, 65]
[154, 3]
[329, 24]
[242, 19]
[100, 19]
[63, 364]
[214, 70]
[185, 11]
[320, 149]
[162, 19]
[226, 227]
[93, 94]
[113, 205]
[146, 91]
[258, 143, 144]
[47, 11]
[249, 203]
[74, 28]
[169, 346]
[1, 70]
[367, 368]
[2, 11]
[77, 78]
[238, 99]
[145, 345]
[85, 11]
[41, 365]
[335, 336]
[355, 17]
[200, 11]
[273, 251]
[183, 71]
[102, 11]
[228, 19]
[180, 67]
[82, 19]
[155, 255]
[19, 187]
[287, 70]
[135, 28]
[101, 3]
[16, 17]
[33, 291]
[249, 105]
[194, 11]
[57, 58]
[71, 72]
[253, 40]
[136, 356]
[22, 230]
[279, 19]
[118, 19]
[183, 40]
[106, 287]
[278, 9]
[349, 19]
[75, 121]
[134, 91]
[62, 12]
[125, 3]
[204, 166]
[235, 308]
[110, 3]
[19, 354]
[266, 171]
[174, 28]
[330, 271]
[206, 13]
[30, 350]
[147, 87]
[193, 251]
[202, 3]
[186, 13]
[27, 19]
[228, 21]
[145, 255]
[154, 19]
[107, 11]
[185, 67]
[242, 80]
[199, 19]
[161, 263]
[136, 201]
[247, 248]
[32, 187]
[17, 214]
[239, 227]
[2, 67]
[51, 52]
[27, 28]
[29, 19]
[139, 285]
[59, 33]
[280, 281]
[139, 140]
[6, 7]
[296, 64]
[265, 263]
[33, 159]
[161, 11]
[20, 19]
[233, 203]
[41, 42]
[341, 73]
[110, 11]
[352, 210]
[62, 45]
[141, 117]
[126, 19]
[135, 67]
[342, 19]
[193, 123]
[152, 153]
[92, 67]
[98, 91]
[273, 99]
[14, 15]
[97, 11]
[319, 1]
[30, 123]
[191, 116]
[125, 11]
[71, 236]
[136, 268]
[128, 19]
[114, 91]
[359, 360]
[113, 13]
[366, 67]
[362, 363]
[20, 3]
[64, 117]
[294, 15]
[111, 19]
[109, 87]
[245, 237]
[59, 105]
[180, 3]
[262, 274]
[92, 21]
[126, 9]
[4, 5]
[95, 19]
[245, 246]
[353, 202]
[189, 269]
[307, 120]
[157, 61]
[204, 277]
[270, 271]
[12, 205]
[147, 166]
[178, 203]
[109, 191]
[109, 61]
[347, 3]
[85, 19]
