0 1
2 3
4 5
6 7
8 9
10 11
12 13
14 15
16 17
18 19
20 21
13 22
23 24
25 26
27 28
29 30
31 32
33 34
35 36
37 38
29 39
40 39
41 42
22 43
44 27
45 13
46 47
48 49
50 51
52 41
33 53
54 55
56 57
4 58
59 60
58 44
61 62
63 1
64 65
59 66
67 68
61 69
70 41
33 71
44 50
12 72
73 74
75 76
77 78
79 80
81 20
82 83
77 5
33 84
85 86
68 87
0 63
88 89
20 90
91 92
77 92
93 94
95 82
55 96
97 39
98 99
12 100
101 58
102 103
104 105
106 107
108 22
109 20
8 110
77 111
44 0
108 112
113 58
114 115
116 117
118 119
120 30
13 103
121 68
122 123
70 124
98 111
55 125
63 65
31 39
126 127
6 128
129 130
33 131
120 132
133 68
38 134
135 136
137 32
138 124
18 139
116 140
70 1
141 19
142 1
142 143
144 37
145 146
52 1
129 147
102 22
57 29
88 35
58 148
102 108
88 149
44 142
150 22
151 152
142 56
5 153
38 99
154 14
155 156
33 157
33 61
59 158
92 159
0 130
107 145
56 39
33 160
67 26
161 94
67 87
96 25
148 40
162 4
50 56
81 163
12 102
151 81
33 164
58 66
33 165
50 65
133 166
98 167
88 42
136 78
32 115
168 39
52 63
52 124
81 169
147 170
77 99
119 171
83 172
5 173
174 136
58 175
176 177
178 179
57 31
180 181
8 171
119 33
182 183
162 63
15 30
4 134
184 22
119 38
119 77
6 185
0 65
127 112
136 186
176 66
131 42
27 39
33 155
37 98
187 105
188 189
129 63
190 41
167 82
116 67
25 191
5 190
33 192
193 115
91 111
194 170
195 39
92 47
0 39
98 5
196 197
184 19
83 198
121 166
18 86
37 88
37 199
186 200
33 201
8 202
70 63
64 1
