[23, 320]
[236, 5]
[236, 213]
[292, 20]
[218, 51]
[9, 104]
[8, 9]
[23, 332]
[239, 240]
[137, 49]
[263, 105]
[409, 410]
[206, 277]
[67, 107]
[226, 132]
[152, 12]
[125, 173]
[190, 70]
[210, 70]
[215, 216]
[413, 408]
[220, 23]
[48, 49]
[18, 131]
[25, 307]
[130, 131]
[152, 172]
[147, 148]
[14, 271]
[52, 194, 15]
[285, 148]
[125, 95]
[193, 32]
[12, 340]
[136, 264]
[310, 340]
[210, 15]
[38, 39]
[45, 289]
[372, 373]
[172, 346]
[105, 106]
[204, 137]
[75, 203]
[120, 225]
[149, 153]
[207, 371]
[325, 27]
[185, 186]
[4, 180]
[10, 334]
[132, 51]
[246, 279]
[330, 331]
[388, 45]
[60, 84]
[4, 213]
[69, 70]
[233, 406]
[289, 290]
[142, 143]
[211, 172]
[224, 116]
[391, 22]
[198, 199]
[308, 309]
[38, 165]
[174, 364]
[149, 168]
[323, 95]
[62, 9]
[204, 52]
[60, 205]
[192, 49]
[339, 184]
[30, 290]
[4, 236]
[389, 220]
[0, 9]
[76, 77]
[322, 249]
[212, 168]
[287, 288]
[381, 382]
[384, 299, 300]
[30, 90]
[403, 241]
[52, 237, 15]
[126, 127]
[98, 156]
[69, 15]
[94, 298]
[162, 56]
[170, 386]
[57, 212]
[190, 191]
[281, 70]
[317, 82]
[58, 148]
[281, 295]
[300, 264]
[368, 9]
[360, 361]
[54, 104]
[21, 22]
[50, 284]
[188, 189]
[233, 234]
[126, 267]
[293, 210]
[398, 399]
[235, 236]
[363, 103]
[358, 359]
[40, 377]
[10, 244]
[136, 84]
[230, 217]
[12, 13]
[40, 35]
[60, 239]
[328, 197]
[212, 291]
[198, 15]
[2, 3]
[16, 120]
[390, 12]
[16, 387]
[87, 88]
[45, 38]
[202, 7]
[152, 148]
[98, 275]
[305, 106]
[32, 55]
[160, 192]
[4, 51]
[114, 9]
[45, 326]
[285, 9]
[308, 312]
[220, 305]
[181, 182]
[107, 206]
[29, 30]
[138, 118]
[211, 56]
[23, 54]
[42, 43]
[36, 37]
[57, 149]
[198, 321]
[54, 106]
[205, 234]
[52, 53]
[100, 101]
[105, 305]
[19, 20]
[206, 290]
[249, 49]
[263, 80]
[168, 51]
[12, 80]
[137, 411]
[196, 197]
[278, 49]
[250, 251]
[335, 336]
[122, 104]
[149, 5]
[242, 243]
[207, 221]
[12, 148]
[65, 25]
[202, 203]
[55, 94]
[14, 319]
[297, 298]
[32, 33]
[264, 353]
[258, 124]
[38, 253]
[190, 156]
[16, 17]
[138, 362]
[327, 131]
[135, 121, 122]
[147, 216]
[109, 70]
[65, 66]
[302, 303]
[266, 104]
[63, 64]
[356, 203]
[73, 74]
[16, 178]
[168, 226]
[337, 41]
[272, 273]
[314, 120]
[166, 207]
[170, 171]
[38, 280]
[404, 405]
[324, 9]
[378, 379]
[400, 401]
[174, 96]
[220, 106]
[222, 192]
[122, 106]
[374, 375]
[152, 265]
[338, 70]
[32, 174]
[55, 56]
[31, 13]
[136, 292]
[3, 255]
[115, 116]
[300, 15]
[306, 241]
[135, 184]
[91, 313]
[178, 120]
[350, 203]
[283, 190]
[48, 253]
[145, 146]
[54, 95]
[57, 36]
[274, 116]
[174, 97]
[300, 367]
[239, 294]
[102, 103]
[18, 203]
[310, 311]
[208, 209]
[123, 124]
[211, 12]
[10, 11]
[91, 21]
[204, 205]
[107, 184]
[178, 179]
[254, 95]
[27, 28]
[120, 57]
[48, 165]
[112, 13]
[60, 137]
[278, 165]
[150, 101]
[152, 86]
[151, 9]
[119, 120]
[150, 148]
[23, 157]
[307, 70]
[365, 366]
[38, 234]
[6, 7]
[18, 15]
[181, 173]
[166, 167]
[147, 380]
[66, 210]
[208, 329]
[25, 26]
[292, 15]
[343, 80]
[212, 213]
[113, 169]
[342, 216]
[40, 184]
[0, 1]
[219, 345]
[200, 201]
[204, 272]
[285, 106]
[298, 104]
[135, 106]
[29, 173]
[36, 51]
[58, 9]
[66, 270]
[396, 397]
[14, 15]
[272, 184]
[145, 303]
[40, 349]
[58, 59, 155, 9]
[19, 156]
[109, 241]
[30, 268]
[394, 395]
[239, 69]
[54, 23]
[91, 385]
[136, 353]
[204, 7]
[259, 51]
[45, 30]
[357, 3]
[27, 304]
[369, 370]
[235, 16]
[407, 408]
[226, 50]
[91, 402]
[54, 305]
[338, 156]
[57, 4]
[354, 355]
[175, 176]
[96, 97]
[138, 192]
[125, 35]
[75, 7]
[246, 247]
[219, 351]
[240, 15]
[184, 106]
[85, 86]
[207, 27]
[76, 245]
[229, 79]
[12, 301]
[12, 187]
[86, 164]
[50, 51]
[4, 5]
[58, 93]
[219, 21]
[73, 113]
[347, 348]
[116, 144]
[44, 9]
[272, 182]
[135, 248]
[23, 24, 305]
[125, 349]
[412, 211]
[307, 241]
[141, 101]
[91, 383]
[107, 30]
[170, 257]
[315, 316]
[40, 41]
[110, 249]
[335, 352]
[262, 263]
[285, 80]
[240, 70]
[34, 35]
[108, 51]
[12, 393]
[230, 231]
[60, 7]
[91, 92]
[120, 279]
[125, 217]
[40, 217]
[289, 129]
[412, 96]
[30, 376]
[278, 253]
