[389, 392, 80]
[314, 120, 57, 212, 168, 226, 132, 214]
[160, 192, 49]
[29, 30, 268]
[107, 89]
[235, 16, 120]
[9, 104]
[409, 410]
[314, 120, 57, 212, 291]
[120, 57, 149]
[235, 16, 120, 57, 4, 5]
[314, 120, 57, 149, 168, 226, 132, 214, 124]
[220, 23, 54]
[54, 23, 24, 305, 106]
[119, 120, 57, 36, 37]
[178, 120, 57, 149, 168, 226, 132, 214]
[211, 172, 346]
[130, 131]
[388, 45, 289, 129]
[285, 148]
[204, 272, 318, 319]
[178, 120, 57, 149, 168]
[310, 340]
[390, 12, 46, 47]
[210, 15]
[38, 39]
[45, 289]
[16, 178, 120, 57, 212, 168]
[75, 203]
[300, 264, 353]
[207, 371]
[16, 178, 120, 57, 149, 168, 226, 50, 284]
[57, 212, 168]
[38, 261, 143]
[16, 178, 120, 57, 212, 168, 226, 132, 214, 124]
[388, 45, 326]
[23, 54, 305, 106]
[235, 16, 178, 120, 163, 195]
[78, 79]
[4, 213]
[23, 24, 305, 106]
[69, 70]
[120, 57, 4, 5]
[233, 406]
[289, 290]
[16, 120, 163, 195]
[220, 305, 106]
[224, 116]
[119, 120, 57, 212, 168]
[198, 199]
[389, 220, 23, 54, 305, 106]
[119, 120, 57, 149, 168, 226, 132]
[308, 309]
[120, 57, 212]
[314, 120, 57, 36]
[220, 23, 320]
[207, 27, 304]
[57, 212, 168, 226, 132, 214, 124]
[235, 16, 178, 120, 57, 149, 168, 226]
[29, 30, 376]
[192, 49]
[66, 210, 70]
[235, 16, 178, 120, 57, 212, 291]
[4, 236]
[389, 220]
[389, 220, 23, 24, 305, 106]
[119, 120, 57, 36]
[119, 120, 57, 149, 168]
[16, 120, 57, 149, 5]
[222, 223, 79]
[193, 32, 55, 94, 81]
[287, 288]
[119, 120, 57, 212, 168, 226, 132, 214, 124]
[381, 382]
[168, 226, 132, 214, 124]
[119, 120, 57, 212, 168, 226, 50, 51]
[162, 56]
[170, 386]
[107, 30, 90]
[178, 120, 57, 4, 5]
[317, 82]
[412, 211, 12, 80]
[368, 9]
[360, 361]
[16, 120, 57, 212, 291]
[412, 211, 12, 393]
[57, 36, 51]
[67, 107, 89]
[318, 319]
[188, 189]
[293, 210]
[120, 57, 212, 168, 226, 132, 51]
[235, 236]
[211, 12, 46, 47]
[40, 377]
[178, 120, 57, 212, 213]
[230, 217]
[314, 120, 57, 149, 5]
[60, 239]
[121, 122, 106]
[235, 16, 120, 57, 4, 236, 213]
[178, 120, 57, 212, 168, 226, 132]
[212, 291]
[16, 120, 57, 149, 168, 226]
[2, 3]
[120, 57, 4, 236, 5]
[390, 12]
[16, 178, 120, 57, 4, 236, 5]
[314, 120, 57, 212, 168, 51]
[98, 275]
[193, 32, 256]
[119, 120, 57, 4, 51]
[235, 16, 120, 57, 149, 168, 226, 132, 51]
[235, 16, 178, 120, 57, 212]
[57, 4, 213]
[120, 57, 149, 168, 226, 132, 214, 124]
[152, 12, 187]
[235, 16, 120, 57, 149, 168, 226, 50, 284]
[107, 206]
[120, 57, 4, 213]
[178, 120, 163]
[29, 30]
[42, 43]
[67, 107, 89, 90]
[205, 234]
[272, 184, 106]
[412, 96, 97]
[67, 107, 30, 376]
[119, 120, 279]
[299, 300]
[168, 51]
[161, 79]
[235, 16, 178, 120, 57, 4, 236, 5]
[250, 251]
[120, 57, 4, 236]
[207, 221]
[204, 272, 184, 106]
[204, 272, 318]
[4, 236, 5]
[16, 120, 57, 149, 168, 51]
[235, 16, 178, 120, 57, 212, 168, 226, 132]
[388, 45, 30, 90]
[297, 298]
[235, 16, 178, 120, 57, 4, 236, 213]
[67, 68]
[235, 16, 120, 57, 36, 37]
[235, 16, 178, 120, 57, 149]
[235, 16, 120, 57, 212, 168, 226]
[83, 84]
[178, 120, 57, 36]
[23, 54, 95]
[113, 128, 129]
[135, 184, 106]
[147, 216]
[178, 120, 57, 212, 168, 226, 132, 214]
[65, 66]
[389, 220, 23, 320]
[389, 392]
[235, 236, 213]
[16, 178]
[235, 16, 120, 57, 4, 213]
[119, 120, 57, 149, 168, 226, 132, 51]
[119, 120, 163, 195, 51]
[324, 9]
[235, 16, 178, 120, 57, 212, 168]
[57, 212, 168, 226]
[119, 120, 57, 36, 51]
[65, 66, 270]
[111, 79]
[207, 27, 28]
[55, 56]
[31, 13]
[136, 292]
[178, 120, 57, 149, 168, 226, 132, 214, 124]
[115, 116]
[300, 15]
[135, 121, 122, 104]
[24, 305, 106]
[59, 155, 9]
[67, 107, 30, 268]
[94, 81, 82]
[235, 16, 120, 57, 149, 153]
[235, 16, 120, 57, 4, 236]
[91, 313]
[193, 32, 55, 94, 298, 104]
[235, 16, 178, 120, 163]
[48, 253]
[54, 95]
[314, 120, 225]
[274, 116]
[178, 120, 163, 195, 51]
[120, 57, 149, 168, 226, 132]
[239, 294]
[0, 9, 104]
[208, 209]
[60, 239, 240, 15]
[119, 120, 57, 149, 168, 226, 50, 284]
[76, 232, 227, 228]
[119, 120, 57, 212, 213]
[91, 21]
[204, 205]
[57, 4, 236, 5]
[178, 179]
[235, 16, 120, 57, 212, 168, 226, 50]
[60, 205, 234]
[48, 165]
[112, 13]
[214, 124]
[151, 9]
[16, 120, 57, 4, 236, 5]
[181, 173]
[239, 240, 15]
[325, 27, 304]
[166, 167]
[389, 220, 23, 54]
[25, 26]
[52, 237]
[16, 178, 120, 57, 149, 168, 226, 132]
[16, 178, 120, 57, 212, 291]
[235, 16, 178, 120, 57, 149, 5]
[45, 38, 39]
[0, 1]
[16, 178, 120, 57, 212, 168, 226]
[57, 212, 291]
[219, 345]
[212, 168, 51]
[392, 80]
[16, 120, 57, 149, 168]
[235, 16, 178, 120, 57, 4, 5]
[272, 318, 319]
[136, 292, 20]
[60, 137, 411]
[66, 282]
[396, 397]
[178, 120, 57, 4, 180]
[262, 263, 105, 305, 106]
[58, 59, 155, 9]
[178, 120, 57, 4]
[57, 4, 236, 213]
[152, 12, 340]
[178, 120, 57, 212, 168]
[239, 69]
[178, 120, 57, 149, 5]
[259, 51]
[45, 30]
[357, 3]
[27, 304]
[204, 52, 194]
[235, 16]
[407, 408]
[16, 178, 120, 57, 36, 37]
[226, 50]
[91, 402]
[314, 120, 57, 212, 168]
[338, 156]
[138, 192]
[212, 168, 226, 132, 214, 124]
[314, 120, 57, 4]
[75, 7]
[67, 107, 184, 106]
[235, 16, 178, 120, 57, 4, 180]
[207, 27]
[12, 187]
[110, 249, 49]
[16, 120, 57, 212, 168]
[65, 25, 307]
[16, 120, 57, 212, 168, 226]
[16, 120, 57, 149, 168, 226, 132, 51]
[212, 168, 226, 132]
[219, 21]
[116, 144]
[384, 299, 300, 264]
[23, 24, 305]
[204, 272, 182]
[170, 257]
[226, 132, 214]
[235, 16, 120, 57, 212, 168, 226, 132, 214, 124]
[40, 41]
[110, 249]
[120, 57, 4, 236, 213]
[166, 207, 27, 28]
[193, 32, 256, 341]
[16, 120, 57, 4, 51]
[32, 55, 94]
[152, 12, 148]
[235, 16, 120, 57, 36]
[135, 121, 122, 106]
[211, 12, 393]
[339, 184, 106]
[314, 120, 57, 212, 168, 226]
[230, 231]
[120, 279]
[412, 96]
[119, 120, 163]
[235, 16, 178, 120, 279]
[314, 120, 57, 149, 168]
[120, 57, 212, 168, 226, 50]
[152, 172, 346]
[235, 16, 178, 120, 57, 4, 51]
[236, 213]
[8, 9]
[23, 332]
[16, 178, 120, 57, 4, 236]
[119, 120, 57, 212, 168, 226, 132, 214]
[193, 32, 55, 94, 81, 82]
[206, 277]
[262, 263, 105]
[16, 178, 120, 57, 4, 51]
[235, 16, 178, 120, 57, 212, 213]
[152, 12]
[125, 173]
[262, 263, 105, 106]
[412, 211, 56]
[32, 55, 56]
[16, 120, 57]
[210, 70]
[211, 12, 46]
[215, 216]
[204, 272, 184]
[48, 49]
[152, 172]
[147, 148]
[14, 271]
[52, 194, 15]
[125, 95]
[193, 32, 174, 96]
[114, 9, 104]
[16, 178, 120, 57, 4, 213]
[12, 340]
[54, 23, 332]
[136, 264]
[235, 16, 120, 57, 149]
[119, 120, 57, 149, 168, 226, 50, 51]
[372, 373]
[172, 346]
[105, 106]
[119, 120, 57, 4]
[235, 16, 178, 120, 57, 212, 168, 226, 50, 284]
[325, 27]
[178, 120, 57]
[193, 32, 55, 94, 298]
[94, 298, 104]
[193, 32, 174, 97]
[120, 57, 4, 180]
[120, 57, 212, 213]
[142, 143]
[412, 211, 172]
[211, 172]
[235, 16, 178, 120, 57, 36, 37]
[314, 120, 57, 4, 236, 5]
[38, 165]
[174, 364]
[16, 120, 57, 212, 168, 226, 50]
[16, 178, 120, 57, 4, 236, 213]
[32, 174, 96, 97]
[178, 120, 57, 149, 168, 51]
[149, 168]
[73, 113, 128]
[65, 66, 282, 270]
[16, 178, 120, 57, 149, 168, 51]
[193, 32, 55, 56]
[314, 120, 57, 149, 168, 226, 132, 51]
[339, 184]
[16, 120, 57, 212, 168, 226, 132, 51]
[30, 290]
[76, 77]
[322, 249]
[45, 38, 261]
[58, 59, 155, 9, 104]
[45, 30, 290]
[119, 120, 57]
[194, 15]
[115, 116, 144]
[384, 299, 300]
[30, 90]
[16, 178, 120, 57, 149]
[59, 155]
[126, 127]
[159, 79]
[69, 15]
[107, 89, 90]
[314, 120, 57, 212, 168, 226, 132, 51]
[272, 318]
[300, 264]
[314, 120, 57, 4, 180]
[16, 178, 120, 57, 36, 51]
[54, 23, 157]
[285, 9, 104]
[412, 211, 12]
[233, 234]
[32, 55, 94, 81]
[67, 107, 206]
[178, 120, 57, 149]
[204, 272, 273]
[45, 30, 90]
[138, 260]
[32, 55, 94, 298, 104]
[16, 120, 57, 212, 168, 51]
[12, 13]
[325, 27, 28]
[235, 16, 178, 120, 57, 149, 168, 226, 132, 51]
[328, 197]
[16, 178, 120, 57, 212]
[198, 15]
[168, 226, 50, 284]
[120, 57, 149, 168, 226, 50]
[60, 137, 49]
[262, 263, 105, 305]
[45, 38]
[193, 32, 55]
[32, 55]
[314, 120, 57, 212, 213]
[4, 51]
[45, 326]
[285, 9]
[220, 23, 24, 305]
[308, 312]
[181, 182]
[178, 120, 57, 149, 168, 226, 132, 51]
[16, 120, 57, 212, 213]
[235, 16, 120, 57, 212, 168, 226, 132]
[23, 54]
[252, 165]
[390, 12, 13]
[36, 37]
[107, 206, 290]
[388, 45, 38, 261, 143]
[198, 321]
[412, 211, 172, 346]
[52, 53]
[105, 305]
[178, 120, 57, 212]
[204, 137, 49]
[4, 236, 213]
[412, 211, 12, 46]
[60, 239, 294]
[278, 49]
[335, 336]
[12, 148]
[138, 260, 118]
[183, 139, 140]
[193, 32, 33]
[32, 33]
[389, 220, 23]
[239, 83]
[388, 45, 38, 234]
[149, 168, 226, 132, 51]
[166, 207, 371]
[38, 253]
[16, 17]
[16, 120, 57, 149]
[314, 120, 57, 4, 5]
[299, 300, 15]
[109, 70]
[119, 120, 57, 149, 168, 226, 132, 214]
[322, 286]
[222, 192, 49]
[183, 139]
[29, 30, 90]
[356, 203]
[65, 25, 307, 70]
[168, 226]
[54, 23, 24]
[119, 120, 57, 4, 236, 5]
[119, 120, 57, 212]
[272, 273]
[314, 120]
[178, 120, 57, 4, 213]
[299, 300, 367]
[166, 207]
[170, 171]
[81, 82]
[57, 4, 236]
[235, 16, 178, 120, 57, 4]
[122, 106]
[67, 68, 269]
[195, 51]
[374, 375]
[152, 265]
[338, 70]
[16, 178, 120, 57]
[306, 241]
[235, 16, 120, 57, 212, 168, 226, 50, 284]
[178, 120, 57, 4, 236]
[283, 190, 154, 131]
[350, 203]
[226, 132, 51]
[283, 190]
[16, 178, 120, 57, 212, 168, 226, 132]
[145, 146]
[286, 79]
[67, 107, 30, 290]
[120, 57, 212, 168, 226]
[57, 212, 168, 226, 50, 284]
[119, 120, 57, 149]
[120, 57, 212, 168]
[120, 57, 149, 168, 226]
[160, 161, 79]
[76, 232, 227]
[120, 57, 212, 168, 226, 50, 284]
[60, 239, 240, 70]
[57, 149, 168, 226]
[388, 45, 38, 253]
[16, 178, 179]
[27, 28]
[60, 239, 344]
[322, 249, 49]
[23, 157]
[168, 226, 132, 214]
[365, 366]
[6, 7]
[204, 52, 237]
[65, 66, 210, 70]
[147, 380]
[66, 210]
[292, 15]
[343, 80]
[256, 341]
[324, 9, 104]
[120, 57, 149, 5]
[342, 216]
[154, 131]
[178, 120, 57, 212, 168, 226, 132, 51]
[67, 107, 184]
[235, 16, 178, 120, 57, 149, 168, 226, 132, 214, 124]
[204, 272]
[285, 106]
[314, 120, 163, 195]
[149, 168, 226, 132, 214]
[155, 9]
[57, 149, 168]
[235, 16, 120, 225]
[262, 263, 80]
[29, 173]
[36, 51]
[16, 178, 120, 57, 149, 168]
[119, 120, 57, 212, 291]
[212, 168, 226, 132, 51]
[55, 94, 81]
[384, 299, 300, 264, 353]
[272, 184]
[120, 57, 149, 153]
[314, 120, 57, 212, 168, 226, 132]
[16, 120, 57, 36]
[59, 155, 9, 104]
[57, 212, 168, 226, 132]
[178, 120, 57, 212, 168, 226, 50, 51]
[54, 23]
[235, 16, 120, 57, 36, 51]
[98, 99, 275]
[235, 16, 120, 57, 4, 236, 5]
[136, 353]
[16, 178, 120, 57, 212, 168, 226, 50]
[57, 149, 168, 226, 132, 214, 124]
[389, 220, 23, 54, 104]
[16, 120, 57, 4, 236, 213]
[65, 25, 307, 241]
[354, 355]
[96, 97]
[212, 168, 226, 132, 214]
[125, 35]
[16, 120, 57, 212]
[246, 247]
[60, 239, 69]
[314, 120, 57, 4, 236, 213]
[223, 79]
[166, 207, 221]
[390, 12, 187]
[76, 245]
[12, 301]
[86, 164]
[4, 5]
[235, 16, 178, 179]
[16, 120, 57, 36, 51]
[239, 344]
[384, 299, 300, 15]
[73, 113]
[347, 348]
[272, 182]
[135, 248]
[239, 69, 15]
[125, 349]
[160, 161]
[307, 241]
[113, 78, 79]
[141, 101]
[178, 120, 279]
[112, 333, 346]
[262, 263]
[285, 80]
[240, 70]
[235, 16, 120, 57, 212]
[128, 129]
[163, 195, 51]
[60, 252, 165]
[16, 120, 57, 149, 168, 226, 50]
[45, 289, 129]
[16, 120, 57, 4]
[212, 168, 226]
[235, 16, 120, 57, 149, 168, 226]
[388, 45, 38, 165]
[16, 178, 120, 163, 195, 51]
[125, 217]
[289, 129]
[292, 20]
[120, 57, 212, 291]
[16, 178, 120, 57, 149, 168, 226, 50]
[212, 168, 226, 50]
[235, 16, 178, 120, 57]
[239, 240]
[137, 49]
[67, 107]
[211, 12, 340]
[226, 132]
[135, 121]
[235, 16, 178, 120, 57, 4, 236]
[57, 149, 5]
[119, 120, 57, 149, 153]
[16, 120, 57, 149, 168, 226, 50, 51]
[190, 70]
[119, 120, 225]
[413, 408]
[16, 178, 120, 57, 212, 168, 226, 132, 51]
[18, 131]
[25, 307]
[314, 120, 57, 4, 213]
[94, 81]
[117, 118]
[16, 178, 120, 279]
[58, 9, 104]
[138, 117]
[45, 30, 268]
[119, 120, 57, 4, 180]
[235, 16, 120, 163, 195, 51]
[89, 90]
[263, 105, 106]
[46, 47]
[120, 225]
[185, 186]
[16, 178, 120, 163, 195]
[235, 16, 178, 120, 57, 4, 213]
[314, 120, 57, 4, 236]
[132, 51]
[235, 16, 178]
[60, 239, 69, 15]
[235, 16, 178, 120, 57, 212, 168, 226, 132, 214, 124]
[57, 212, 168, 226, 132, 214]
[178, 120, 57, 212, 168, 51]
[314, 120, 57, 36, 51]
[120, 57, 149, 168, 51]
[388, 45]
[235, 16, 120, 57, 149, 168, 226, 132, 214]
[32, 256]
[227, 228]
[314, 120, 57]
[16, 178, 120, 57, 212, 168, 226, 50, 284]
[65, 25, 26]
[235, 16, 178, 120, 57, 212, 168, 226, 50, 51]
[119, 120, 57, 212, 168, 226, 50, 284]
[32, 174, 96]
[55, 94, 298]
[62, 9]
[220, 23, 332]
[232, 227, 228]
[57, 149, 153]
[204, 52]
[60, 205]
[120, 57, 149, 168, 226, 132, 214]
[67, 107, 30]
[389, 220, 23, 54, 106]
[235, 16, 120, 57, 212, 213]
[16, 178, 120, 57, 149, 153]
[226, 132, 214, 124]
[58, 59]
[403, 241]
[98, 156]
[32, 174, 97]
[314, 120, 57, 149]
[16, 178, 120, 57, 212, 168, 226, 50, 51]
[120, 57, 149, 168, 226, 50, 51]
[178, 120, 57, 212, 168, 226, 50, 284]
[190, 191]
[16, 178, 120]
[314, 120, 57, 212, 168, 226, 132, 214, 124]
[58, 148]
[73, 113, 78]
[133, 134]
[119, 120, 57, 4, 5]
[60, 239, 83]
[54, 104]
[73, 113, 128, 129]
[235, 16, 120, 57, 149, 168]
[21, 22]
[412, 211, 12, 187]
[50, 284]
[98, 99]
[363, 103]
[389, 220, 23, 54, 305]
[16, 178, 120, 57, 212, 168, 51]
[178, 120, 57, 4, 236, 213]
[358, 359]
[136, 84]
[166, 207, 27, 304]
[193, 32, 55, 94]
[220, 23, 24]
[390, 12, 340]
[57, 4, 51]
[16, 120]
[16, 387]
[87, 88]
[152, 12, 46]
[202, 7]
[388, 45, 38, 280]
[133, 134, 238]
[16, 178, 120, 57, 4, 180]
[152, 148]
[235, 16, 120, 57, 4]
[314, 120, 57, 149, 168, 226, 132]
[16, 120, 225]
[305, 106]
[114, 9]
[314, 120, 57, 212]
[178, 120, 57, 4, 51]
[220, 305]
[384, 299]
[235, 16, 120, 57, 149, 5]
[152, 12, 393]
[138, 118]
[219, 21, 22]
[211, 12, 148]
[152, 86, 164]
[54, 106]
[67, 107, 206, 290]
[206, 290]
[412, 211, 12, 46, 47]
[57, 149, 168, 51]
[235, 16, 120, 57, 149, 168, 226, 132, 214, 124]
[57, 149, 168, 226, 132, 214]
[12, 80]
[136, 292, 15]
[196, 197]
[204, 205, 234]
[122, 104]
[149, 5]
[242, 243]
[149, 168, 226, 50]
[119, 120, 57, 212, 168, 226, 50]
[178, 120, 57, 212, 168, 226, 132, 214, 124]
[390, 12, 148]
[178, 120, 57, 149, 168, 226, 50, 51]
[16, 178, 120, 57, 4]
[16, 178, 120, 163]
[14, 319]
[119, 120, 57, 212, 168, 51]
[274, 116, 144]
[282, 270]
[264, 353]
[258, 124]
[390, 12, 80]
[220, 23, 157]
[149, 168, 226]
[327, 131]
[12, 46]
[389, 220, 23, 332]
[152, 12, 80]
[266, 104]
[63, 64]
[73, 74]
[384, 299, 300, 367]
[337, 41]
[297, 298, 104]
[120, 57, 212, 168, 226, 132, 214]
[378, 379]
[204, 52, 194, 15]
[65, 66, 282]
[174, 96]
[220, 106]
[226, 50, 51]
[389, 220, 305]
[16, 120, 57, 36, 37]
[119, 120, 57, 149, 168, 226, 132, 214, 124]
[135, 184]
[107, 30, 290]
[178, 120]
[260, 118]
[85, 86, 164]
[178, 120, 57, 36, 51]
[16, 120, 57, 149, 153]
[149, 168, 226, 132]
[174, 97]
[12, 46, 47]
[102, 103]
[119, 120, 57, 149, 5]
[119, 120, 57, 149, 168, 226, 50]
[57, 4, 180]
[123, 124]
[237, 15]
[10, 11]
[220, 23, 24, 305, 106]
[254, 95]
[60, 137]
[62, 9, 104]
[278, 165]
[119, 120]
[110, 111, 79]
[119, 120, 57, 149, 168, 226]
[38, 234]
[18, 15]
[208, 329]
[158, 159]
[212, 213]
[235, 16, 120, 163]
[119, 120, 57, 212, 168, 226]
[113, 169]
[220, 23, 54, 305, 106]
[65, 66, 210, 15]
[293, 210, 15]
[16, 178, 120, 57, 149, 168, 226, 132, 214, 124]
[24, 305]
[235, 16, 120, 57, 212, 168]
[322, 286, 79]
[73, 113, 169]
[54, 23, 24, 305]
[314, 120, 57, 36, 37]
[177, 71, 72]
[235, 16, 178, 120, 57, 36, 51]
[45, 289, 290]
[174, 96, 97]
[388, 45, 30, 290]
[23, 24]
[66, 270]
[57, 149, 168, 226, 132, 51]
[145, 303]
[40, 349]
[109, 241]
[394, 395]
[16, 120, 57, 4, 213]
[107, 206, 277]
[149, 168, 51]
[211, 12, 80]
[235, 16, 178, 120, 57, 149, 168, 226, 132, 214]
[235, 16, 178, 120, 57, 149, 153]
[235, 16, 178, 120, 57, 212, 168, 226, 132, 214]
[299, 300, 264, 353]
[32, 174, 364]
[107, 184, 106]
[158, 159, 79]
[389, 220, 23, 24]
[120, 57, 212, 168, 226, 132, 214, 124]
[120, 57, 36, 37]
[175, 176]
[120, 57, 149, 168, 226, 50, 284]
[16, 120, 57, 4, 236]
[112, 333]
[235, 16, 178, 120, 57, 149, 168, 226, 50]
[219, 351]
[240, 15]
[85, 86]
[178, 120, 57, 149, 153]
[45, 30, 376]
[45, 38, 280]
[16, 178, 120, 57, 149, 168, 226, 50, 51]
[229, 79]
[50, 51]
[390, 12, 301]
[16, 120, 57, 149, 168, 226, 132]
[57, 149, 168, 226, 50, 284]
[121, 122]
[193, 32, 174]
[314, 120, 163, 195, 51]
[119, 120, 57, 212, 168, 226, 132]
[315, 316]
[61, 276]
[224, 116, 144]
[389, 220, 23, 157]
[44, 9, 104]
[263, 105, 305]
[335, 352]
[357, 3, 255]
[108, 51]
[211, 12, 187]
[222, 223]
[120, 57, 149, 168, 226, 132, 51]
[12, 393]
[239, 69, 70]
[60, 7]
[40, 217]
[278, 253]
[23, 320]
[45, 38, 165]
[236, 5]
[16, 120, 57, 149, 168, 226, 132, 214, 124]
[178, 120, 57, 212, 168, 226]
[178, 120, 57, 149, 168, 226]
[218, 51]
[132, 214]
[314, 120, 57, 4, 51]
[263, 105]
[16, 120, 57, 149, 168, 226, 50, 284]
[67, 107, 206, 277]
[388, 45, 30, 376]
[120, 163, 195]
[8, 9, 104]
[99, 275]
[25, 307, 241]
[60, 239, 344, 84]
[16, 120, 57, 4, 5]
[60, 252]
[91, 21, 22]
[220, 23]
[344, 84]
[16, 120, 57, 212, 168, 226, 50, 51]
[168, 226, 50, 51]
[16, 120, 57, 212, 168, 226, 132]
[16, 120, 163, 195, 51]
[138, 192, 49]
[60, 61]
[368, 9, 104]
[193, 32]
[239, 344, 84]
[54, 23, 320]
[390, 12, 46]
[40, 184, 106]
[204, 137]
[388, 45, 30]
[149, 153]
[55, 94, 298, 104]
[178, 120, 57, 212, 168, 226, 50]
[2, 3, 255]
[4, 180]
[10, 334]
[190, 154]
[246, 279]
[330, 331]
[66, 210, 15]
[235, 16, 120, 57, 212, 168, 51]
[60, 84]
[67, 107, 30, 90]
[235, 16, 120, 279]
[235, 16, 178, 120, 57, 212, 168, 226, 132, 51]
[113, 128]
[235, 16, 178, 120, 57, 149, 168]
[16, 178, 120, 57, 4, 5]
[73, 113, 78, 79]
[391, 22]
[235, 16, 120, 163, 195]
[60, 239, 69, 70]
[155, 9, 104]
[168, 226, 132, 51]
[23, 54, 305]
[235, 16, 120, 57, 212, 168, 226, 50, 51]
[323, 95]
[166, 207, 27]
[25, 307, 70]
[235, 16, 178, 120, 57, 149, 168, 226, 132]
[120, 57, 4, 51]
[314, 120, 57, 149, 153]
[389, 220, 23, 54, 95]
[58, 59, 155]
[0, 9]
[212, 168]
[120, 57, 36]
[120, 57, 149, 168]
[235, 16, 178, 120, 57, 212, 168, 226, 50]
[333, 346]
[212, 168, 226, 50, 284]
[388, 45, 30, 268]
[38, 261]
[52, 237, 15]
[178, 120, 163, 195]
[235, 16, 178, 120, 57, 149, 168, 226, 50, 51]
[235, 16, 178, 120, 57, 149, 168, 226, 50, 284]
[283, 190, 191]
[94, 298]
[220, 23, 54, 305]
[314, 120, 279]
[412, 211, 12, 13]
[57, 212]
[281, 70]
[281, 295]
[389, 220, 106]
[235, 16, 120, 57, 212, 291]
[388, 45, 289, 290]
[57, 149, 168, 226, 50]
[389, 220, 23, 24, 305]
[204, 137, 411]
[119, 120, 57, 4, 236, 213]
[126, 267]
[398, 399]
[412, 211, 12, 301]
[60, 296]
[120, 163, 195, 51]
[110, 111]
[10, 244]
[120, 163]
[57, 212, 168, 226, 50, 51]
[178, 120, 57, 149, 168, 226, 50]
[178, 120, 225]
[40, 35]
[57, 149, 168, 226, 132]
[235, 16, 178, 120, 163, 195, 51]
[204, 52, 237, 15]
[136, 264, 353]
[388, 45, 289]
[149, 168, 226, 50, 284]
[160, 192]
[235, 16, 120, 57, 149, 168, 226, 50]
[57, 212, 168, 51]
[235, 16, 178, 120, 225]
[211, 56]
[283, 190, 70]
[314, 120, 57, 149, 168, 51]
[168, 226, 132]
[29, 30, 290]
[32, 55, 94, 81, 82]
[152, 12, 301]
[57, 149]
[113, 78]
[120, 57, 212, 168, 226, 132]
[220, 23, 54, 95]
[314, 120, 57, 212, 168, 226, 50, 284]
[100, 101]
[19, 20]
[299, 300, 264]
[235, 16, 120, 57, 4, 51]
[249, 49]
[263, 80]
[138, 117, 118]
[137, 411]
[45, 38, 253]
[314, 120, 57, 149, 168, 226, 50]
[314, 120, 57, 149, 168, 226]
[65, 25]
[202, 203]
[178, 120, 57, 212, 291]
[55, 94]
[120, 57, 36, 51]
[235, 16, 17]
[16, 178, 120, 57, 36]
[151, 9, 104]
[190, 156]
[119, 120, 163, 195]
[138, 362]
[314, 120, 57, 149, 168, 226, 132, 214]
[135, 121, 122]
[71, 72]
[212, 168, 226, 50, 51]
[45, 38, 234]
[120, 57, 4]
[57, 212, 168, 226, 132, 51]
[302, 303]
[296, 253]
[16, 178, 120, 57, 149, 168, 226]
[132, 214, 124]
[16, 120, 163]
[178, 120, 57, 149, 168, 226, 50, 284]
[32, 55, 94, 298]
[152, 12, 13]
[163, 195]
[235, 16, 178, 120, 57, 212, 168, 51]
[105, 305, 106]
[235, 16, 178, 120, 57, 149, 168, 51]
[38, 280]
[404, 405]
[220, 23, 54, 106]
[400, 401]
[222, 192]
[389, 220, 305, 106]
[314, 120, 57, 149, 168, 226, 50, 51]
[32, 174]
[232, 227]
[3, 255]
[149, 168, 226, 50, 51]
[16, 178, 120, 57, 212, 213]
[54, 305, 106]
[16, 120, 57, 4, 180]
[23, 54, 106]
[119, 120, 57, 149, 168, 51]
[388, 45, 38]
[57, 36]
[57, 212, 213]
[300, 367]
[16, 178, 120, 57, 212, 168, 226, 132, 214]
[18, 203]
[310, 311]
[120, 57, 212, 168, 226, 50, 51]
[211, 12]
[45, 38, 261, 143]
[107, 184]
[220, 23, 54, 104]
[239, 83, 84]
[32, 256, 341]
[57, 4, 5]
[120, 57]
[150, 101]
[152, 86]
[239, 240, 70]
[150, 148]
[235, 16, 120, 57, 4, 180]
[307, 70]
[139, 140]
[121, 122, 104]
[119, 120, 57, 212, 168, 226, 132, 51]
[314, 120, 57, 212, 168, 226, 50, 51]
[16, 178, 120, 225]
[293, 210, 70]
[40, 184]
[178, 120, 57, 149, 168, 226, 132]
[235, 16, 178, 120, 57, 36]
[55, 94, 81, 82]
[200, 201]
[149, 168, 226, 132, 214, 124]
[298, 104]
[135, 106]
[16, 178, 120, 57, 149, 5]
[23, 54, 104]
[68, 269]
[58, 9]
[16, 178, 120, 57, 149, 168, 226, 132, 51]
[16, 120, 57, 212, 168, 226, 132, 214, 124]
[204, 52, 53]
[119, 120, 57, 4, 236]
[283, 190, 154]
[14, 15]
[235, 16, 178, 120, 57, 212, 168, 226]
[263, 105, 305, 106]
[152, 12, 46, 47]
[16, 120, 57, 212, 168, 226, 132, 214]
[16, 120, 57, 149, 168, 226, 132, 214]
[314, 120, 57, 149, 168, 226, 50, 284]
[19, 156]
[16, 120, 57, 212, 168, 226, 50, 284]
[30, 268]
[60, 239, 240]
[314, 120, 163]
[235, 16, 120, 57, 149, 168, 226, 50, 51]
[91, 385]
[52, 194]
[204, 7]
[57, 149, 168, 226, 50, 51]
[369, 370]
[119, 120, 57, 4, 213]
[314, 120, 57, 212, 168, 226, 50]
[412, 211, 12, 340]
[134, 238]
[54, 305]
[57, 4]
[211, 12, 13]
[65, 66, 210]
[193, 32, 174, 96, 97]
[177, 71]
[16, 178, 120, 57, 149, 168, 226, 132, 214]
[190, 154, 131]
[184, 106]
[390, 12, 393]
[107, 30, 376]
[120, 57, 212, 168, 51]
[168, 226, 50]
[58, 93]
[283, 190, 156]
[193, 32, 174, 364]
[388, 45, 38, 261]
[66, 282, 270]
[388, 45, 38, 39]
[44, 9]
[235, 16, 120, 57, 149, 168, 226, 132]
[235, 236, 5]
[412, 211]
[57, 36, 37]
[178, 120, 57, 4, 236, 5]
[60, 239, 83, 84]
[60, 296, 253]
[91, 383]
[107, 30]
[235, 16, 387]
[57, 212, 168, 226, 50]
[226, 50, 284]
[211, 12, 301]
[34, 35]
[107, 30, 268]
[261, 143]
[235, 16, 120, 57, 149, 168, 51]
[235, 16, 120, 57, 212, 168, 226, 132, 51]
[76, 232]
[178, 120, 57, 36, 37]
[235, 16, 120, 57, 212, 168, 226, 132, 214]
[235, 16, 178, 120]
[16, 120, 279]
[91, 92]
[235, 16, 120, 57]
[412, 211, 12, 148]
[30, 376]
[60, 61, 276]
