[117, 156, 185]
[154, 155, 76]
[43, 102]
[302, 117, 56, 4, 171]
[117, 56, 202, 161, 218, 49]
[193, 51, 229]
[172, 173]
[140, 161, 218, 125, 205]
[153, 76]
[14, 169, 117, 56, 202, 161, 218, 125, 205]
[201, 10]
[193, 25, 173]
[54, 55]
[169, 117, 56]
[53, 21, 22]
[14, 117, 56, 202]
[302, 117, 56, 4, 50]
[277, 124]
[140, 161, 218]
[66, 105, 30]
[145, 57]
[169, 117, 56, 140, 161, 218, 125, 205]
[202, 161, 218, 125]
[299, 294, 69]
[166, 24]
[376, 44, 38, 253, 134]
[38, 39]
[193, 194]
[302, 117, 56, 202]
[311, 27]
[105, 174]
[255, 103, 292]
[238, 24]
[70, 71]
[168, 94]
[391, 201, 165]
[302, 117, 56, 36]
[227, 14, 117, 56, 202, 161, 218, 125, 205, 121]
[159, 196, 27, 28]
[59, 149, 180, 146, 147]
[78, 79]
[138, 368]
[161, 50]
[281, 197, 13]
[289, 290]
[376, 44, 30, 87]
[149, 180, 150]
[94, 95]
[227, 14, 169, 117]
[111, 162]
[143, 10, 288]
[198, 199]
[117, 56, 4, 228, 203]
[205, 121]
[248, 327]
[314, 186]
[140, 161]
[168, 95]
[96, 97, 265]
[117, 217]
[180, 150]
[146, 147]
[227, 14, 117, 56, 140, 161, 218, 125, 205, 121]
[117, 56, 140, 144]
[227, 14, 117, 56, 202, 279]
[302, 117, 56, 36, 37]
[169, 117, 56, 4, 228, 5]
[82, 83]
[66, 67]
[117, 56, 4, 228, 5]
[286, 287, 355]
[114, 115]
[231, 232, 13]
[376, 44]
[14, 117, 269]
[227, 14, 169, 117, 56, 36, 37]
[310, 43]
[377, 212, 21, 53, 104]
[30, 259]
[36, 50]
[193, 51, 184, 13]
[169, 117, 217]
[56, 140, 161, 218]
[65, 271, 261]
[302, 117, 56, 202, 161, 218, 125]
[14, 117, 56, 4, 203]
[212, 292]
[145, 57, 58, 148]
[193, 25, 304, 305]
[360, 361]
[14, 169, 117, 56, 202, 161, 218, 49, 50]
[227, 14, 169, 117, 56, 140, 5]
[169, 117, 156, 185]
[116, 117, 56, 4, 228, 5]
[143, 83, 145, 57, 58]
[227, 14, 117, 56, 4, 50]
[14, 117, 156, 185]
[116, 117, 56, 4, 203]
[14, 169, 117, 56, 202, 279]
[143, 10, 177]
[70, 111]
[235, 236]
[302, 117, 56, 202, 161, 50]
[129, 340]
[14, 117, 56, 4, 228]
[116, 117, 56, 140, 161, 218, 49, 50]
[32, 54, 92, 285]
[56, 140, 161, 218, 125, 205]
[57, 43]
[116, 117, 56, 140, 161, 218]
[391, 201, 165, 332]
[14, 169, 117, 56, 36, 37]
[194, 226]
[218, 49, 272]
[366, 367]
[83, 145, 57, 58, 148, 43]
[2, 3]
[143, 83, 145, 57, 58, 148, 43, 102]
[372, 286, 287, 13]
[391, 201, 10]
[302, 117, 56, 4, 228, 203]
[26, 186]
[302, 117, 56, 202, 161]
[117, 56, 202, 203]
[145, 57, 58, 148, 43]
[227, 14, 169, 117, 56, 4, 171]
[70, 111, 123]
[302, 117, 56, 140, 5]
[117, 56, 140, 161, 50]
[293, 233]
[377, 212, 21, 53, 102]
[116, 117, 56, 4, 228]
[391, 201, 10, 288]
[25, 304, 305]
[227, 14, 169, 117, 56, 140, 161]
[110, 319]
[32, 248]
[201, 55]
[29, 30]
[42, 43]
[56, 4, 228, 5]
[96, 265]
[58, 148, 43]
[59, 130, 390]
[82, 83, 273]
[70, 111, 123, 124]
[64, 65, 261]
[82, 273, 104]
[227, 14, 169, 117, 56, 4]
[14, 169, 117, 56, 4, 5]
[14, 169, 117, 56, 4, 228, 203]
[56, 202, 161, 218, 49, 50]
[302, 117, 217]
[169, 170]
[227, 14, 117, 56, 202, 161, 218, 125, 50]
[285, 102]
[377, 212, 21]
[142, 43]
[14, 117, 56, 140, 161, 218, 49, 272]
[315, 235]
[148, 43]
[231, 282]
[53, 21, 318]
[66, 105, 195]
[103, 292, 104]
[377, 212, 21, 22, 292]
[227, 14, 117, 156, 185, 50]
[297, 298]
[14, 169, 117, 56, 140, 5]
[216, 113, 135]
[315, 235, 236]
[391, 201, 10, 177]
[14, 169, 117, 56, 202, 161, 218, 125, 50]
[117, 56, 140, 161]
[59, 231, 232, 13]
[89, 19]
[59, 130, 48]
[14, 169, 117, 56, 140, 161, 218, 49, 272]
[227, 14, 169, 117, 56, 4, 5]
[227, 14, 169, 117, 56, 202]
[10, 45]
[54, 92, 78, 79]
[65, 197]
[136, 290]
[302, 117, 56, 140, 161, 218, 125]
[149, 180, 146, 147]
[10, 288]
[302, 117, 156, 185]
[182, 48]
[122, 35]
[159, 196, 213]
[169, 117, 56, 202, 161, 218, 49, 50]
[187, 188]
[273, 104]
[231, 330, 81]
[14, 169, 117, 56, 140]
[59, 231, 68, 69]
[56, 140]
[40, 174, 104]
[116, 117, 217]
[376, 44, 277]
[117, 56, 36]
[116, 117, 56, 140, 161]
[193, 25, 263]
[131, 182]
[302, 117, 56, 140, 161, 218]
[103, 104]
[129, 256, 340]
[178, 179]
[0, 43, 102]
[40, 335]
[161, 218, 49, 272]
[302, 117, 56, 4, 228, 5]
[377, 212, 104]
[83, 145, 57, 43, 102]
[227, 14, 169, 117, 56, 140, 161, 218, 49, 50]
[212, 21]
[202, 161, 218, 49, 50]
[64, 65, 197]
[25, 26]
[274, 76]
[227, 14, 117, 56, 36]
[227, 14, 117, 156]
[14, 169, 117, 56, 202, 161]
[130, 390]
[210, 19, 20]
[0, 1]
[156, 185, 50]
[64, 65, 271, 261]
[283, 245]
[111, 123]
[227, 14, 117, 56, 202, 161]
[372, 286, 287, 355]
[391, 201, 10, 139]
[277, 278]
[227, 14, 169]
[329, 77]
[169, 117, 56, 202, 161]
[82, 83, 145, 57, 139]
[152, 153, 76]
[214, 215]
[82, 83, 273, 104]
[227, 14, 117, 56, 4, 228]
[54, 92]
[66, 105, 86, 87]
[82, 83, 145, 57, 58]
[14, 117, 56, 202, 161, 218, 125, 50]
[116, 117, 56, 140, 144]
[169, 117, 56, 202, 161, 218, 49]
[111, 75]
[14, 169, 117, 56, 4, 50]
[66, 67, 260]
[210, 19]
[216, 113]
[227, 14, 169, 117, 56, 202, 161, 50]
[380, 77]
[113, 135]
[65, 261]
[197, 69]
[227, 14, 117, 56, 4, 203]
[165, 332]
[231, 68, 13]
[88, 13]
[14, 169, 117, 56, 202, 161, 218, 125, 205, 121]
[201, 10, 139]
[193, 25, 174]
[82, 83, 145, 57, 58, 148]
[183, 32, 168]
[227, 14, 169, 117, 56, 202, 203]
[140, 161, 218, 125]
[386, 233]
[8, 234]
[56, 202, 161, 218, 125, 50]
[286, 287]
[70, 111, 162]
[169, 117, 56, 140, 144]
[387, 388]
[88, 313]
[116, 117, 56, 140, 161, 218, 125, 205, 121]
[161, 218, 49, 50]
[73, 224, 219, 220]
[120, 121]
[10, 177]
[116, 117, 56, 140, 161, 218, 125]
[83, 145, 57, 43]
[231, 80, 81]
[169, 117, 56, 140, 161, 218, 125]
[183, 32, 54, 92, 285, 102]
[8, 320]
[14, 169, 117, 156, 185, 50]
[218, 125]
[169, 117, 56, 140, 161, 218, 49, 50]
[38, 226]
[40, 41]
[189, 190]
[227, 14, 117, 56, 140, 161, 218, 49, 272]
[14, 117, 56, 202, 161, 218, 125]
[187, 13]
[227, 14, 117, 269]
[14, 117, 56, 140, 161, 218, 49]
[227, 14]
[14, 117, 156]
[201, 10, 45, 46]
[183, 32, 54, 55]
[227, 14, 169, 117, 56, 202, 161, 218]
[21, 53, 292]
[111, 75, 76]
[125, 205, 121]
[321, 339]
[193, 51, 229, 13]
[14, 117, 56, 140, 161, 218, 125, 205]
[14, 169, 117, 56, 140, 161, 218]
[195, 278]
[378, 10]
[64, 65]
[53, 292, 104]
[8, 9]
[228, 5]
[232, 69]
[117, 56, 4, 203]
[14, 117, 56, 202, 161, 218, 125, 205, 121]
[143, 83, 157]
[169, 117, 56, 4, 5]
[378, 10, 288]
[169, 117, 56, 140, 161, 50]
[196, 27, 291]
[116, 117, 56]
[183, 32, 248]
[59, 149, 180, 69]
[168, 351]
[227, 14, 117, 56, 202, 161, 218]
[40, 43]
[56, 4, 5]
[32, 248, 327]
[356, 43, 102]
[56, 4, 228, 203]
[201, 165]
[16, 192]
[14, 117, 56, 4, 171]
[227, 14, 169, 117, 56, 202, 161, 218, 125, 50]
[116, 117, 269]
[197, 13]
[116, 117, 56, 140]
[169, 117, 56, 140, 161]
[14, 117, 56, 140, 161, 218, 125, 50]
[53, 21, 151]
[32, 168, 94, 95]
[57, 58, 148]
[25, 263]
[84, 85]
[183, 32, 168, 94, 95]
[302, 117, 56, 4, 203]
[273, 77]
[286, 287, 256, 340]
[14, 169, 117, 156, 185]
[105, 30]
[378, 10, 77]
[159, 196]
[169, 117, 56, 36]
[14, 117, 56, 36, 37]
[109, 76]
[51, 184, 13]
[4, 171]
[59, 149, 180]
[131, 182, 48]
[59, 130]
[117, 56, 4, 228]
[14, 169, 117, 56, 36]
[14, 117, 56, 140, 5]
[68, 69]
[118, 119]
[14, 117, 56, 202, 161, 218]
[333, 334]
[228, 203]
[126, 127]
[44, 38, 226]
[294, 69]
[14, 117, 56, 140, 161, 218, 125, 205, 121]
[56, 202, 161, 218, 49]
[212, 21, 53]
[218, 49, 50]
[57, 139]
[61, 43]
[377, 212, 21, 53, 292]
[193, 25]
[255, 103]
[125, 50]
[275, 276]
[174, 104]
[14, 117, 56, 4, 228, 5]
[193, 194, 226]
[211, 26, 186]
[117, 56, 202, 161, 50]
[10, 45, 46]
[169, 117, 56, 140, 161, 218, 49]
[44, 38, 39]
[4, 50]
[210, 331]
[116, 117, 56, 202, 161, 218, 125, 205, 121]
[161, 218, 125, 205, 121]
[169, 117, 56, 140]
[244, 158]
[21, 318]
[56, 140, 144]
[118, 119, 104]
[227, 14, 169, 117, 56, 202, 161, 218, 125]
[12, 13]
[254, 255, 103, 104]
[97, 265]
[14, 169, 117, 56, 140, 161, 218, 125]
[281, 197]
[56, 202, 203]
[3, 247]
[218, 125, 50]
[193, 51, 184]
[227, 14, 117, 56, 140, 161, 218, 49]
[302, 117, 56, 202, 161, 218, 125, 205]
[163, 164]
[169, 117]
[302, 117, 56, 202, 203]
[59, 231, 68, 13]
[227, 228, 203]
[117, 56, 140, 161, 218, 125]
[2, 3, 247]
[116, 117, 56, 202, 161, 218, 125, 50]
[212, 21, 306]
[302, 117, 56, 36, 50]
[42, 43, 102]
[143, 83, 145, 57, 91]
[111, 123, 124]
[116, 117, 56, 4, 5]
[25, 174]
[196, 213]
[201, 10, 77]
[36, 37]
[116, 117, 56, 4, 171]
[201, 10, 288]
[169, 117, 56, 4]
[378, 10, 177]
[255, 103, 292, 104]
[376, 44, 38, 253]
[59, 149, 180, 146]
[225, 226]
[66, 105, 195, 278]
[56, 140, 161, 218, 125, 50]
[118, 119, 102]
[372, 286, 287, 256, 340]
[25, 173]
[140, 161, 218, 49, 272]
[14, 117, 56, 4, 50]
[227, 14, 117, 217]
[391, 201, 10, 77]
[108, 109]
[59, 231, 80, 81]
[92, 285, 102]
[169, 117, 56, 140, 161, 218, 125, 50]
[110, 319, 332]
[44, 30, 87]
[199, 181]
[309, 93]
[14, 117, 56, 4, 5]
[116, 117]
[32, 33]
[59, 244]
[14, 169]
[56, 36]
[38, 253]
[140, 5]
[44, 38, 245]
[193, 130, 390]
[250, 121]
[14, 169, 117, 56, 202, 161, 50]
[128, 104]
[376, 44, 30, 278]
[378, 10, 139]
[108, 241, 48]
[116, 117, 56, 140, 161, 218, 49]
[159, 196, 27]
[57, 337]
[201, 10, 177]
[108, 109, 76]
[59, 244, 158]
[184, 13]
[313, 147]
[73, 224]
[378, 10, 11]
[211, 26]
[357, 358]
[131, 114, 115]
[323, 41]
[169, 117, 56, 202, 161, 50]
[183, 32, 168, 95]
[105, 30, 278]
[302, 117, 56, 202, 161, 218, 49, 50]
[47, 48]
[268, 48]
[149, 180]
[4, 228, 203]
[227, 14, 117, 56, 4]
[169, 117, 56, 202, 161, 218, 125, 205]
[140, 161, 218, 49, 50]
[117, 56, 202, 161, 218, 49, 50]
[382, 383]
[238, 239]
[14, 169, 117, 56, 202, 161, 218, 125]
[89, 385]
[57, 58, 148, 43, 102]
[117, 56, 4, 50]
[140, 144]
[117, 56, 202, 161, 218, 125]
[376, 44, 38, 270]
[183, 32, 168, 94]
[105, 195, 278]
[131, 114]
[143, 83, 273, 139]
[44, 38, 158]
[14, 117, 217]
[256, 340]
[325, 174, 104]
[66, 105, 174]
[14, 169, 117, 56, 202, 161, 218, 49]
[143, 10, 139]
[27, 28]
[145, 57, 58]
[183, 32, 54, 92]
[53, 292]
[131, 115]
[59, 231, 232]
[128, 118, 119]
[345, 346]
[6, 7]
[168, 94, 95]
[196, 27, 28]
[83, 273, 77]
[143, 83, 145, 57, 58, 148, 43]
[161, 218, 125]
[227, 14, 117, 56, 202, 203]
[83, 145, 57, 58, 148, 43, 102]
[212, 21, 53, 93]
[21, 53, 292, 104]
[122, 93]
[92, 78]
[154, 155]
[161, 218, 125, 50]
[379, 20]
[82, 83, 145]
[183, 32, 54, 92, 285]
[231, 68]
[14, 169, 117, 56, 140, 161, 218, 125, 205]
[129, 256]
[16, 13]
[83, 273]
[105, 30, 364]
[154, 182, 48]
[227, 14, 169, 117, 56, 140, 161, 218]
[353, 354]
[56, 140, 161]
[169, 117, 269]
[14, 117, 56, 140, 161, 50]
[196, 27]
[308, 241]
[143, 165, 332]
[14, 117, 56, 202, 161, 50]
[107, 69]
[302, 117]
[51, 184]
[116, 117, 56, 140, 161, 218, 125, 205]
[73, 224, 219]
[193, 130, 48]
[56, 4, 50]
[96, 150]
[116, 117, 56, 4]
[169, 117, 56, 202, 203]
[152, 153]
[201, 10, 11]
[54, 92, 285]
[299, 294, 233]
[161, 218, 49]
[254, 255]
[227, 14, 169, 170]
[227, 14, 117, 56, 202]
[377, 212, 21, 306]
[377, 212, 21, 53]
[391, 201, 10, 11]
[32, 54, 92, 285, 102]
[227, 14, 169, 117, 56, 140]
[325, 174]
[40, 174]
[169, 117, 56, 202, 161, 218, 49, 272]
[362, 363]
[116, 117, 156]
[4, 228, 5]
[10, 326]
[96, 97]
[82, 273, 77]
[53, 93]
[59, 60, 266]
[14, 169, 117, 56, 202]
[56, 4, 228]
[254, 255, 103, 292, 104]
[56, 140, 161, 50]
[56, 202, 161, 50]
[227, 14, 117, 56, 202, 161, 218, 125, 205]
[302, 117, 56]
[143, 10, 45]
[14, 117, 56, 140]
[218, 49]
[59, 231, 330, 81]
[82, 83, 145, 57, 91]
[143, 257]
[4, 5]
[66, 105, 174, 104]
[56, 140, 161, 218, 49, 50]
[143, 83, 145, 57, 58, 148]
[53, 21, 22, 292]
[324, 150]
[347, 348]
[128, 174, 104]
[391, 94]
[83, 145]
[155, 76]
[56, 4, 203]
[105, 195]
[38, 270]
[241, 48]
[30, 278]
[14, 169, 117, 217]
[116, 117, 56, 36, 37]
[376, 44, 30, 364]
[66, 105]
[117, 56, 140, 161, 218, 125, 50]
[136, 137]
[92, 285]
[356, 43]
[185, 50]
[32, 168]
[202, 279]
[14, 117, 56, 36, 50]
[169, 117, 156]
[14, 117, 56, 202, 161, 218, 125, 205]
[372, 286]
[30, 364]
[83, 273, 139]
[89, 19, 20]
[14, 117, 56, 140, 161, 218]
[231, 232, 69]
[391, 201, 10, 45, 46]
[14, 117, 56, 202, 161, 218, 49, 272]
[254, 255, 103]
[376, 44, 312]
[295, 296]
[310, 43, 102]
[14, 169, 117, 56, 140, 161, 50]
[38, 253, 134]
[56, 202, 161, 218, 49, 272]
[321, 322]
[227, 14, 117, 56, 140, 161, 218, 125]
[56, 140, 5]
[148, 43, 102]
[32, 54, 92, 78]
[377, 212, 21, 22]
[119, 102]
[344, 3]
[54, 92, 78]
[227, 14, 117, 56, 140, 144]
[143, 165]
[169, 117, 56, 140, 161, 218, 49, 272]
[221, 76]
[89, 90]
[82, 83, 145, 57, 58, 148, 43, 102]
[56, 36, 37]
[264, 113]
[343, 192]
[62, 63]
[227, 14, 169, 117, 56, 140, 161, 218, 49, 272]
[12, 305]
[83, 145, 57, 91]
[29, 30, 278]
[169, 117, 156, 185, 50]
[132, 99]
[61, 43, 102]
[105, 174, 104]
[227, 228]
[187, 307]
[116, 117, 156, 185]
[14, 117, 56]
[183, 32, 33]
[86, 87]
[14, 117, 56, 202, 161]
[119, 104]
[22, 292, 104]
[53, 21, 22, 292, 104]
[218, 125, 205, 121]
[29, 30, 364]
[376, 44, 30, 259]
[44, 38, 270]
[138, 139]
[105, 30, 87]
[330, 81]
[117, 56, 140]
[191, 7]
[21, 151]
[25, 304]
[16, 147]
[56, 4, 171]
[212, 21, 22, 292]
[280, 13]
[108, 241]
[376, 44, 30]
[286, 287, 13]
[59, 149, 180, 181]
[49, 50]
[376, 44, 38]
[82, 273, 139]
[44, 38, 253]
[58, 148]
[56, 202, 161, 218]
[116, 117, 56, 36, 50]
[133, 134]
[254, 255, 103, 292]
[229, 13]
[344, 3, 247]
[227, 14, 169, 117, 217]
[180, 146, 147]
[21, 22]
[222, 208]
[117, 56, 140, 5]
[98, 99]
[130, 48]
[377, 212, 21, 22, 292, 104]
[40, 365]
[116, 117, 56, 36]
[25, 26, 186]
[227, 14, 117, 56, 202, 161, 218, 125]
[284, 285, 102]
[378, 10, 326]
[82, 273]
[56, 202]
[83, 145, 57]
[14, 117, 56, 140, 161, 218, 49, 50]
[66, 105, 86]
[116, 117, 56, 202]
[59, 231, 68]
[83, 145, 57, 139]
[302, 117, 56, 140, 161, 50]
[286, 287, 256]
[227, 14, 117, 56, 140, 161, 218, 125, 205]
[227, 14, 117, 56, 140, 161, 218, 49, 50]
[377, 212, 292]
[227, 14, 117, 156, 185]
[227, 14, 15]
[258, 102]
[214, 182, 48]
[302, 117, 56, 202, 161, 218]
[56, 202, 161]
[14, 169, 170]
[56, 140, 161, 218, 125, 205, 121]
[83, 145, 57, 58, 148]
[180, 181]
[82, 83, 145, 57, 43, 102]
[117, 56, 140, 161, 218, 49, 50]
[202, 161]
[227, 14, 117, 56, 36, 37]
[350, 101]
[127, 230]
[169, 117, 56, 4, 171]
[116, 117, 56, 202, 161, 218]
[106, 50]
[227, 14, 169, 117, 56, 202, 279]
[281, 197, 69]
[149, 180, 181]
[227, 14, 169, 117, 56, 140, 161, 218, 125]
[287, 13]
[70, 111, 75]
[117, 56, 36, 37]
[183, 32, 54, 92, 78, 79]
[117, 56, 202, 161, 218, 49, 272]
[143, 10, 381]
[51, 229, 13]
[242, 243]
[198, 199, 181]
[44, 277, 278]
[214, 215, 76]
[140, 161, 218, 125, 50]
[227, 14, 169, 117, 56, 140, 161, 218, 49]
[116, 117, 56, 202, 279]
[105, 30, 259]
[116, 117, 56, 202, 161, 218, 125, 205]
[14, 117, 56, 4]
[143, 83, 145, 57]
[287, 256]
[183, 32, 54]
[227, 14, 169, 117, 56, 140, 161, 218, 125, 205, 121]
[53, 21, 306]
[14, 169, 117, 56, 140, 161]
[29, 30, 259]
[56, 140, 161, 218, 49, 272]
[116, 117, 56, 140, 5]
[169, 117, 56, 202]
[122, 24]
[227, 14, 169, 117, 56, 4, 50]
[117, 56, 202, 161, 218, 125, 205, 121]
[212, 21, 53, 102]
[308, 241, 48]
[227, 14, 117, 56, 140, 161]
[40, 43, 102]
[53, 102]
[193, 7]
[143, 83]
[44, 277, 124]
[191, 192]
[131, 252, 115]
[377, 212, 21, 151]
[73, 74]
[116, 117, 56, 4, 50]
[17, 150]
[64, 65, 271]
[227, 14, 169, 117, 56, 4, 203]
[302, 117, 56, 140, 161, 218, 49, 50]
[51, 229]
[202, 161, 218]
[30, 87]
[116, 117, 56, 202, 161, 218, 49, 272]
[143, 83, 145, 57, 139]
[201, 10, 326]
[391, 201, 10, 326]
[227, 14, 169, 117, 56, 4, 228]
[392, 236]
[163, 249]
[47, 158]
[105, 86, 87]
[83, 145, 57, 337]
[117, 56, 140, 161, 218, 125, 205, 121]
[391, 201]
[45, 46]
[268, 245]
[299, 294]
[82, 83, 145, 57, 43]
[180, 69]
[193, 25, 174, 104]
[231, 68, 69]
[57, 91]
[32, 54]
[53, 21]
[49, 272]
[123, 124]
[53, 104]
[172, 167]
[10, 11]
[138, 207]
[143, 83, 145, 57, 43, 102]
[378, 10, 45, 46]
[126, 127, 230]
[149, 180, 146]
[227, 14, 169, 117, 56, 140, 161, 218, 125, 205]
[284, 285]
[44, 312]
[302, 117, 56, 140, 161]
[66, 105, 30, 364]
[227, 14, 169, 117, 56, 202, 161, 218, 49, 50]
[59, 194]
[227, 14, 169, 117, 56, 4, 228, 5]
[117, 269]
[212, 104]
[311, 27, 28]
[268, 158]
[302, 117, 56, 202, 161, 218, 125, 50]
[169, 117, 56, 140, 5]
[227, 14, 117, 56]
[82, 83, 273, 139]
[180, 146]
[161, 218]
[112, 113]
[116, 117, 56, 140, 161, 218, 49, 272]
[145, 57, 91]
[82, 83, 273, 77]
[59, 231, 232, 69]
[193, 25, 26, 186]
[219, 220]
[246, 93]
[302, 117, 56, 4, 5]
[232, 13]
[4, 203]
[12, 262]
[227, 14, 169, 117, 156, 185]
[23, 24]
[116, 117, 156, 185, 50]
[227, 14, 375]
[341, 342]
[10, 77]
[302, 117, 56, 140, 161, 218, 49, 272]
[193, 25, 26]
[319, 332]
[10, 381]
[227, 14, 169, 117, 56, 140, 161, 50]
[117, 56, 4, 5]
[204, 55]
[231, 232]
[57, 58, 148, 43]
[143, 83, 145, 57, 337]
[210, 338]
[316, 317]
[128, 118, 119, 104]
[56, 202, 279]
[302, 117, 56, 140]
[227, 14, 169, 117, 56, 202, 161, 218, 49, 272]
[212, 21, 151]
[14, 117, 56, 202, 279]
[64, 65, 197, 13]
[89, 301]
[227, 14, 169, 117, 56, 202, 161, 218, 125, 205, 121]
[66, 105, 30, 278]
[302, 117, 56, 4, 228]
[287, 256, 340]
[14, 169, 117, 56, 140, 161, 218, 49]
[175, 176]
[227, 14, 117, 56, 140, 161, 218]
[141, 99]
[159, 196, 359]
[372, 286, 287, 256]
[122, 167]
[128, 174]
[206, 207]
[59, 81]
[116, 117, 56, 202, 161]
[129, 280]
[169, 117, 56, 202, 161, 218]
[212, 21, 53, 104]
[302, 117, 56, 140, 161, 218, 49]
[82, 83, 145, 57]
[302, 117, 56, 140, 161, 218, 125, 205]
[273, 139]
[224, 219, 220]
[376, 44, 38, 226]
[227, 14, 169, 117, 56, 202, 161, 218, 49]
[14, 169, 117, 56, 140, 144]
[117, 56, 202, 161, 218]
[255, 103, 104]
[14, 169, 117, 56, 4, 228]
[60, 266]
[65, 197, 69]
[32, 168, 351]
[302, 117, 269]
[227, 14, 117, 56, 202, 161, 218, 49, 50]
[59, 194, 226]
[143, 10, 45, 46]
[59, 283]
[14, 117, 56, 202, 161, 218, 49, 50]
[117, 56, 140, 161, 218, 49, 272]
[212, 21, 22, 292, 104]
[47, 245]
[202, 161, 218, 125, 205, 121]
[4, 228]
[56, 202, 161, 218, 125, 205, 121]
[68, 13]
[264, 113, 135]
[117, 156]
[222, 223]
[14, 169, 117, 56, 4, 203]
[377, 212]
[65, 271]
[145, 57, 43, 102]
[116, 117, 56, 202, 161, 218, 49, 50]
[231, 80]
[75, 76]
[161, 218, 125, 205]
[40, 208]
[143, 10, 11]
[302, 117, 56, 140, 144]
[227, 14, 169, 117, 156]
[227, 14, 117, 56, 140]
[56, 4]
[169, 117, 56, 4, 50]
[117, 56, 36, 50]
[212, 21, 53, 292, 104]
[143, 83, 145]
[227, 228, 5]
[376, 44, 38, 158]
[201, 165, 332]
[10, 139]
[80, 81]
[82, 83, 145, 57, 337]
[376, 44, 277, 124]
[227, 14, 169, 117, 56]
[225, 389]
[169, 117, 56, 202, 161, 218, 125, 50]
[391, 94, 95]
[302, 117, 56, 202, 161, 218, 49]
[59, 231, 282]
[183, 32, 54, 92, 78]
[29, 30, 87]
[128, 240]
[202, 161, 218, 49, 272]
[227, 14, 117, 56, 202, 161, 218, 49, 272]
[295, 300]
[117, 56, 4]
[227, 14, 117, 56, 4, 5]
[107, 233]
[70, 111, 75, 76]
[112, 113, 135]
[22, 292]
[163, 374]
[227, 14, 169, 117, 56, 202, 161, 218, 125, 205]
[14, 169, 117, 56, 140, 161, 218, 125, 205, 121]
[54, 92, 285, 102]
[83, 145, 57, 58]
[56, 140, 161, 218, 125]
[304, 305]
[64, 65, 197, 69]
[159, 196, 27, 291]
[231, 330]
[116, 117, 56, 202, 161, 50]
[44, 30, 278]
[201, 10, 45]
[376, 44, 38, 245]
[56, 202, 161, 218, 125, 205]
[32, 54, 92]
[302, 117, 56, 202, 161, 218, 125, 205, 121]
[14, 169, 117, 156]
[227, 14, 117, 56, 202, 161, 218, 49]
[227, 14, 169, 117, 56, 140, 161, 218, 125, 50]
[140, 161, 218, 49]
[154, 182]
[169, 117, 56, 140, 161, 218]
[65, 197, 13]
[59, 60]
[56, 140, 161, 218, 49]
[159, 160]
[72, 192]
[131, 252]
[116, 117, 56, 4, 228, 203]
[169, 117, 56, 4, 228]
[391, 201, 10, 45]
[128, 118, 119, 102]
[44, 30, 364]
[227, 14, 169, 117, 56, 36]
[44, 38]
[302, 117, 156]
[14, 169, 117, 56]
[72, 7]
[302, 117, 56, 140, 161, 218, 125, 50]
[67, 260]
[238, 269]
[336, 192]
[38, 245]
[169, 117, 56, 36, 50]
[14, 117, 156, 185, 50]
[14, 169, 117, 56, 202, 161, 218, 49, 272]
[169, 117, 56, 202, 279]
[82, 83, 145, 57, 58, 148, 43]
[117, 56, 202, 161, 218, 125, 205]
[117, 56, 202, 161]
[169, 117, 56, 4, 203]
[143, 83, 273, 77]
[227, 14, 117]
[324, 69]
[27, 291]
[14, 169, 117]
[302, 117, 56, 140, 161, 218, 125, 205, 121]
[378, 10, 381]
[209, 50]
[227, 14, 169, 117, 56, 4, 228, 203]
[14, 117, 56, 140, 144]
[21, 306]
[44, 277]
[56, 36, 50]
[40, 35]
[227, 14, 117, 56, 4, 228, 5]
[372, 286, 287]
[14, 117, 56, 202, 203]
[143, 10, 326]
[202, 161, 218, 49]
[218, 125, 205]
[56, 202, 161, 218, 125]
[212, 21, 318]
[38, 158]
[297, 326]
[183, 32, 168, 351]
[116, 117, 56, 202, 161, 218, 49]
[169, 117, 56, 202, 161, 218, 125, 205, 121]
[100, 101]
[19, 20]
[105, 86]
[66, 105, 30, 259]
[212, 21, 22]
[59, 231]
[14, 169, 117, 269]
[44, 30, 259]
[25, 174, 104]
[251, 50]
[143, 83, 273]
[202, 203]
[31, 11]
[377, 212, 21, 53, 292, 104]
[196, 359]
[14, 117, 56, 202, 161, 218, 49]
[202, 161, 50]
[66, 105, 195, 267]
[302, 117, 56, 4]
[376, 44, 277, 278]
[140, 161, 50]
[200, 43, 102]
[117, 56, 202, 161, 218, 125, 50]
[14, 375]
[57, 58]
[122, 335]
[377, 212, 21, 53, 93]
[89, 371]
[32, 54, 55]
[391, 201, 55]
[14, 117, 56, 140, 161, 218, 125]
[211, 384]
[169, 117, 56, 4, 228, 203]
[224, 219]
[302, 117, 156, 185, 50]
[227, 14, 169, 117, 56, 36, 50]
[376, 44, 38, 39]
[280, 18]
[308, 274]
[88, 313, 147]
[227, 14, 169, 117, 56, 202, 161]
[214, 182]
[227, 14, 117, 56, 140, 5]
[377, 212, 292, 104]
[302, 117, 56, 202, 161, 218, 49, 272]
[202, 161, 218, 125, 205]
[59, 231, 80]
[140, 161, 218, 125, 205, 121]
[328, 207]
[73, 237]
[169, 117, 56, 36, 37]
[117, 56, 140, 161, 218]
[287, 355]
[59, 283, 245]
[89, 373]
[255, 77]
[193, 130]
[145, 57, 43]
[391, 201, 10, 381]
[129, 280, 13]
[59, 149]
[29, 167]
[193, 51, 52]
[59, 231, 330]
[14, 169, 117, 56, 4, 171]
[116, 117, 56, 140, 161, 50]
[14, 169, 117, 56, 4]
[59, 7]
[143, 10, 77]
[142, 43, 102]
[193, 25, 304]
[32, 168, 94]
[193, 51]
[271, 261]
[21, 22, 292, 104]
[201, 10, 381]
[117, 56]
[149, 180, 69]
[117, 156, 185, 50]
[377, 380]
[51, 52]
[66, 105, 30, 87]
[294, 233]
[143, 83, 273, 104]
[105, 195, 267]
[145, 57, 58, 148, 43, 102]
[103, 292]
[14, 169, 117, 56, 202, 161, 218]
[32, 168, 95]
[145, 57, 337]
[117, 56, 140, 161, 218, 49]
[200, 43]
[21, 22, 292]
[143, 139]
[58, 148, 43, 102]
[17, 18]
[82, 83, 157]
[110, 11]
[44, 30]
[143, 83, 145, 57, 43]
[14, 169, 117, 56, 36, 50]
[212, 292, 104]
[183, 32, 248, 327]
[227, 14, 169, 117, 56, 140, 144]
[377, 380, 77]
[143, 352]
[92, 78, 79]
[252, 115]
[0, 43]
[21, 53, 102]
[44, 38, 253, 134]
[292, 104]
[227, 14, 169, 117, 269]
[14, 15]
[183, 32]
[117, 56, 202]
[129, 81]
[14, 169, 117, 56, 202, 203]
[129, 280, 18]
[169, 117, 56, 140, 161, 218, 125, 205, 121]
[377, 212, 21, 318]
[143, 10]
[227, 14, 117, 56, 202, 161, 50]
[83, 273, 104]
[14, 169, 117, 56, 140, 161, 218, 49, 50]
[369, 370]
[303, 79]
[227, 14, 169, 117, 156, 185, 50]
[117, 56, 202, 279]
[302, 117, 56, 202, 279]
[227, 14, 117, 56, 4, 228, 203]
[227, 14, 117, 56, 36, 50]
[141, 139]
[227, 14, 117, 56, 140, 161, 50]
[14, 117, 56, 140, 161]
[116, 117, 56, 140, 161, 218, 125, 50]
[117, 56, 140, 161, 218, 125, 205]
[117, 56, 4, 171]
[14, 117, 56, 36]
[14, 169, 117, 56, 140, 161, 218, 125, 50]
[21, 53, 104]
[128, 118]
[14, 117, 56, 4, 228, 203]
[59, 149, 180, 150]
[116, 117, 56, 202, 203]
[378, 10, 45]
[83, 157]
[169, 117, 56, 202, 161, 218, 125]
[21, 53, 93]
[57, 43, 102]
[122, 208]
[311, 27, 291]
[116, 117, 56, 202, 161, 218, 125]
[195, 267]
[212, 21, 53, 292]
[227, 14, 117, 56, 4, 171]
[215, 76]
[202, 161, 218, 125, 50]
[156, 185]
[254, 255, 77]
[21, 53]
[34, 35]
[145, 57, 139]
[227, 14, 117, 56, 140, 161, 218, 125, 50]
[253, 134]
[308, 274, 76]
[14, 117]
[125, 205]
[14, 169, 117, 56, 4, 228, 5]
[131, 349]
[32, 54, 92, 78, 79]
