0 1
2 3
4 5
6 7
8 9
10 11
12 13
14 15
16 13
17 18
19 20
21 22
23 24
25 26
27 11
28 29
30 31
32 33
34 35
36 37
38 34
39 40
41 42
43 44
45 46
21 47
48 49
50 32
51 52
53 54
55 56
57 58
59 60
61 62
63 7
64 65
66 67
10 68
69 70
71 72
51 7
73 74
75 76
77 13
78 79
80 69
47 81
82 83
84 85
86 87
88 89
47 90
91 92
93 75
94 44
95 60
47 92
96 97
98 11
99 66
100 101
102 103
104 105
106 107
108 109
110 111
112 44
113 114
115 90
116 92
51 117
118 102
119 87
120 121
101 122
123 124
125 126
127 5
128 87
127 129
130 131
57 93
84 132
21 133
17 132
134 135
136 137
105 138
41 139
107 90
140 141
127 142
99 143
144 145
25 146
147 82
148 149
4 150
151 152
0 115
93 153
154 155
10 156
142 44
157 158
159 160
136 161
162 28
45 163
138 164
165 166
167 168
169 170
135 67
171 172
153 92
173 174
93 175
140 176
177 60
178 179
180 10
28 48
181 182
151 146
183 49
184 109
185 186
187 44
188 19
36 189
63 172
190 21
176 191
147 83
192 193
194 101
105 195
196 112
197 198
199 67
200 197
201 202
203 204
159 132
205 13
114 206
207 208
14 148
95 209
8 210
64 211
159 130
26 76
116 212
159 60
213 42
214 215
161 42
216 139
107 92
41 217
218 81
3 219
28 220
144 221
222 109
173 45
223 44
51 174
224 103
34 225
36 31
226 227
28 147
137 67
48 80
228 90
26 229
58 230
56 231
12 232
99 110
227 68
233 234
235 101
84 236
52 237
175 238
78 19
239 217
240 241
34 242
97 67
180 243
244 231
51 72
245 159
43 246
112 184
180 49
164 44
125 186
247 67
248 249
38 250
250 251
174 202
26 251
208 60
181 252
142 196
253 18
14 105
254 177
105 50
207 255
204 5
50 181
256 217
257 258
117 42
116 106
10 126
259 260
176 23
193 67
38 26
171 7
190 92
261 262
233 153
4 204
23 263
190 264
265 209
266 209
267 268
269 270
239 139
271 266
267 272
61 99
78 273
274 105
116 153
275 70
276 277
47 21
21 278
167 279
280 213
281 81
163 13
225 121
282 23
38 283
284 131
50 4
285 166
64 200
179 160
286 287
21 288
98 289
204 182
34 217
118 103
91 264
8 290
208 13
291 292
167 13
56 244
293 37
266 60
294 60
85 236
295 153
269 296
220 297
298 186
260 13
299 68
300 72
188 301
289 302
303 304
10 39
305 306
233 152
196 43
307 172
50 127
233 276
260 308
309 253
188 310
291 311
309 312
313 314
34 202
308 312
315 172
128 126
316 3
56 177
317 318
118 319
320 89
264 92
147 321
203 14
181 142
173 7
77 284
12 277
322 323
260 324
325 326
176 327
16 172
105 241
328 329
173 117
45 205
22 264
93 26
26 330
36 331
332 333
125 334
173 233
335 336
78 337
338 259
51 216
78 339
243 302
144 340
207 59
51 207
80 258
14 341
148 105
342 38
250 111
343 190
344 10
192 161
118 161
343 345
10 346
16 131
347 348
10 296
4 182
349 350
78 351
207 71
352 209
32 44
36 353
239 42
294 132
118 224
177 13
354 355
201 356
36 153
175 251
345 68
227 91
34 139
258 90
207 300
4 44
117 357
253 13
51 256
358 82
47 264
123 262
359 360
358 180
96 213
280 247
59 13
