153,5 6
153,4 4
153,3 11
67,1 1
153,2 5
153,1 2
65,1 1
151,1 1
136,3 2
136,2 3
136,1 2
46,1 1
119,2 1
132,1 2
119,1 2
42,3 1
188,1 1
42,2 3
42,1 4
29,1 1
113,6 2
113,5 2
113,4 5
113,3 8
27,1 2
113,2 4
113,1 1
98,2 2
184,2 1
98,1 1
184,1 1
25,1 1
111,1 1
96,2 1
96,1 1
182,1 1
169,1 2
23,2 2
23,1 5
167,3 1
180,1 1
167,2 2
167,1 1
90,1 1
75,2 2
75,1 1
56,1 2
129,3 2
142,1 1
129,2 1
129,1 2
54,1 3
140,2 2
140,1 1
52,4 2
52,3 8
52,2 3
3,3 1
52,1 6
3,2 1
39,1 1
3,1 3
125,1 1
50,5 3
50,4 2
37,5 2
123,6 2
50,3 4
37,4 2
123,5 2
50,2 4
37,3 5
123,4 5
50,1 1
37,2 8
123,3 8
37,1 4
123,2 4
123,1 1
35,1 1
108,2 1
108,1 1
106,4 1
33,2 4
106,3 9
33,1 13
106,2 19
106,1 4
31,1 1
89,5 2
89,4 8
18,1 3
89,3 3
89,2 6
89,1 1
102,5 2
102,4 8
102,3 3
16,1 5
102,2 6
102,1 1
14,2 1
14,1 1
85,3 2
85,2 1
85,1 1
171,1 1
12,1 1
83,1 2
156,1 1
10,3 2
10,2 3
10,1 4
62,3 1
62,2 3
62,1 4
135,2 1
135,1 1
60,1 1
47,1 1
45,3 1
45,2 2
118,3 1
45,1 1
131,2 1
118,2 2
131,1 3
118,1 1
43,1 5
116,2 1
116,1 1
187,1 1
114,1 1
97,2 1
97,1 2
183,1 1
24,2 2
110,2 1
24,1 2
95,3 1
110,1 1
95,2 1
95,1 1
181,1 1
22,1 1
93,1 1
20,1 2
91,2 2
91,1 3
78,1 1
76,1 2
149,1 1
160,5 1
160,4 1
74,2 2
160,3 5
74,1 3
160,2 5
160,1 1
72,1 1
59,1 3
145,1 1
8,1 1
141,3 1
141,2 1
141,1 1
128,1 1
6,1 4
126,1 1
4,1 3
51,4 3
51,3 2
2,5 2
51,2 4
2,4 9
51,1 4
124,3 2
2,3 4
38,1 2
124,2 3
2,2 9
2,1 3
124,1 3
0,1 1
122,1 1
109,1 1
107,1 2
178,2 1
178,1 2
105,5 1
105,4 9
105,3 19
105,2 4
105,1 1
176,1 1
103,2 3
88,3 2
103,1 3
88,2 9
88,1 3
174,1 1
15,1 1
159,3 2
159,2 1
172,1 1
159,1 1
11,2 1
11,1 2
69,4 1
82,2 2
69,3 1
82,1 2
69,2 5
69,1 5
