[52, 133]
[64, 65]
[15, 196]
[151, 152]
[8, 9]
[21, 54]
[129, 85]
[113, 114]
[0, 11]
[91, 87]
[169, 89]
[8, 162]
[18, 167]
[108, 131]
[79, 27]
[47, 76]
[68, 117]
[24, 95]
[163, 19]
[134, 76]
[51, 83]
[178, 21]
[64, 101]
[24, 25, 87]
[94, 70]
[8, 117]
[147, 12]
[84, 85]
[143, 144]
[49, 7]
[39, 1]
[37, 45]
[59, 61]
[51, 24]
[15, 107]
[190, 18]
[99, 11]
[59, 60]
[159, 160]
[79, 174]
[122, 65]
[179, 180]
[93, 63]
[82, 83]
[208, 45]
[39, 34]
[133, 137]
[66, 67]
[197, 205]
[134, 135]
[51, 81]
[24, 115]
[112, 30]
[189, 99]
[171, 172]
[122, 101]
[211, 90]
[203, 176]
[79, 185]
[102, 26]
[102, 14]
[16, 121]
[51, 90]
[210, 10]
[149, 79]
[22, 23]
[110, 111]
[98, 19]
[12, 13]
[39, 40]
[24, 51]
[2, 3]
[22, 188]
[68, 9]
[1, 83]
[165, 166]
[125, 126]
[170, 22]
[88, 89]
[49, 76]
[61, 45]
[29, 30]
[207, 111]
[29, 54]
[50, 11]
[161, 30]
[52, 8]
[161, 54]
[189, 82]
[77, 78]
[145, 139]
[82, 87]
[18, 11]
[129, 130]
[159, 63]
[26, 15]
[49, 184]
[108, 109]
[112, 142]
[145, 15]
[105, 63]
[62, 41]
[16, 17]
[96, 67]
[170, 68]
[57, 58]
[148, 90]
[71, 72]
[53, 31]
[39, 193]
[63, 52]
[39, 181]
[8, 45]
[157, 135]
[197, 76]
[73, 74]
[27, 86]
[41, 45]
[80, 65]
[14, 112]
[18, 195]
[61, 62]
[29, 142]
[154, 206]
[26, 1]
[8, 68]
[96, 177]
[100, 27]
[72, 90]
[37, 38]
[20, 138]
[78, 198]
[39, 99]
[24, 141]
[22, 159]
[161, 142]
[123, 124]
[10, 11]
[204, 205]
[10, 91]
[27, 28]
[35, 36]
[112, 158]
[6, 7]
[33, 34]
[14, 136, 15]
[125, 156]
[154, 155]
[0, 1]
[133, 61]
[200, 201]
[96, 75]
[22, 63]
[52, 35]
[52, 59]
[173, 135]
[78, 109]
[18, 191]
[14, 15]
[6, 11]
[18, 19]
[63, 187]
[13, 132, 72]
[91, 83]
[67, 75]
[127, 128]
[20, 21]
[147, 209]
[183, 45]
[51, 87]
[59, 117]
[153, 7]
[112, 212]
[82, 24]
[31, 18]
[133, 9]
[87, 83]
[4, 5]
[12, 199]
[18, 76]
[92, 45]
[154, 186]
[97, 81]
[147, 96]
[39, 128]
[78, 131]
[6, 139]
[149, 150]
[12, 75]
[62, 37]
[16, 194]
[112, 182]
[148, 83]
[202, 81]
[63, 176]
[35, 45]
