0 1
2 3
4 5
6 7
8 9
10 11
12 13
14 15
16 17
18 19
20 21
22 23
24 25
26 27
28 29
30 31
32 33
34 35
36 37
38 6
39 40
41 4
42 43
44 45
46 47
48 49
50 51
52 53
34 54
55 56
57 58
59 60
61 62
63 34
64 65
59 66
46 67
68 66
69 70
71 9
72 37
26 73
74 67
75 50
76 46
63 77
77 78
4 78
79 80
81 82
83 6
84 85
86 87
24 88
89 90
91 92
88 75
93 37
94 11
22 17
53 95
75 81
96 97
98 99
100 101
102 103
22 104
105 106
107 97
108 23
109 39
110 111
112 37
63 4
73 113
114 115
92 106
116 117
10 94
118 119
120 104
39 121
114 122
123 124
73 125
126 115
127 128
129 102
130 66
8 17
89 14
70 131
132 88
100 1
133 95
73 26
26 134
135 136
73 115
137 36
138 113
139 23
140 141
14 93
142 143
144 145
146 39
63 147
148 149
75 10
150 88
101 151
152 153
154 29
155 156
15 157
26 158
139 159
94 160
61 66
34 85
161 162
163 149
164 125
126 122
20 165
100 115
163 148
166 167
168 118
169 141
13 170
171 12
172 58
173 174
127 175
71 104
176 11
177 119
178 6
179 180
176 181
111 56
8 182
12 183
159 184
185 186
12 187
55 111
83 129
26 188
189 190
22 64
191 192
193 194
87 59
88 195
75 176
151 125
196 197
176 86
14 19
84 198
199 200
166 201
41 182
202 92
203 119
204 205
34 43
206 84
207 208
177 104
10 209
70 210
211 212
178 213
2 164
129 1
22 214
86 66
57 215
163 216
185 37
193 217
218 124
122 115
105 44
202 219
195 68
220 24
81 86
69 120
221 222
223 224
190 37
1 115
109 225
129 30
196 109
88 33
56 55
226 227
46 22
18 93
44 74
81 160
228 107
229 67
27 122
62 153
230 9
231 66
129 4
4 232
57 233
57 234
71 235
114 26
109 236
202 106
237 238
239 112
47 184
199 240
88 241
38 242
24 243
207 88
244 63
77 157
245 114
87 61
246 22
239 217
247 37
163 217
245 215
220 94
22 248
162 249
24 207
250 251
20 252
22 175
10 160
0 17
4 103
154 37
253 108
100 254
74 106
255 104
50 66
136 198
57 256
217 198
151 115
163 257
84 258
259 260
261 113
57 1
262 263
44 179
30 78
215 17
63 84
16 126
199 264
34 258
265 153
97 125
13 56
266 66
42 267
10 66
268 230
257 149
34 140
57 49
269 16
73 122
255 263
173 117
228 52
44 202
270 271
194 37
137 136
135 72
74 228
272 125
