0 1
2 3
4 5
6 7
8 9
10 11
12 13
14 15
16 17
18 19
20 21
22 23
24 25
26 27
28 29
30 1
31 32
30 19
33 34
35 36
37 38
39 40
41 42
43 44
45 46
47 48
41 49
35 50
51 49
52 53
54 7
55 13
28 56
57 39
58 35
25 59
60 61
62 63
64 65
66 67
68 69
26 70
71 72
73 74
70 57
75 9
22 13
76 77
57 64
78 79
80 81
14 82
22 83
84 31
85 72
56 86
87 88
74 82
89 90
8 75
91 83
31 92
87 93
94 95
56 96
97 88
98 49
6 13
53 99
100 70
101 77
56 28
28 102
56 88
103 82
104 86
105 23
10 106
43 107
108 31
109 10
57 8
71 110
111 18
112 113
114 70
115 116
117 106
118 119
18 120
121 122
28 123
105 124
75 125
45 49
126 127
128 96
97 93
20 129
130 110
131 132
43 38
19 116
111 30
133 134
135 136
137 138
117 17
139 79
54 83
140 9
141 142
143 19
140 144
24 145
6 146
124 147
28 148
120 67
22 47
149 150
151 19
69 41
70 152
57 140
153 14
154 96
155 156
140 68
157 158
10 17
159 7
66 59
160 161
133 162
163 142
120 34
164 66
165 166
141 83
8 167
168 23
53 169
170 171
2 128
22 172
68 49
18 173
174 95
93 88
18 143
152 51
175 26
64 68
52 91
176 177
178 142
179 180
1 88
84 181
103 74
182 76
155 84
70 183
43 136
103 184
185 25
186 187
43 188
35 22
16 106
64 125
18 66
43 1
120 189
29 93
46 119
190 49
54 191
87 28
84 192
15 182
131 112
36 147
160 193
70 194
26 195
165 70
196 87
69 45
197 22
15 139
30 115
196 107
175 75
22 198
127 199
26 165
43 200
20 201
22 202
8 125
0 13
130 72
19 203
204 83
39 49
154 88
111 66
120 205
14 50
66 205
206 207
208 86
209 183
210 211
153 60
107 13
12 97
153 103
160 212
213 119
79 96
214 49
153 215
33 216
8 49
217 12
56 93
204 211
151 146
137 90
218 219
173 116
220 96
120 221
