[64, 53]
[99, 68]
[211, 114]
[8, 9]
[60, 62]
[50, 77]
[113, 114]
[0, 11]
[81, 66]
[168, 169]
[72, 73]
[152, 80]
[115, 145]
[80, 179]
[130, 131]
[18, 77]
[69, 9]
[64, 192]
[60, 61]
[132, 86]
[63, 37]
[89, 90]
[21, 55]
[62, 63]
[54, 31]
[73, 91]
[88, 84]
[194, 102]
[64, 181]
[78, 79]
[94, 95]
[16, 124]
[39, 1]
[24, 98]
[20, 141]
[37, 45]
[101, 19]
[24, 25, 88]
[136, 62]
[136, 9]
[53, 60]
[39, 186]
[39, 198]
[146, 147]
[160, 138]
[74, 75]
[22, 162]
[14, 139, 15]
[39, 34]
[58, 59]
[83, 88]
[53, 8]
[194, 83]
[126, 127]
[125, 104]
[29, 145]
[68, 76]
[24, 52]
[1, 84]
[22, 23]
[79, 203]
[12, 13]
[92, 84]
[128, 159]
[39, 40]
[8, 120]
[2, 3]
[52, 88]
[6, 142]
[51, 11]
[13, 135, 73]
[39, 131]
[29, 30]
[8, 165]
[156, 7]
[150, 12]
[136, 140]
[31, 46]
[115, 216]
[24, 118]
[50, 189]
[115, 187]
[215, 91]
[18, 11]
[150, 213]
[29, 55]
[26, 15]
[162, 64]
[102, 11]
[202, 77]
[116, 117]
[67, 68]
[83, 84]
[16, 17]
[125, 66]
[12, 46]
[132, 133]
[176, 138]
[65, 66]
[8, 69]
[8, 45]
[195, 18]
[151, 91]
[137, 77]
[97, 71]
[48, 77]
[166, 19]
[41, 45]
[115, 161]
[18, 200]
[111, 112]
[39, 102]
[26, 1]
[63, 41]
[157, 158]
[92, 88]
[18, 170]
[207, 181]
[27, 87]
[52, 84]
[65, 104]
[37, 38]
[157, 210]
[100, 82]
[214, 10]
[15, 110]
[208, 209]
[206, 82]
[16, 199]
[105, 26]
[105, 14]
[162, 163]
[10, 11]
[204, 205]
[79, 112]
[27, 28]
[111, 134]
[96, 64]
[212, 45]
[35, 36]
[6, 7]
[69, 120]
[33, 34]
[99, 182]
[154, 155]
[0, 1]
[164, 145]
[10, 92]
[115, 30]
[157, 191]
[62, 45]
[83, 24]
[18, 196]
[174, 175]
[99, 76]
[152, 153]
[164, 30]
[14, 15]
[6, 11]
[18, 19]
[53, 35]
[79, 134]
[52, 91]
[24, 144]
[22, 64]
[93, 45]
[137, 138]
[52, 24]
[177, 178]
[50, 7]
[103, 27]
[173, 22]
[80, 190]
[183, 21]
[20, 21]
[202, 209]
[14, 115]
[148, 142]
[12, 76]
[188, 45]
[85, 86]
[31, 18]
[53, 136]
[108, 64]
[4, 5]
[173, 69]
[80, 27]
[164, 55]
[150, 99]
[151, 84]
[128, 129]
[148, 15]
[172, 90]
[22, 193]
[52, 82]
[60, 120]
[15, 201]
[184, 185]
[35, 45]
