0 1
2 3
4 5
6 7
8 9
10 11
12 13
14 15
16 13
17 18
19 20
21 22
23 24
25 26
27 28
29 30
31 11
32 33
34 35
36 37
38 39
40 41
42 43
44 38
45 46
47 48
49 50
51 52
21 53
54 55
56 36
57 58
59 60
61 43
62 63
64 65
66 67
68 69
70 71
72 7
73 74
75 76
10 77
78 79
80 81
82 83
59 7
84 85
86 87
88 13
57 43
89 90
57 91
92 78
53 93
94 95
96 97
98 99
100 101
53 102
103 104
105 86
106 50
107 69
53 104
108 109
110 11
111 75
112 113
114 115
116 117
118 119
120 121
122 35
123 124
125 50
126 127
43 102
128 104
129 81
59 130
131 114
132 99
133 134
113 135
136 137
138 139
140 5
141 99
142 43
143 139
140 144
83 145
146 147
148 43
59 149
66 105
96 150
21 151
17 150
152 153
154 155
117 156
83 157
47 158
119 102
159 160
140 161
111 162
163 164
143 165
166 24
29 167
168 94
169 170
4 171
40 43
172 173
0 43
105 174
175 176
10 177
161 50
178 179
180 181
154 182
183 32
51 184
156 185
26 186
187 188
189 190
153 76
191 192
174 104
193 194
105 195
159 196
197 69
198 199
200 43
201 10
32 54
202 203
172 167
204 55
205 121
206 207
122 208
209 50
210 19
40 208
72 192
211 26
212 21
196 213
168 95
214 215
216 113
117 217
218 125
219 220
221 76
222 223
222 208
224 219
225 226
227 228
180 150
229 13
127 230
231 232
14 169
107 233
8 234
57 139
235 236
73 237
180 146
238 239
30 87
128 240
180 69
241 48
242 243
182 48
244 158
119 104
47 245
58 148
246 93
3 247
32 248
163 249
122 24
250 121
193 51
251 50
59 194
252 115
38 253
40 35
254 255
32 168
129 256
155 76
143 257
54 92
258 102
143 10
30 259
67 260
65 261
12 262
111 123
255 77
25 263
264 113
96 265
60 266
195 267
89 19
268 245
238 269
38 270
109 76
201 165
271 261
59 81
149 180
49 272
125 205
273 77
201 55
185 50
138 207
274 76
275 276
44 277
277 278
194 226
30 278
232 69
202 279
161 218
280 18
14 117
281 197
117 56
231 282
228 5
122 93
56 202
283 245
284 285
130 48
128 118
10 139
286 287
196 27
215 76
44 30
10 288
191 7
212 104
289 290
25 174
4 228
27 291
212 292
293 233
294 233
295 296
297 298
268 158
299 294
295 300
70 111
89 301
302 117
128 174
303 79
304 305
53 21
21 306
187 307
308 241
309 93
184 13
253 134
310 43
311 27
44 312
122 167
313 147
56 4
314 186
73 224
199 181
315 235
316 317
21 318
110 319
228 203
38 245
131 115
103 292
8 320
232 13
321 322
187 13
65 271
323 41
294 69
324 69
97 265
325 174
297 326
248 327
328 207
287 13
329 77
330 81
210 331
319 332
333 334
10 45
122 335
25 173
218 49
336 192
56 140
25 304
287 256
57 337
129 280
210 338
321 339
129 340
273 139
341 342
38 226
256 340
238 24
343 192
141 139
344 3
65 197
345 346
347 348
131 349
350 101
292 104
168 351
143 352
227 14
202 161
193 7
88 313
83 273
12 305
353 354
287 355
356 43
357 358
196 359
16 192
360 361
117 269
362 363
193 130
51 229
22 292
82 273
105 30
30 364
40 365
366 367
138 368
193 25
369 370
89 371
372 286
59 244
89 373
145 57
165 332
163 374
231 68
59 231
92 285
14 375
169 117
376 44
277 124
377 212
378 10
214 182
379 20
131 182
377 380
10 381
16 147
273 104
382 383
10 326
4 203
211 384
89 385
231 80
386 233
36 50
40 335
268 48
324 150
131 252
197 13
387 388
225 389
40 174
195 278
380 77
255 103
38 158
143 83
285 102
231 330
4 50
130 390
280 13
59 283
391 94
53 292
136 290
392 236
391 201
108 241
308 274
68 13
