80,1 1
67,1 1
151,1 1
63,7 1
63,6 2
63,5 2
63,4 1
63,3 9
63,2 5
63,1 4
136,2 2
136,1 1
61,4 1
61,3 2
61,2 2
61,1 2
48,1 1
134,1 2
132,2 1
46,1 1
132,1 1
119,1 1
208,3 2
208,2 2
208,1 1
188,3 2
188,2 8
188,1 1
206,1 1
42,1 1
29,1 3
27,1 2
113,1 1
98,2 1
98,1 2
202,1 1
25,2 1
25,1 1
96,1 3
169,1 1
200,1 1
94,1 1
167,1 1
21,1 1
92,1 1
79,2 2
79,1 3
77,2 3
77,1 1
163,1 1
161,1 1
73,1 1
146,1 2
71,2 1
71,1 1
144,2 1
144,1 1
129,1 2
52,6 1
127,1 1
52,5 2
52,4 2
52,3 1
198,1 1
52,2 9
52,1 4
39,2 2
39,1 7
125,1 2
50,1 1
123,2 1
37,1 2
123,1 2
1,1 1
35,1 2
108,1 2
33,1 1
106,1 1
177,1 1
31,3 1
31,2 8
18,2 2
31,1 2
18,1 8
102,3 8
16,1 3
102,2 6
102,1 2
87,1 1
173,2 1
173,1 1
14,2 7
14,1 4
100,2 2
100,1 1
12,4 2
171,1 1
12,3 2
12,2 2
12,1 3
10,2 2
10,1 2
68,1 2
66,2 1
66,1 1
152,1 3
64,1 2
62,3 1
62,2 3
62,1 2
49,1 3
133,5 1
133,4 2
133,3 2
47,2 1
47,1 2
133,2 2
133,1 3
209,1 1
118,2 1
118,1 1
43,1 1
116,1 1
187,4 2
187,3 5
187,2 4
187,1 2
41,2 1
205,1 1
41,1 2
99,1 1
26,2 3
26,1 3
112,1 5
97,1 1
168,9 1
201,1 1
168,8 2
168,7 2
24,2 4
168,6 1
22,8 1
24,1 5
22,7 2
168,5 6
110,1 1
22,6 2
168,4 5
93,8 1
22,5 1
168,3 5
168,2 6
181,1 1
93,7 2
22,4 9
168,1 2
93,6 2
22,3 5
93,5 1
22,2 5
93,4 9
22,1 4
93,3 5
93,2 4
93,1 1
166,1 1
20,2 1
20,1 2
91,1 2
78,1 3
149,1 1
147,3 2
147,2 3
147,1 2
59,5 1
59,4 2
145,5 2
59,3 2
145,4 2
72,1 1
145,3 2
59,2 2
59,1 3
145,2 6
145,1 4
57,1 1
143,2 2
143,1 2
8,1 5
55,1 1
6,1 3
53,4 1
53,3 8
53,2 2
53,1 1
4,1 1
51,2 4
51,1 5
2,2 1
2,1 2
195,1 2
0,2 1
122,1 2
0,1 2
120,1 1
105,8 1
105,7 2
105,6 2
105,5 1
105,4 9
32,1 1
105,3 5
105,2 4
105,1 1
176,2 1
176,1 1
103,1 1
88,1 1
15,1 2
157,8 1
159,1 3
13,3 2
13,2 2
157,7 2
157,6 2
13,1 2
157,5 1
157,4 9
84,1 1
157,3 5
157,2 4
157,1 2
82,3 2
82,2 5
82,1 3
69,1 1
155,1 1
