0 1
2 3
4 5
6 7
8 9
10 11
12 13
14 15
16 17
18 19
20 21
22 19
23 24
25 26
27 28
29 30
31 32
33 34
35 36
37 17
38 39
1 40
41 42
43 44
45 46
47 48
49 50
51 52
53 11
54 45
55 56
57 58
59 60
61 62
63 64
27 65
66 67
68 69
70 43
71 72
73 74
75 11
76 77
78 79
80 81
82 83
84 85
86 87
88 89
18 90
91 92
93 94
95 9
96 97
98 99
16 100
101 102
103 104
105 106
107 108
109 110
111 112
113 89
71 11
77 40
114 115
71 116
117 118
119 101
120 121
65 122
123 124
125 126
127 13
128 129
130 131
132 133
65 134
135 136
137 111
138 60
139 140
141 142
143 89
65 136
144 145
146 17
147 98
148 149
150 151
40 152
153 154
113 155
156 157
158 159
160 161
141 136
162 155
163 42
164 165
166 167
168 60
169 170
11 134
171 136
172 106
173 153
174 131
18 151
175 82
176 177
149 178
179 121
180 181
182 183
184 7
185 131
186 11
187 183
184 188
189 190
191 11
84 137
128 192
27 193
23 192
194 195
196 197
198 67
157 199
108 200
201 202
57 203
204 205
206 9
184 207
147 208
209 210
187 211
35 212
213 123
214 215
216 91
120 217
218 219
220 221
6 222
223 224
2 11
225 139
137 226
227 228
229 230
16 231
207 60
232 233
234 235
121 236
196 237
80 31
238 38
61 239
199 240
241 242
243 136
195 99
244 13
226 136
74 245
246 247
137 248
249 245
204 250
251 252
253 89
254 16
38 66
255 256
223 212
257 161
150 258
259 202
163 260
261 60
262 25
118 263
47 260
95 13
264 27
250 265
266 11
213 124
113 258
125 267
12 19
268 269
18 270
271 149
157 272
80 273
274 168
275 276
277 99
278 279
278 260
280 275
281 217
282 283
121 192
284 19
170 285
286 287
20 218
143 288
14 289
71 183
290 116
96 291
121 189
292 293
36 112
171 294
121 89
295 50
296 58
1 12
297 298
237 58
299 203
57 300
72 191
301 122
5 302
38 303
304 305
209 306
307 308
309 161
310 311
246 61
312 60
313 154
45 314
47 42
315 316
38 213
172 317
197 99
187 318
66 119
187 16
164 319
36 320
85 321
243 72
322 139
81 323
147 166
316 100
324 149
128 221
267 325
248 326
114 25
327 300
292 328
45 329
145 99
249 151
254 211
330 323
120 106
64 89
59 331
168 257
332 100
64 12
254 67
240 60
182 202
333 99
334 335
336 311
54 337
337 338
247 217
12 190
36 338
287 89
255 339
273 74
340 24
207 274
341 24
20 157
342 253
157 70
286 343
283 7
74 19
163 122
70 255
126 300
344 122
345 346
228 58
347 348
171 158
16 183
77 89
349 350
73 89
250 33
269 99
54 36
16 351
244 9
264 136
352 353
175 226
6 283
33 354
264 355
307 74
356 288
162 288
357 358
359 360
361 362
327 203
31 162
357 363
364 365
93 147
114 366
367 157
368 369
227 370
0 175
171 226
371 102
372 258
65 27
27 373
374 296
375 376
377 122
239 19
125 9
314 177
378 11
379 33
54 380
163 212
381 190
70 6
96 280
251 382
383 384
385 386
27 387
146 388
283 256
45 300
173 154
135 355
14 389
287 19
390 391
361 19
362 392
81 330
393 48
162 89
394 89
129 221
395 226
359 396
303 397
64 40
350 19
398 100
399 106
262 400
388 401
402 16
403 404
16 55
163 405
175 224
274 59
70 184
175 372
350 317
172 341
262 406
390 407
172 408
332 183
409 151
410 142
80 113
45 217
317 408
411 13
185 183
412 5
81 253
413 414
415 416
417 418
120 419
420 421
173 422
423 133
355 136
213 424
282 20
255 207
273 89
246 9
18 258
40 245
425 426
350 308
427 11
428 429
250 430
332 11
22 13
431 432
433 434
157 328
435 436
246 228
61 284
409 192
28 355
137 36
36 437
47 438
439 440
182 441
150 190
246 175
442 443
114 444
445 349
125 228
114 446
211 401
209 447
286 88
120 286
119 346
125 299
20 448
218 157
449 54
337 167
450 264
451 16
268 237
452 26
173 237
450 453
16 454
22 190
455 376
332 136
310 456
457 458
16 396
6 256
459 460
461 462
114 463
286 105
464 288
43 60
47 405
327 58
394 192
173 313
253 19
465 466
281 467
47 226
248 338
453 100
316 135
468 136
45 203
187 108
469 470
346 134
286 399
6 60
341 19
471 123
65 355
180 353
144 296
374 333
88 19
