[272, 202, 19, 24]
[313, 19, 91]
[326, 227]
[102, 19, 24]
[290, 123, 62, 204, 166, 221, 129, 52]
[234, 71, 274]
[237, 258, 143]
[135, 19, 24]
[54, 55]
[331, 19, 354]
[82, 28, 315]
[195, 11]
[30, 172, 123, 62, 147, 87]
[217, 17, 214]
[313, 19, 179]
[126, 9, 21]
[224, 113]
[197, 215]
[192, 19, 354]
[30, 123, 62, 147, 166]
[250, 72]
[53, 9, 21]
[92, 3]
[62, 204]
[34, 287, 70]
[351, 19, 15]
[278, 3]
[92, 19, 15]
[202, 19, 187]
[234, 183, 40, 137]
[154, 11]
[82, 19, 354]
[172, 123, 62, 204, 205]
[45, 52]
[8, 9, 21]
[30, 172, 123, 62, 45, 46]
[196, 19, 24]
[224, 30, 123, 62, 147, 166, 221, 129, 212, 116]
[123, 62, 147, 13]
[82, 19, 91]
[183, 71, 236]
[328, 104]
[233, 19, 15]
[22, 303]
[331, 19, 179]
[136, 312]
[122, 123, 62, 12, 113, 205]
[224, 30, 172, 123, 62, 12, 13]
[0, 15]
[97, 19]
[290, 123, 219]
[162, 19, 15]
[192, 19, 179]
[88, 19, 15]
[273, 123, 62, 147, 87]
[30, 172, 123, 62, 147, 166, 221, 129, 52]
[252, 19, 15]
[290, 123, 62, 204, 277]
[200, 19, 179]
[224, 30, 123, 62, 147, 166, 221, 129, 52]
[157, 17, 214, 33, 59, 287]
[59, 287, 70]
[242, 80, 11]
[232, 19, 49]
[63, 64, 142]
[260, 113, 205]
[233, 3]
[134, 19, 15]
[166, 221, 51]
[269, 325]
[181, 163, 70]
[193, 123, 62, 204, 205]
[122, 123, 62, 12, 205]
[166, 221, 129]
[16, 17, 214, 33, 34, 287]
[234, 37]
[86, 191]
[217, 17, 214, 33, 34, 287, 70]
[40, 137]
[66, 19, 187]
[82, 19, 179]
[331, 19, 49]
[128, 19, 49]
[169, 170]
[123, 160, 188, 52]
[62, 147, 166]
[64, 256]
[88, 19]
[243, 17, 294]
[204, 166, 221, 129]
[211, 19, 187]
[217, 17, 214, 33, 34]
[249, 19, 24]
[101, 21]
[154, 19, 24]
[234, 183, 71, 72]
[353, 202, 19, 91]
[183, 184, 137]
[30, 172, 123, 62, 147, 166, 221, 129, 212, 116]
[249, 11]
[224, 30, 123, 62, 204, 166, 221, 51, 267]
[355, 17, 214, 287, 70]
[217, 17, 214, 33, 59, 287, 70]
[355, 17, 294]
[242, 19, 91]
[223, 70]
[217, 17]
[96, 19, 91]
[82, 19, 49, 50]
[234, 183]
[182, 19, 24]
[259, 117]
[304, 76]
[30, 123, 160, 188, 52]
[103, 104]
[163, 105]
[193, 123, 62, 45, 52]
[266, 171, 42]
[279, 19, 49]
[29, 19, 354]
[324, 19, 24]
[344, 19, 49, 50]
[342, 19, 49, 50]
[43, 44]
[180, 19, 91]
[56, 15]
[136, 1]
[212, 116]
[62, 204, 166, 221, 129]
[279, 19, 187]
[122, 123, 62, 147, 166, 221, 129, 52]
[172, 123, 62, 204, 166, 221, 129, 212, 116]
[36, 55, 106, 70]
[235, 120]
[296, 64, 117]
[234, 37, 222]
[202, 19, 49, 50]
[30, 123, 62, 147, 166, 52]
[97, 19, 15]
[123, 62, 147]
[98, 55, 106]
[86, 13]
[100, 19, 49]
[199, 19, 91]
[123, 62, 147, 166]
[157, 17, 214]
[18, 19, 15]
[245, 195]
[273, 123, 62, 147, 166, 221, 129, 52]
[185, 19, 49, 50]
[30, 31]
[30, 172, 123, 62, 147, 166, 52]
[171, 72]
[327, 19, 49]
[164, 197, 338]
[17, 214, 33, 59]
[110, 19, 15]
[167, 168]
[30, 172, 123, 58]
[290, 123, 62, 147, 166, 221, 51]
[224, 30, 172, 123, 62, 12, 52]
[214, 33, 59, 287]
[216, 19, 179]
[54, 91]
[221, 129]
[151, 19, 187]
[74, 19, 354]
[81, 3]
[30, 172, 123, 160]
[101, 67]
[57, 61, 302]
[30, 123, 62, 204, 166, 221, 129, 212, 116]
[92, 19, 49, 50]
[123, 62, 147, 166, 221, 129, 212]
[290, 123, 62, 12, 113, 205]
[2, 19]
[10, 67]
[265, 19, 91]
[342, 19, 15]
[17, 214, 33, 291]
[273, 123, 160, 188]
[174, 28, 315]
[74, 19, 15]
[54, 55, 15]
[20, 19, 49]
[224, 30, 172, 123, 62, 147, 166, 221, 51]
[151, 19, 49]
[55, 106, 287]
[123, 62, 45]
[290, 123, 62, 147, 166, 221]
[126, 19, 24]
[122, 123, 62, 12, 113]
[189, 190]
[207, 28]
[224, 30, 172, 123, 160, 188]
[228, 19, 49]
[224, 30, 123, 62, 45, 52]
[29, 19, 179]
[237, 258, 143, 144, 105]
[123, 62, 12, 175]
[197, 38, 286]
[118, 11]
[61, 302]
[157, 61, 24]
[207, 28, 315]
[92, 19, 354]
[97, 67]
[160, 188, 52]
[157, 17, 214, 33, 34, 287, 70]
[97, 19, 91]
[30, 123, 62, 204, 166, 221, 51]
[331, 19, 91]
[216, 19, 354]
[249, 19]
[321, 71, 236]
[9, 21]
[30, 172, 123, 62, 204, 166, 221, 51, 267]
[224, 30, 123, 62, 147, 166, 221, 129, 212]
[172, 123, 62, 204, 166]
[59, 99]
[123, 62, 147, 166, 221, 129, 212, 116]
[207, 19, 24]
[217, 17, 294]
[290, 123, 62, 204, 166, 221, 51, 52]
[221, 129, 52]
[234, 183, 150, 40]
[340, 262]
[273, 123, 62, 45]
[228, 3]
[193, 123, 160, 188, 52]
[193, 123, 62, 12, 113, 205]
[47, 67]
[123, 62, 147, 166, 221, 51]
[358, 288]
[147, 166, 221, 51]
[97, 21]
[313, 19, 49]
[125, 9]
[81, 9]
[233, 19]
[145, 91]
[33, 59, 105]
[353, 202, 19, 179]
[290, 123, 62, 12]
[214, 33, 159]
[172, 123, 62, 147, 87]
[289, 210]
[176, 24]
[224, 30, 172, 123, 62, 204]
[245, 237, 258, 143, 144, 105]
[198, 19, 49]
[200, 19, 49, 50]
[355, 17, 214, 33, 34, 287]
[62, 12, 205]
[193, 123, 62, 45]
[224, 30, 123, 62, 12, 113]
[82, 19, 15]
[243, 17, 214, 33, 59, 99]
[353, 202, 19, 354]
[122, 123, 62, 204, 166]
[234, 71]
[2, 21]
[342, 19, 187]
[185, 19, 49]
[237, 258, 143, 144]
[242, 19, 15]
[188, 52]
[2, 19, 24]
[129, 52]
[316, 65]
[154, 3]
[329, 24]
[234, 71, 72]
[30, 172, 123, 219]
[242, 19]
[224, 30, 172, 123, 62, 45]
[63, 364]
[172, 123, 160]
[122, 123, 62, 147, 166, 221, 129]
[207, 19, 354]
[214, 70]
[157, 61, 302]
[30, 123, 62, 204, 205]
[172, 123, 62, 147, 166]
[35, 36, 55, 106, 70]
[93, 94]
[355, 17, 214, 33, 59, 70]
[66, 19, 24]
[74, 28]
[122, 123, 62, 12, 13]
[1, 70]
[367, 368]
[234, 71, 236]
[30, 123, 62, 147, 166, 221, 51]
[162, 19, 91]
[290, 123, 62, 12, 113, 13]
[355, 17, 294, 15]
[183, 171, 208]
[242, 19, 49, 50]
[102, 11]
[122, 123, 62, 147, 87]
[232, 19, 91]
[30, 123, 62, 45]
[19, 187]
[122, 123, 62, 147, 166, 52]
[287, 70]
[355, 17, 214, 287]
[199, 19, 15]
[36, 55]
[136, 356]
[264, 55, 106, 70]
[302, 315]
[118, 19]
[66, 19, 49, 50]
[193, 123, 160]
[125, 3]
[17, 214, 33, 34, 287]
[235, 308]
[204, 166, 52]
[290, 123, 62, 204, 166, 221, 129]
[193, 123, 62, 204, 166, 221, 51]
[353, 202, 3]
[186, 61, 302]
[273, 123, 62, 204, 166, 221, 51, 52]
[330, 271]
[199, 19, 354]
[206, 13]
[62, 12, 113, 13]
[27, 19, 24]
[88, 19, 179]
[228, 21]
[16, 17, 214, 33, 34]
[353, 202, 19, 49]
[211, 19, 24]
[193, 123, 62, 204]
[154, 19]
[247, 248]
[290, 123, 62, 147, 166, 221, 129, 212, 116]
[202, 28, 315]
[349, 19, 24]
[224, 30, 123, 62, 12, 113, 13]
[59, 33, 34]
[2, 67]
[193, 123, 62, 204, 166, 221, 51, 52]
[29, 19]
[74, 19, 187]
[321, 71, 274]
[280, 281]
[30, 123, 62, 147, 13]
[265, 263]
[185, 19, 91]
[62, 12, 113]
[161, 11]
[216, 19, 49, 50]
[224, 30, 123, 62, 12]
[41, 42]
[198, 19, 179]
[17, 214, 33, 159]
[62, 204, 205]
[172, 123, 58]
[327, 19, 91]
[131, 225]
[196, 19, 15]
[158, 80, 11]
[234, 37, 1]
[199, 19, 179]
[157, 17, 294]
[258, 143]
[125, 11]
[207, 19, 179]
[30, 172, 123, 62, 147, 166, 221, 129]
[180, 19, 15]
[228, 19, 91]
[186, 61, 302, 315]
[111, 19, 49, 50]
[146, 55, 106]
[123, 62, 204, 166, 221, 129, 52]
[136, 268]
[295, 38, 286]
[224, 30, 172, 123, 62, 147, 166, 221, 129, 212, 116]
[54, 55, 106, 287, 70]
[157, 17, 214, 33, 59, 287, 70]
[366, 67]
[111, 19, 15]
[362, 363]
[30, 123, 62, 204]
[20, 3]
[200, 19, 15]
[111, 19]
[123, 160, 188]
[214, 33, 59, 70]
[183, 171, 72]
[150, 40]
[81, 9, 21]
[100, 19, 91]
[273, 123, 62, 204, 166, 221, 51, 267]
[172, 123, 160, 188]
[95, 19]
[224, 30, 123]
[151, 19, 49, 50]
[224, 30, 172, 123, 62, 147, 166, 221, 129]
[36, 55, 106]
[123, 62, 204, 166, 221, 129, 212, 116]
[110, 19, 91]
[234, 183, 171, 72]
[245, 246]
[353, 202]
[211, 19, 354]
[204, 277]
[185, 19, 187]
[92, 19, 179]
[118, 19, 49, 50]
[224, 30, 123, 160]
[101, 19, 15]
[66, 19, 354]
[157, 17, 214, 33, 34]
[48, 19, 187]
[96, 19, 49]
[109, 191, 116]
[62, 204, 166, 221, 51]
[30, 172, 123, 62, 12, 175]
[18, 19, 91]
[123, 62, 12]
[134, 19]
[237, 258]
[92, 11]
[199, 19, 187]
[127, 19, 24]
[185, 19, 354]
[189, 190, 91]
[92, 19, 49]
[62, 204, 166, 221, 129, 52]
[249, 19, 179]
[97, 19, 24]
[123, 62, 147, 166, 221]
[146, 55, 106, 70]
[128, 67]
[122, 123, 219]
[243, 17, 214, 33]
[157, 17, 214, 33, 59, 99]
[272, 202, 19, 49, 50]
[30, 172, 123, 62, 12]
[265, 19, 15]
[106, 70]
[290, 123, 62, 204, 166, 221, 51]
[214, 33, 59, 105]
[86, 87]
[101, 19]
[290, 123, 62, 12, 205]
[123, 62, 204, 166, 221, 129]
[146, 55, 106, 287]
[123, 62, 147, 166, 221, 51, 52]
[290, 123, 62, 147, 166, 52]
[122, 123, 62, 204, 166, 221, 129]
[233, 19, 24]
[33, 301]
[48, 19, 24]
[48, 19, 179]
[193, 123, 62, 147, 166, 221, 51, 267]
[171, 208]
[17, 214, 33, 59, 105]
[200, 19, 49]
[102, 19, 15]
[157, 17, 214, 287]
[49, 50]
[123, 62, 204]
[150, 40, 137]
[12, 113, 205]
[221, 129, 212]
[343, 11]
[30, 123, 62, 204, 166]
[265, 19, 187]
[273, 123, 62, 204, 166, 52]
[245, 275, 276]
[30, 172, 123, 62, 204, 166, 221, 129, 52]
[27, 19, 354]
[331, 19, 15]
[22, 23]
[55, 106, 287, 70]
[261, 262, 274]
[317, 255]
[344, 19, 49]
[245, 195, 80]
[157, 58]
[344, 19]
[224, 30, 123, 62]
[157, 61, 302, 315]
[214, 33, 59]
[85, 19, 24]
[195, 67]
[30, 172, 123, 62, 204, 166, 221, 51]
[313, 19, 187]
[192, 19]
[126, 80]
[353, 202, 19, 49, 50]
[114, 105]
[348, 308]
[193, 123, 62]
[273, 123, 62, 204, 166, 221, 129]
[228, 19, 354]
[353, 202, 19]
[223, 15]
[37, 1]
[79, 80, 11]
[361, 58]
[311, 312]
[48, 19, 354]
[232, 19]
[218, 175]
[249, 19, 15]
[237, 258, 339, 89, 21]
[193, 123, 62, 147, 13]
[272, 202, 19, 15]
[88, 19, 24]
[171, 42]
[148, 149]
[245, 275]
[130, 131, 225]
[59, 33, 34, 287, 70]
[102, 19, 179]
[172, 123, 62, 147, 166, 221, 129]
[62, 204, 166, 221, 129, 212, 116]
[164, 165]
[144, 105]
[62, 204, 277]
[134, 19, 49]
[122, 123, 62, 12]
[162, 19, 24]
[146, 55, 15]
[14, 91]
[290, 123, 62, 147, 166, 221, 129]
[97, 3]
[265, 19]
[62, 12, 52]
[243, 17, 214, 33, 301]
[243, 17, 214, 33, 59]
[355, 17, 214, 70]
[331, 19, 187]
[8, 21]
[102, 19, 354]
[127, 19, 179]
[182, 11]
[2, 19, 15]
[154, 19, 354]
[237, 258, 339, 89]
[252, 19, 91]
[224, 30, 123, 62, 147, 166, 221, 51, 267]
[92, 19]
[245, 237, 258]
[172, 123, 62, 147, 166, 221, 51, 267]
[265, 19, 49, 50]
[347, 144]
[122, 123, 62, 204, 166, 221, 129, 52]
[234, 37, 222, 137]
[135, 19]
[290, 123, 62, 204, 205]
[29, 19, 49]
[151, 19, 15]
[122, 123, 62, 204, 166, 52]
[290, 123, 62, 204, 166, 221]
[128, 19, 15]
[342, 19, 24]
[118, 19, 24]
[245, 237, 258, 339, 89]
[224, 30, 172, 123, 62, 147, 87]
[180, 21]
[269, 288]
[243, 17, 214, 33, 59, 70]
[332, 333]
[228, 19, 15]
[214, 33]
[27, 19, 179]
[111, 19, 91]
[240, 11]
[101, 11]
[29, 19, 49, 50]
[0, 1, 70]
[132, 11]
[62, 147]
[30, 123, 62, 147, 166, 221, 129, 212]
[217, 17, 214, 33, 59, 105]
[85, 19, 187]
[182, 19, 15]
[217, 17, 214, 33, 291]
[30, 123, 62, 204, 166, 221, 129]
[290, 123]
[35, 36]
[132, 263]
[295, 38, 39]
[154, 19, 15]
[33, 34]
[96, 19, 179]
[224, 30, 123, 62, 12, 205]
[122, 123, 62, 147, 166, 221, 129, 212]
[95, 19, 49]
[185, 19, 24]
[264, 55, 15]
[355, 17, 214, 33, 59]
[62, 45, 52]
[62, 147, 166, 221, 51, 52]
[62, 147, 87]
[166, 221, 129, 212, 116]
[237, 3]
[224, 30, 172, 123, 62, 12, 205]
[112, 113]
[122, 123, 160, 188]
[224, 30, 172, 123, 62, 12, 113]
[95, 19, 187]
[10, 19, 49, 50]
[154, 19, 179]
[282, 144]
[290, 123, 160, 188, 52]
[18, 19, 49, 50]
[122, 123, 62, 147]
[135, 19, 49, 50]
[273, 123, 62, 12, 175]
[172, 123, 62, 147, 166, 52]
[185, 3]
[60, 61, 302]
[136, 44]
[220, 210]
[127, 19]
[224, 30, 172, 123, 62, 204, 166, 52]
[28, 315]
[290, 123, 62, 12, 113]
[224, 30, 123, 62, 204, 166, 221, 51]
[237, 258, 339]
[273, 123, 62, 147, 166, 221, 129, 212, 116]
[224, 30, 172, 123, 62, 147, 166, 221, 51, 52]
[272, 202]
[122, 123, 62, 12, 52]
[54, 55, 106, 287]
[334, 149]
[30, 172, 123, 62, 147]
[10, 19, 24]
[166, 221, 129, 52]
[30, 172, 123, 62, 204, 166, 221, 129, 212, 116]
[296, 64, 256]
[20, 19, 15]
[344, 19, 187]
[166, 221]
[122, 123, 62, 45, 46]
[157, 17]
[62, 147, 166, 221, 129]
[222, 137]
[202, 19, 24]
[232, 11]
[172, 123]
[110, 19, 24]
[224, 30, 172, 123, 62, 204, 205]
[33, 34, 287]
[214, 33, 34, 287, 70]
[228, 19, 179]
[185, 19]
[157, 17, 214, 33, 59, 105]
[243, 17, 214, 287, 70]
[313, 19]
[164, 197, 215]
[192, 19, 49]
[102, 19]
[183, 150, 40]
[123, 62, 45, 52]
[127, 19, 354]
[157, 17, 214, 33]
[183, 150]
[200, 19]
[75, 76]
[123, 62, 204, 277]
[337, 163, 70]
[182, 19]
[273, 123, 62, 147, 166, 221, 129, 212]
[290, 123, 62, 147, 87]
[224, 30, 123, 62, 147]
[234, 183, 171, 42]
[30, 123, 62, 12]
[147, 166, 221, 129]
[30, 172, 123, 62, 204, 166, 221, 51, 52]
[224, 30, 123, 62, 147, 166, 52]
[92, 19, 91]
[290, 123, 62]
[273, 123, 62, 204, 277]
[183, 40, 137]
[193, 123, 62, 12]
[122, 123, 62]
[110, 19, 49, 50]
[30, 123, 62, 204, 166, 221, 51, 267]
[30, 172]
[66, 19, 15]
[178, 3]
[200, 19, 91]
[266, 171, 236]
[214, 33, 59, 287, 70]
[55, 106]
[74, 19, 24]
[266, 171, 369]
[36, 55, 15]
[193, 123, 219]
[193, 123, 62, 12, 175]
[18, 19, 49]
[30, 172, 123, 62, 147, 166, 221, 51, 52]
[258, 143, 144, 105]
[79, 80]
[228, 19, 187]
[82, 28]
[204, 166, 221, 51, 52]
[123, 62, 204, 166, 221, 51, 267]
[123, 62, 12, 52]
[162, 19, 179]
[138, 64]
[164, 197, 38]
[82, 19, 24]
[147, 13]
[202, 19, 15]
[74, 28, 315]
[290, 123, 62, 147, 166, 221, 51, 52]
[74, 19]
[85, 19, 354]
[193, 123, 62, 147, 166, 221, 51]
[224, 30, 172, 123, 62]
[224, 30, 172, 123, 62, 204, 166, 221, 51, 52]
[29, 19, 187]
[313, 19, 49, 50]
[19, 49]
[122, 123, 62, 147, 166, 221, 51, 267]
[122, 123, 62, 45, 52]
[185, 21]
[193, 123, 62, 45, 46]
[12, 113]
[154, 19, 49, 50]
[193, 123, 62, 147, 166, 221, 129, 212]
[232, 19, 49, 50]
[198, 28]
[30, 172, 173]
[234, 183, 171, 208]
[163, 70]
[183, 150, 40, 231]
[172, 123, 62, 204, 166, 221, 129, 52]
[30, 172, 123, 62]
[30, 172, 123, 62, 204, 166]
[30, 123, 62, 12, 52]
[128, 19, 91]
[290, 123, 62, 147, 166, 221, 51, 267]
[243, 17, 214, 33, 34, 287]
[292, 254]
[340, 262, 274]
[30, 123, 62, 147]
[62, 204, 166, 221, 51, 52]
[193, 123, 62, 12, 113, 13]
[224, 30, 123, 219]
[234, 183, 150]
[162, 19]
[110, 19, 179]
[30, 123, 62, 12, 175]
[172, 123, 62, 12, 175]
[193, 123, 62, 204, 166, 221, 129, 52]
[47, 11]
[169, 346]
[224, 30, 123, 62, 45]
[290, 123, 62, 45]
[2, 11]
[17, 214, 33, 59, 287]
[238, 99]
[185, 19, 15]
[324, 19, 49, 50]
[30, 172, 123, 62, 147, 166]
[273, 123, 62, 204, 166, 221, 129, 52]
[273, 123, 62, 12]
[243, 17, 214]
[30, 123, 62, 147, 166, 221, 129, 212, 116]
[273, 123, 62, 147]
[183, 71]
[217, 17, 214, 33, 59, 287]
[228, 19]
[138, 64, 142]
[224, 30, 123, 62, 147, 13]
[102, 19, 91]
[123, 62, 204, 166, 52]
[135, 28]
[101, 3]
[249, 105]
[353, 202, 19, 15]
[57, 58]
[272, 202, 28, 315]
[162, 19, 354]
[22, 230]
[60, 61, 302, 315]
[154, 19, 91]
[166, 221, 129, 212]
[112, 113, 205]
[278, 9]
[349, 19]
[17, 214, 33, 59, 99]
[75, 121]
[224, 30, 172, 123, 62, 12]
[134, 91]
[342, 19, 179]
[57, 61, 24]
[207, 19, 187]
[30, 123, 62, 147, 166, 221, 129, 52]
[123, 62, 12, 13]
[232, 19, 187]
[30, 123, 62, 147, 166, 221, 51, 52]
[211, 19, 15]
[193, 123, 62, 147, 166, 221, 129]
[172, 123, 62, 12, 113, 205]
[197, 38, 39]
[204, 166, 221]
[224, 113, 13]
[355, 17, 214]
[30, 350]
[20, 19, 91]
[62, 204, 166, 221, 129, 212]
[135, 19, 179]
[134, 19, 91]
[27, 19]
[242, 19, 24]
[107, 11]
[185, 67]
[161, 263]
[101, 19, 24]
[253, 40, 231]
[33, 59, 70]
[30, 123, 62, 45, 52]
[51, 52]
[30, 123, 62, 204, 166, 221, 51, 52]
[180, 19, 49]
[252, 19, 49]
[224, 30, 172, 123, 62, 147, 166]
[296, 64]
[245, 237, 11]
[224, 30, 123, 62, 147, 166, 221, 129]
[216, 19, 24]
[111, 19, 49]
[233, 203]
[185, 19, 179]
[249, 19, 91]
[118, 19, 187]
[29, 19, 91]
[110, 19, 354]
[352, 210]
[204, 166, 221, 51, 267]
[193, 123, 62, 204, 277]
[249, 19, 354]
[141, 117]
[204, 166, 221, 129, 212]
[172, 123, 62]
[183, 71, 274]
[135, 67]
[313, 19, 354]
[92, 67]
[135, 19, 354]
[272, 202, 28]
[14, 15]
[97, 11]
[151, 19, 91]
[228, 19, 49, 50]
[217, 17, 214, 287, 70]
[224, 30, 123, 62, 204, 277]
[95, 19, 91]
[265, 19, 24]
[199, 19, 24]
[62, 204, 166, 52]
[279, 19, 49, 50]
[36, 55, 106, 287]
[114, 91]
[224, 30, 172, 123, 62, 204, 166, 221, 51]
[224, 30, 123, 58]
[224, 30, 172, 123, 62, 204, 166]
[146, 55, 106, 287, 70]
[109, 87]
[245, 237]
[17, 214, 287]
[16, 17, 214, 287]
[59, 105]
[217, 17, 214, 33, 301]
[122, 123, 62, 147, 13]
[172, 123, 62, 204]
[224, 30, 172, 123, 62, 12, 113, 13]
[92, 21]
[128, 19, 49, 50]
[193, 123, 160, 188]
[290, 123, 160]
[172, 123, 160, 188, 52]
[12, 205]
[62, 147, 166, 221, 129, 212, 116]
[224, 30, 123, 62, 147, 166, 221, 51]
[290, 123, 62, 147]
[147, 166, 221]
[245, 237, 258, 143]
[30, 172, 123, 62, 147, 166, 221, 129, 212]
[351, 19, 24]
[178, 203]
[349, 19, 15]
[172, 123, 62, 204, 166, 221, 129, 212]
[273, 123, 219]
[342, 19, 354]
[243, 17, 214, 33, 159]
[157, 17, 294, 15]
[16, 17, 214]
[265, 19, 179]
[207, 19, 49, 50]
[154, 19, 187]
[48, 19, 15]
[172, 173]
[172, 123, 62, 147, 166, 221, 51]
[353, 202, 28]
[63, 64, 256]
[234, 183, 71, 274]
[283, 76]
[260, 113, 13]
[130, 131]
[196, 19]
[272, 202, 19, 49]
[30, 172, 123, 62, 204, 166, 221, 129, 212]
[261, 262]
[202, 19]
[38, 39]
[253, 156]
[102, 19, 49]
[166, 221, 51, 267]
[357, 363]
[331, 19, 24]
[136, 1, 70]
[126, 19, 354]
[224, 30, 123, 62, 204, 166, 221, 129, 212]
[135, 19, 49]
[347, 144, 105]
[196, 19, 49]
[157, 17, 214, 33, 159]
[10, 19, 15]
[224, 30, 172, 123, 160, 188, 52]
[37, 222]
[224, 30, 172, 123, 62, 147, 166, 221, 129, 212]
[2, 19, 354]
[224, 30, 123, 62, 12, 13]
[10, 19, 187]
[243, 17]
[324, 19]
[80, 11]
[224, 30, 172, 123, 62, 147, 166, 221, 129, 52]
[30, 172, 123, 62, 147, 166, 221, 51]
[95, 19, 354]
[102, 19, 187]
[252, 19]
[30, 172, 123, 62, 204, 166, 52]
[224, 30, 123, 62, 147, 166]
[66, 67]
[164, 197]
[211, 19]
[243, 17, 214, 33, 34, 287, 70]
[180, 19]
[127, 19, 187]
[172, 123, 62, 12, 13]
[2, 19, 91]
[126, 3]
[327, 19, 187]
[321, 71]
[183, 171, 42]
[62, 147, 13]
[279, 67]
[249, 19, 187]
[217, 17, 214, 33, 59, 70]
[123, 62, 147, 166, 221, 129, 52]
[217, 17, 214, 33]
[30, 172, 123, 62, 45]
[66, 19, 91]
[128, 11]
[30, 172, 123, 62, 204, 166, 221]
[344, 19, 354]
[30, 123, 62, 204, 166, 52]
[62, 12, 175]
[2, 3]
[290, 123, 62, 204, 166, 221, 129, 212, 116]
[16, 17, 214, 33, 59, 105]
[66, 21]
[189, 269, 325]
[19, 91]
[123, 62, 12, 113]
[243, 17, 294, 15]
[16, 17, 214, 33, 59, 99]
[128, 19, 24]
[141, 142]
[217, 17, 214, 33, 159]
[172, 123, 62, 147]
[193, 123, 62, 204, 166, 221, 129, 212]
[55, 15]
[290, 123, 62, 204, 166, 221, 129, 212]
[30, 123, 160]
[35, 36, 55, 106, 287]
[66, 3]
[232, 19, 24]
[329, 91]
[115, 87]
[299, 300]
[224, 30, 172, 123, 62, 12, 113, 205]
[264, 55, 106, 287, 70]
[123, 62, 204, 166, 221, 51, 52]
[207, 19, 91]
[344, 19, 15]
[180, 19, 49, 50]
[224, 30, 172, 123, 160]
[177, 78]
[198, 19, 49, 50]
[297, 298]
[83, 84]
[351, 19, 49, 50]
[224, 30, 172, 123]
[95, 19, 179]
[331, 19, 49, 50]
[258, 339, 89, 21]
[234, 37, 40, 137]
[172, 123, 62, 204, 166, 221, 51, 267]
[193, 123, 62, 204, 166, 221, 129, 212, 116]
[224, 30, 172, 123, 62, 204, 166, 221, 129, 212, 116]
[16, 17, 214, 33, 159]
[182, 19, 49]
[273, 123, 62, 204, 166, 221, 129, 212, 116]
[224, 30, 123, 62, 204, 205]
[126, 19, 179]
[249, 19, 49]
[154, 19, 49]
[196, 19, 179]
[172, 123, 62, 12]
[273, 123, 160]
[309, 310]
[264, 91]
[192, 19, 15]
[155, 15]
[95, 19, 15]
[217, 17, 214, 33, 59]
[115, 116]
[183, 184]
[109, 61, 302]
[114, 15]
[245, 237, 258, 339]
[224, 30, 172, 123, 62, 45, 52]
[146, 55]
[100, 19, 354]
[35, 36, 55, 106]
[344, 19, 179]
[118, 19, 15]
[2, 19, 49]
[217, 17, 214, 70]
[327, 19, 24]
[331, 19]
[234, 183, 71, 236]
[204, 205]
[223, 91]
[147, 166, 52]
[37, 40, 137]
[98, 55, 106, 70]
[30, 172, 123, 62, 12, 113, 13]
[60, 61, 24]
[216, 19, 91]
[48, 19]
[64, 142]
[234, 37, 40]
[71, 274]
[224, 30, 123, 62, 12, 52]
[32, 65]
[96, 19]
[349, 19, 91]
[324, 19, 49]
[25, 26]
[279, 19, 24]
[136, 294]
[123, 62]
[135, 28, 315]
[0, 1]
[245, 237, 258, 339, 89, 21]
[17, 294]
[180, 11]
[122, 123, 62, 12, 113, 13]
[224, 30, 172, 123, 58]
[171, 236]
[273, 123, 62, 45, 46]
[61, 302, 315]
[224, 30, 123, 62, 147, 166, 221]
[171, 369]
[355, 17, 214, 33, 301]
[224, 30, 172, 123, 62, 204, 166, 221, 51, 267]
[17, 214, 33, 34]
[180, 19, 187]
[151, 19, 24]
[62, 45, 46]
[182, 67]
[134, 67]
[228, 19, 24]
[242, 19, 187]
[196, 19, 354]
[257, 11]
[100, 19, 24]
[273, 123, 62, 204, 205]
[122, 123, 160, 188, 52]
[100, 19, 179]
[59, 70]
[211, 19, 91]
[112, 113, 13]
[355, 17, 214, 33, 59, 105]
[193, 123, 58]
[355, 17, 214, 33, 59, 99]
[30, 123, 62, 12, 13]
[27, 19, 187]
[126, 80, 11]
[122, 123, 62, 147, 166, 221, 51]
[243, 17, 214, 33, 59, 287, 70]
[182, 21]
[309, 318]
[85, 19, 179]
[123, 62, 12, 113, 13]
[258, 339]
[126, 19, 49]
[12, 52]
[20, 19, 24]
[169, 241]
[16, 17, 214, 70]
[273, 123, 62, 204]
[193, 123, 62, 204, 166, 221, 51, 267]
[101, 19, 354]
[307, 308]
[62, 147, 166, 221, 129, 52]
[96, 19, 187]
[224, 30]
[196, 19, 49, 50]
[147, 166, 221, 129, 52]
[111, 19, 187]
[57, 61]
[16, 17, 294]
[97, 19, 49, 50]
[207, 19, 49]
[264, 55, 106]
[172, 123, 62, 204, 166, 221, 129]
[232, 19, 354]
[8, 9]
[180, 19, 179]
[16, 17, 214, 33]
[172, 123, 62, 204, 166, 221, 51, 52]
[16, 17, 214, 33, 59, 287]
[101, 19, 187]
[172, 123, 62, 204, 166, 221]
[193, 123, 62, 12, 13]
[245, 195, 67]
[266, 171, 72]
[62, 12, 13]
[272, 202, 19, 91]
[211, 19, 49, 50]
[59, 287]
[214, 287]
[351, 19]
[48, 3]
[290, 123, 62, 45, 46]
[216, 19]
[30, 123, 62, 45, 46]
[313, 19, 24]
[272, 202, 19, 187]
[183, 150, 40, 137]
[198, 19]
[202, 19, 49]
[272, 202, 19]
[19, 15]
[32, 11]
[155, 156]
[30, 123, 62, 147, 166, 221, 51, 267]
[209, 210]
[122, 123, 62, 147, 166]
[233, 19, 49, 50]
[97, 19, 187]
[293, 99]
[110, 19, 187]
[118, 19, 354]
[259, 142]
[261, 314]
[273, 123]
[17, 294, 15]
[122, 123, 62, 204, 277]
[197, 38]
[198, 19, 24]
[30, 123, 219]
[128, 19, 187]
[61, 24]
[319, 1, 70]
[344, 19, 91]
[68, 69]
[305, 297, 298]
[183, 40, 231]
[30, 172, 123, 62, 147, 166, 221]
[110, 9]
[337, 163]
[234, 183, 184]
[275, 276]
[16, 17, 214, 33, 291]
[96, 19, 354]
[243, 17, 214, 70]
[109, 61, 302, 315]
[129, 212, 116]
[48, 21]
[224, 30, 123, 160, 188, 52]
[60, 175]
[35, 36, 55, 15]
[147, 166, 221, 51, 52]
[260, 113]
[273, 123, 62, 12, 113, 13]
[12, 13]
[126, 19, 187]
[35, 36, 55]
[232, 19, 179]
[214, 33, 59, 99]
[18, 19, 187]
[224, 30, 123, 62, 204, 166, 221, 129, 212, 116]
[193, 123, 62, 204, 166, 52]
[224, 30, 123, 62, 12, 113, 205]
[123, 62, 45, 46]
[135, 19, 187]
[20, 19, 187]
[59, 33, 34, 287]
[349, 19, 49, 50]
[30, 172, 123, 62, 204]
[16, 17, 294, 15]
[324, 19, 91]
[2, 19, 187]
[57, 61, 302, 315]
[185, 11]
[182, 19, 187]
[226, 227]
[113, 205]
[146, 91]
[221, 51, 52]
[221, 129, 212, 116]
[249, 203]
[157, 17, 214, 33, 291]
[172, 123, 62, 204, 277]
[145, 345]
[234, 183, 184, 137]
[355, 17, 214, 33]
[29, 19, 15]
[85, 11]
[335, 336]
[162, 19, 187]
[16, 17, 214, 33, 34, 287, 70]
[193, 123, 62, 204, 166, 221]
[123, 62, 204, 166, 221, 51]
[180, 19, 354]
[37, 40, 231]
[200, 11]
[273, 251]
[122, 123, 62, 204, 166, 221, 51, 52]
[180, 67]
[66, 19, 49]
[82, 19]
[224, 113, 205]
[62, 147, 166, 221, 51, 267]
[224, 30, 123, 62, 147, 166, 221, 51, 52]
[16, 17]
[33, 291]
[194, 11]
[224, 30, 31]
[98, 55, 106, 287, 70]
[102, 19, 49, 50]
[327, 19, 179]
[85, 19, 15]
[279, 19]
[126, 19, 91]
[183, 40]
[106, 287]
[224, 30, 123, 160, 188]
[30, 123, 62, 204, 166, 221, 129, 212]
[122, 123, 58]
[62, 12]
[122, 123, 62, 45]
[204, 166]
[110, 3]
[353, 202, 19, 24]
[249, 19, 49, 50]
[266, 171]
[253, 40, 137]
[290, 123, 58]
[157, 17, 214, 70]
[182, 19, 91]
[355, 17, 214, 33, 291]
[122, 123, 62, 12, 175]
[59, 33, 301]
[339, 89, 21]
[349, 19, 49]
[147, 87]
[193, 251]
[30, 123, 62, 147, 166, 221, 129]
[351, 19, 179]
[10, 19, 354]
[193, 123, 62, 12, 52]
[145, 255]
[172, 123, 62, 147, 166, 221]
[16, 17, 214, 33, 59, 287, 70]
[242, 80]
[172, 123, 62, 12, 113, 13]
[224, 30, 123, 62, 12, 175]
[290, 123, 160, 188]
[136, 201]
[32, 187]
[17, 214]
[234, 183, 150, 40, 231]
[150, 40, 231]
[27, 28]
[139, 285]
[59, 33]
[63, 64, 117]
[290, 123, 62, 204, 166]
[123, 62, 204, 166, 221]
[273, 123, 62, 12, 113, 205]
[6, 7]
[324, 19, 179]
[327, 19, 49, 50]
[62, 204, 166, 221, 51, 267]
[211, 19, 49]
[184, 137]
[224, 30, 172, 123, 62, 204, 166, 221, 129]
[30, 172, 123, 62, 204, 205]
[341, 73]
[125, 9, 21]
[54, 55, 106, 70]
[30, 172, 123, 62, 204, 166, 221, 129]
[95, 19, 49, 50]
[122, 123, 62, 204, 166, 221, 51]
[193, 123]
[152, 153]
[100, 19, 49, 50]
[273, 99]
[355, 17, 214, 33, 59, 287, 70]
[122, 123, 160]
[12, 113, 13]
[30, 123]
[245, 237, 258, 143, 144]
[30, 172, 123]
[128, 19]
[162, 19, 49, 50]
[273, 123, 62]
[123, 62, 204, 166, 221, 129, 212]
[273, 123, 62, 147, 166, 221, 51]
[127, 19, 15]
[122, 123, 62, 204, 166, 221, 129, 212]
[160, 188]
[290, 123, 62, 147, 13]
[234, 183, 71]
[180, 3]
[55, 106, 70]
[126, 9]
[216, 19, 15]
[4, 5]
[157, 17, 214, 33, 59]
[123, 62, 12, 205]
[192, 19, 91]
[27, 19, 49]
[10, 19, 179]
[96, 19, 24]
[189, 269]
[157, 61]
[270, 271]
[224, 30, 172, 123, 62, 147, 13]
[202, 19, 91]
[327, 19, 354]
[265, 19, 354]
[182, 19, 49, 50]
[243, 17, 214, 33, 291]
[147, 166]
[224, 30, 123, 62, 204]
[355, 17, 214, 33, 34, 287, 70]
[30, 172, 123, 160, 188, 52]
[123, 62, 147, 166, 221, 129]
[36, 55, 106, 287, 70]
[109, 191]
[129, 212]
[118, 19, 179]
[172, 123, 62, 45, 46]
[85, 19]
[324, 19, 354]
[290, 123, 62, 147, 166, 221, 129, 52]
[221, 51]
[351, 19, 49]
[30, 123, 62, 12, 113, 205]
[200, 19, 24]
[296, 64, 142]
[123, 219]
[17, 214, 33, 59, 287, 70]
[349, 19, 179]
[16, 17, 214, 33, 301]
[30, 172, 123, 160, 188]
[151, 19]
[200, 19, 187]
[100, 19, 187]
[224, 30, 172, 123, 62, 204, 166, 221, 129, 52]
[182, 3]
[224, 30, 172, 123, 62, 147, 166, 221]
[273, 123, 62, 45, 52]
[59, 33, 159]
[92, 19, 24]
[245, 195, 80, 11]
[122, 123]
[233, 19, 49]
[214, 33, 34]
[10, 19]
[51, 267]
[98, 55, 106, 287]
[198, 19, 91]
[143, 144]
[172, 123, 62, 12, 205]
[202, 28]
[48, 19, 49]
[30, 123, 62, 204, 277]
[224, 30, 172, 123, 62, 147, 166, 52]
[74, 19, 91]
[30, 172, 123, 62, 12, 13]
[66, 19, 179]
[290, 123, 62, 147, 166]
[53, 9]
[273, 123, 62, 147, 166, 221, 51, 267]
[97, 19, 49]
[273, 123, 62, 204, 166, 221, 129, 212]
[305, 306]
[233, 19, 354]
[90, 91]
[172, 123, 219]
[110, 19]
[127, 19, 49]
[197, 338]
[217, 17, 214, 287]
[232, 19, 15]
[304, 121]
[111, 19, 179]
[224, 30, 172, 123, 62, 45, 46]
[193, 123, 62, 12, 205]
[211, 19, 179]
[229, 105]
[135, 19, 15]
[204, 166, 221, 129, 52]
[193, 123, 62, 12, 113]
[344, 19, 24]
[88, 19, 354]
[147, 166, 221, 129, 212]
[172, 123, 62, 147, 166, 221, 129, 212, 116]
[127, 19, 49, 50]
[17, 214, 33, 59, 70]
[213, 52]
[351, 19, 354]
[327, 19]
[357, 91]
[106, 287, 70]
[151, 19, 354]
[224, 30, 123, 62, 204, 166]
[30, 123, 62, 12, 205]
[37, 1, 70]
[4, 133]
[273, 123, 62, 12, 52]
[97, 19, 354]
[224, 30, 123, 62, 45, 46]
[193, 123, 62, 147, 166, 221]
[290, 123, 62, 204, 166, 52]
[16, 17, 214, 287, 70]
[40, 231]
[217, 17, 214, 33, 34, 287]
[221, 51, 267]
[224, 30, 172]
[4, 133, 105]
[252, 19, 49, 50]
[229, 15]
[355, 17, 214, 33, 59, 287]
[126, 19, 49, 50]
[252, 19, 187]
[85, 19, 49]
[198, 19, 354]
[233, 19, 179]
[162, 19, 49]
[17, 214, 70]
[122, 123, 62, 204, 205]
[273, 123, 62, 147, 166, 52]
[16, 17, 214, 33, 59]
[245, 237, 3]
[88, 19, 49]
[118, 19, 91]
[134, 19, 24]
[111, 19, 354]
[164, 197, 38, 286]
[217, 17, 294, 15]
[154, 28]
[157, 17, 214, 287, 70]
[147, 166, 221, 51, 267]
[134, 19, 187]
[273, 123, 62, 147, 166, 221, 51, 52]
[27, 28, 315]
[290, 123, 62, 204]
[243, 17, 214, 33, 59, 287]
[66, 11]
[272, 202, 3]
[17, 214, 33, 34, 287, 70]
[282, 144, 105]
[278, 9, 21]
[242, 19, 354]
[254, 105]
[193, 123, 62, 204, 166, 221, 129]
[62, 147, 166, 221]
[27, 19, 91]
[147, 166, 221, 129, 212, 116]
[242, 19, 179]
[279, 19, 15]
[249, 3]
[63, 64]
[118, 19, 49]
[342, 19, 49]
[20, 19, 49, 50]
[192, 19, 187]
[138, 64, 117]
[183, 171]
[98, 55, 15]
[98, 55]
[198, 28, 315]
[273, 123, 160, 188, 52]
[95, 80]
[30, 172, 123, 62, 45, 52]
[30, 123, 62, 12, 113, 13]
[181, 163]
[243, 17, 214, 287]
[18, 19, 179]
[166, 52]
[324, 19, 15]
[45, 46]
[122, 123, 62, 147, 166, 221, 51, 52]
[266, 171, 208]
[172, 123, 62, 147, 13]
[202, 19, 354]
[30, 123, 58]
[62, 204, 166]
[216, 19, 187]
[224, 30, 123, 62, 147, 87]
[151, 19, 179]
[123, 62, 204, 166]
[189, 269, 288]
[33, 59]
[82, 19, 187]
[100, 19, 15]
[157, 17, 214, 33, 59, 70]
[207, 19]
[272, 202, 19, 354]
[29, 19, 24]
[10, 11]
[122, 123, 62, 204, 166, 221]
[30, 123, 62, 204, 166, 221, 129, 52]
[355, 17, 214, 33, 34]
[172, 123, 62, 204, 166, 221, 51]
[284, 285]
[88, 19, 49, 50]
[290, 123, 62, 204, 166, 221, 51, 267]
[119, 120]
[101, 19, 91]
[290, 123, 62, 147, 166, 221, 129, 212]
[339, 89]
[243, 17, 214, 33, 34]
[290, 123, 62, 45, 52]
[95, 80, 11]
[148, 91]
[349, 19, 354]
[27, 19, 49, 50]
[109, 13]
[10, 19, 49]
[234, 183, 171, 236]
[224, 30, 123, 62, 204, 166, 221]
[224, 30, 123, 62, 204, 166, 221, 51, 52]
[172, 123, 62, 45]
[128, 19, 354]
[234, 183, 171, 369]
[322, 323]
[95, 19, 24]
[193, 123, 62, 147, 166, 221, 51, 52]
[224, 30, 172, 123, 62, 147, 166, 221, 51, 267]
[214, 33, 291]
[273, 123, 62, 12, 13]
[295, 38]
[30, 123, 62, 12, 113]
[48, 19, 91]
[20, 19, 354]
[195, 80, 11]
[18, 19]
[126, 19, 15]
[158, 80]
[53, 3]
[244, 52]
[172, 123, 62, 147, 166, 221, 129, 212]
[182, 19, 354]
[234, 183, 40, 231]
[272, 202, 19, 179]
[224, 30, 123, 62, 204, 166, 52]
[264, 55, 106, 287]
[186, 61]
[20, 21]
[224, 30, 123, 62, 204, 166, 221, 129, 52]
[19, 49, 50]
[18, 19, 354]
[8, 3]
[234, 37, 1, 70]
[48, 19, 49, 50]
[108, 52]
[12, 175]
[192, 19, 24]
[186, 61, 24]
[97, 19, 179]
[237, 11]
[202, 19, 179]
[234, 37, 40, 231]
[154, 203]
[273, 123, 62, 147, 13]
[321, 71, 72]
[14, 70]
[62, 147, 166, 221, 129, 212]
[20, 67]
[110, 19, 49]
[273, 123, 62, 204, 166, 221, 51]
[337, 163, 105]
[273, 123, 62, 147, 166, 221, 129]
[327, 19, 15]
[37, 40]
[292, 254, 105]
[353, 202, 19, 187]
[166, 221, 51, 52]
[351, 19, 91]
[66, 19]
[30, 172, 123, 62, 147, 166, 221, 51, 267]
[135, 19, 91]
[233, 19, 91]
[74, 19, 49, 50]
[122, 123, 62, 147, 166, 221]
[223, 105]
[30, 172, 123, 62, 12, 205]
[74, 19, 49]
[279, 91]
[234, 183, 40]
[86, 191, 116]
[127, 19, 91]
[60, 61]
[85, 19, 49, 50]
[193, 123, 62, 147, 87]
[353, 202, 28, 315]
[20, 19, 179]
[35, 36, 55, 106, 287, 70]
[181, 163, 105]
[30, 123, 62]
[198, 19, 15]
[33, 59, 99]
[182, 19, 179]
[195, 80]
[207, 19, 15]
[273, 123, 62, 12, 113]
[279, 19, 354]
[193, 123, 62, 147]
[82, 19, 49]
[62, 147, 166, 221, 51]
[273, 123, 62, 147, 166]
[172, 123, 62, 147, 166, 221, 129, 52]
[243, 17, 214, 33, 59, 105]
[134, 19, 49, 50]
[229, 91]
[30, 123, 62, 147, 87]
[14, 73]
[38, 286]
[138, 64, 256]
[19, 24]
[273, 123, 62, 204, 166]
[290, 123, 62, 12, 175]
[123, 58]
[17, 214, 33]
[157, 17, 214, 33, 34, 287]
[196, 19, 91]
[20, 11]
[17, 214, 33, 301]
[62, 147, 166, 52]
[143, 144, 105]
[19, 179]
[18, 19, 24]
[123, 62, 12, 113, 205]
[85, 19, 91]
[59, 33, 291]
[279, 19, 91]
[101, 19, 179]
[124, 116]
[122, 123, 62, 204]
[342, 11]
[313, 19, 15]
[245, 195, 11]
[264, 55]
[193, 123, 62, 147, 166, 221, 129, 212, 116]
[234, 183, 171]
[123, 62, 147, 166, 52]
[110, 9, 21]
[204, 166, 221, 129, 212, 116]
[100, 19]
[172, 123, 62, 147, 166, 221, 51, 52]
[224, 30, 172, 123, 62, 204, 166, 221, 129, 212]
[54, 55, 106]
[355, 17, 214, 33, 159]
[196, 19, 187]
[30, 172, 123, 62, 12, 113]
[123, 160]
[62, 204, 166, 221]
[320, 149]
[258, 143, 144]
[273, 123, 58]
[273, 123, 62, 204, 166, 221]
[109, 61, 24]
[242, 19, 49]
[74, 19, 179]
[77, 78]
[30, 172, 123, 62, 147, 13]
[41, 365]
[122, 123, 62, 204, 166, 221, 51, 267]
[290, 123, 62, 12, 52]
[30, 123, 160, 188]
[128, 19, 179]
[37, 222, 137]
[30, 172, 123, 62, 204, 277]
[204, 166, 221, 51]
[279, 19, 179]
[355, 17]
[122, 123, 62, 204, 166, 221, 129, 212, 116]
[305, 297]
[155, 255]
[193, 123, 62, 147, 166, 52]
[71, 72]
[253, 40]
[252, 19, 24]
[62, 12, 113, 205]
[88, 19, 91]
[172, 123, 62, 12, 113]
[216, 19, 49]
[33, 59, 287]
[111, 19, 24]
[273, 123, 62, 147, 166, 221]
[19, 354]
[123, 62, 147, 87]
[174, 28]
[172, 123, 62, 45, 52]
[224, 30, 123, 62, 204, 166, 221, 129]
[202, 3]
[186, 13]
[193, 123, 62, 204, 166]
[33, 34, 287, 70]
[2, 19, 179]
[30, 172, 123, 62, 12, 52]
[342, 19, 91]
[180, 19, 24]
[199, 19]
[224, 30, 172, 123, 62, 12, 175]
[101, 19, 49, 50]
[136, 294, 15]
[200, 19, 354]
[172, 123, 62, 204, 166, 52]
[233, 19, 187]
[239, 227]
[252, 19, 179]
[139, 140]
[33, 159]
[134, 19, 179]
[193, 123, 62, 147, 166]
[273, 123, 62, 12, 205]
[16, 17, 214, 33, 59, 70]
[20, 19]
[123, 62, 204, 205]
[224, 30, 172, 123, 62, 147]
[214, 33, 301]
[199, 19, 49, 50]
[224, 30, 172, 123, 62, 204, 277]
[2, 19, 49, 50]
[92, 19, 187]
[224, 30, 172, 123, 62, 204, 166, 221]
[110, 11]
[62, 45]
[193, 123, 62, 147, 166, 221, 129, 52]
[183, 71, 72]
[157, 17, 214, 33, 301]
[126, 19]
[265, 19, 49]
[342, 19]
[98, 91]
[214, 287, 70]
[349, 19, 187]
[30, 123, 62, 204, 166, 221]
[27, 19, 15]
[319, 1]
[191, 116]
[224, 30, 172, 173]
[71, 236]
[351, 19, 187]
[101, 19, 49]
[172, 123, 62, 12, 52]
[359, 360]
[113, 13]
[190, 91]
[224, 30, 350]
[64, 117]
[88, 19, 187]
[96, 19, 15]
[224, 30, 172, 123, 219]
[294, 15]
[258, 339, 89]
[199, 19, 49]
[96, 19, 49, 50]
[123, 62, 147, 166, 221, 51, 267]
[30, 172, 123, 62, 12, 113, 205]
[89, 21]
[262, 274]
[290, 123, 62, 12, 13]
[134, 19, 354]
[10, 19, 91]
[33, 59, 287, 70]
[183, 171, 236]
[183, 171, 369]
[30, 123, 62, 147, 166, 221]
[307, 120]
[17, 214, 287, 70]
[34, 287]
[234, 183, 150, 40, 137]
[324, 19, 187]
[122, 123, 62, 147, 166, 221, 129, 212, 116]
[198, 19, 187]
[133, 105]
[154, 28, 315]
[192, 19, 49, 50]
[252, 19, 354]
[214, 33, 34, 287]
[109, 61]
[347, 3]
[164, 197, 38, 39]
[217, 17, 214, 33, 59, 99]
