105,1 2
4,1 4
73,2 4
73,1 5
101,2 2
101,1 1
0,2 1
0,1 2
41,2 4
41,1 2
13,3 1
154,1 2
13,2 1
13,1 2
150,8 1
150,7 2
150,6 2
150,5 1
150,4 9
150,3 5
98,1 1
150,2 4
150,1 1
247,1 1
126,1 2
94,1 2
122,1 1
215,1 1
62,1 1
211,1 1
179,1 1
38,2 1
38,1 2
34,2 1
34,1 6
171,5 1
171,4 1
171,3 2
171,2 3
171,1 1
268,2 1
268,1 1
30,1 2
87,3 1
87,2 3
87,1 2
83,3 6
83,2 5
83,1 2
59,1 2
111,2 1
111,1 1
196,3 2
196,2 3
196,1 2
55,1 2
204,1 1
168,2 1
168,1 1
27,2 1
27,1 1
164,1 1
257,1 1
136,1 1
132,8 1
132,7 2
132,6 2
253,2 1
132,5 1
253,1 1
132,4 9
132,3 5
132,2 4
132,1 1
229,1 1
108,1 1
76,4 1
76,3 8
76,2 3
76,1 1
72,1 1
189,2 1
221,1 1
189,1 1
100,3 1
100,2 1
48,1 1
100,1 4
44,5 2
44,4 2
185,1 2
44,3 2
44,2 6
44,1 4
16,2 2
16,1 2
12,4 1
12,3 1
12,2 2
12,1 3
129,2 6
129,1 4
270,1 1
246,3 1
97,1 1
246,2 7
246,1 1
93,1 1
69,2 3
69,1 2
218,1 1
61,2 1
61,1 2
178,2 1
178,1 2
146,2 2
146,1 1
142,1 1
239,2 2
239,1 2
118,1 1
86,4 1
86,3 2
86,2 2
86,1 2
114,3 2
114,2 5
114,1 3
207,8 1
207,7 2
207,6 2
199,1 3
207,5 1
231,1 1
110,3 1
207,4 9
110,2 1
207,3 5
110,1 1
207,2 4
207,1 2
195,2 1
195,1 1
203,1 1
191,1 1
50,1 2
26,2 4
26,1 5
163,2 1
163,1 5
22,2 1
22,1 7
139,2 1
139,1 2
135,2 2
135,1 2
228,3 2
79,1 1
228,2 2
228,1 2
107,2 1
75,6 1
107,1 1
75,5 2
75,4 2
75,3 1
6,1 1
75,2 9
75,1 4
220,9 1
220,8 2
220,7 2
220,6 1
2,2 1
220,5 6
2,1 2
220,4 5
220,3 5
71,1 3
220,2 6
220,1 2
47,1 1
15,1 1
152,1 1
245,4 2
96,2 1
245,3 5
96,1 1
245,2 4
245,1 2
92,1 1
68,1 1
120,1 1
217,1 1
64,1 1
177,1 2
36,1 1
173,1 2
32,1 1
266,1 1
262,1 1
89,3 2
89,2 3
89,1 2
81,5 1
81,4 2
81,3 2
81,2 2
81,1 3
230,1 1
57,2 2
57,1 7
206,2 3
206,1 1
194,1 1
53,1 1
202,1 3
190,1 1
166,1 2
162,1 1
259,1 1
138,1 1
255,1 2
130,1 1
74,4 2
74,3 2
74,2 2
74,1 3
223,1 1
102,1 1
1,1 1
70,1 2
46,3 1
46,2 8
46,1 3
42,1 2
159,1 1
18,2 1
18,1 2
155,1 1
14,2 2
14,1 3
272,1 1
151,1 2
10,1 5
127,1 2
244,4 1
244,3 12
244,2 5
244,1 1
123,1 1
91,2 1
91,1 1
63,3 1
63,2 12
63,1 5
39,1 2
176,5 1
176,4 2
176,3 2
176,2 2
176,1 3
269,3 2
172,1 1
269,2 2
269,1 1
148,1 1
265,1 1
144,1 1
88,7 1
88,6 2
88,5 2
88,4 1
261,1 1
88,3 9
88,2 5
88,1 4
140,1 1
237,1 1
116,1 1
84,1 3
112,1 1
56,2 1
56,1 1
193,2 2
193,1 2
52,2 1
52,1 1
169,1 1
28,1 1
24,8 1
24,7 2
24,6 2
24,5 1
24,4 9
24,3 5
24,2 5
24,1 4
161,2 1
161,1 1
20,1 3
137,2 2
137,1 2
133,1 1
109,2 2
109,1 3
250,1 1
8,1 3
105,6 2
77,1 2
105,5 2
105,4 2
226,1 1
105,3 5
105,2 4
