464,1 1
105,1 1
4,2 1
4,1 1
73,2 2
73,1 2
49,1 1
101,1 1
0,3 8
0,2 6
0,1 2
186,2 1
315,3 2
186,1 1
315,2 2
45,2 1
315,1 1
45,1 6
182,1 3
41,1 1
158,1 1
275,1 1
271,2 1
271,1 1
368,1 1
98,1 1
150,1 3
247,1 1
126,1 1
243,4 1
364,1 1
243,3 1
243,2 1
243,1 2
457,1 1
66,3 2
336,1 1
66,2 2
66,1 2
453,1 1
332,2 1
332,1 4
179,3 1
38,4 2
179,2 4
179,1 1
211,1 1
38,3 2
38,2 6
38,1 4
296,1 1
425,1 1
175,2 3
175,1 4
304,1 1
292,1 2
171,2 1
171,1 4
268,2 2
268,1 2
147,2 2
147,1 3
385,1 1
264,3 2
264,2 5
264,1 3
143,1 2
381,1 1
119,2 2
119,1 2
357,1 2
232,1 1
59,1 2
111,1 1
196,2 2
196,1 2
55,1 1
204,3 2
204,2 3
204,1 2
442,1 1
51,1 1
168,2 1
168,1 2
27,2 4
27,1 5
164,1 2
23,1 2
378,2 1
281,1 2
378,1 1
410,1 1
160,1 1
257,1 1
374,2 2
374,1 2
253,1 2
132,1 1
229,1 1
108,1 1
76,3 2
346,1 1
76,2 2
76,1 1
225,2 1
225,1 1
72,3 1
342,2 2
72,2 1
342,1 1
72,1 1
439,1 1
189,1 1
435,1 1
185,1 2
314,1 1
399,1 1
431,1 1
157,7 1
157,6 2
157,5 2
278,1 2
157,4 1
310,1 2
40,1 2
157,3 9
157,2 5
157,1 4
16,2 1
395,2 1
16,1 8
395,1 1
274,3 1
274,2 3
274,1 2
403,1 1
153,1 1
367,8 1
367,7 2
367,6 2
12,1 3
367,5 1
129,1 1
367,4 9
367,3 5
367,2 4
367,1 1
246,3 4
246,2 9
246,1 5
125,2 4
125,1 5
93,3 2
218,8 1
93,2 3
218,7 2
93,1 2
218,6 2
218,5 1
218,4 9
121,2 1
218,3 5
121,1 4
218,2 4
218,1 2
65,2 4
65,1 5
214,1 1
452,1 1
299,1 1
61,2 1
428,1 1
61,1 3
307,2 2
307,1 2
37,1 1
295,1 1
174,1 1
303,1 1
33,1 2
420,1 1
388,1 1
170,1 1
267,1 1
146,2 1
146,1 2
239,1 1
118,1 1
356,1 1
86,1 1
114,2 1
114,1 6
449,4 1
449,3 11
352,1 1
449,2 4
449,1 1
82,1 1
199,2 1
199,1 1
207,4 1
207,3 2
207,2 2
445,4 1
207,1 2
445,3 3
445,2 1
445,1 1
54,3 1
195,1 1
324,2 1
324,1 1
54,2 11
54,1 4
191,2 1
191,1 1
417,1 1
284,1 1
413,1 1
163,1 5
22,1 3
139,1 1
280,2 1
280,1 1
377,1 1
135,1 2
349,3 1
349,2 3
349,1 1
228,1 1
107,2 1
107,1 1
345,2 1
75,2 1
345,1 1
6,1 5
75,1 1
103,1 1
2,2 1
2,1 2
71,2 2
341,1 2
71,1 4
220,1 1
47,2 1
317,1 1
47,1 6
184,5 1
184,4 2
184,3 2
184,2 2
184,1 3
313,1 1
43,1 2
156,8 1
156,7 2
398,1 1
156,6 2
180,1 2
156,5 1
277,1 1
156,4 9
156,3 5
156,2 4
156,1 1
394,1 2
402,3 1
273,2 2
402,2 8
273,1 2
402,1 1
249,1 2
11,1 1
390,1 2
128,1 3
96,3 1
96,2 1
96,1 3
362,1 1
459,1 1
241,1 1
120,3 2
120,2 9
68,1 1
120,1 5
455,1 1
334,1 1
64,2 5
64,1 3
213,1 3
451,3 1
451,2 8
451,1 1
427,2 1
330,1 1
427,1 1
36,1 4
423,1 1
173,2 1
173,1 5
149,1 1
290,1 1
266,2 1
266,1 1
145,1 1
383,1 1
262,2 1
238,5 2
262,1 3
238,4 2
359,1 2
238,3 6
238,2 4
141,1 2
238,1 1
117,2 1
117,1 1
355,1 1
85,1 1
234,1 1
113,1 3
81,2 2
81,1 3
198,1 1
327,1 3
57,1 3
206,1 1
194,2 1
194,1 1
53,2 1
53,1 1
29,1 1
287,1 2
166,1 1
25,1 1
412,2 1
283,1 2
412,1 1
162,1 3
259,1 1
138,1 1
255,5 1
255,4 2
255,3 2
255,2 2
255,1 3
372,1 1
469,1 1
251,1 2
78,1 1
227,2 1
130,1 1
227,1 2
465,1 1
344,1 1
5,1 1
74,1 2
223,1 2
70,6 1
70,5 2
461,1 1
70,4 2
70,3 1
1,2 5
70,2 9
340,1 1
1,1 2
70,1 4
187,3 1
187,2 9
187,1 5
316,2 2
316,1 2
433,1 1
312,1 1
409,1 2
18,1 5
14,1 3
393,1 1
248,1 2
10,2 1
10,1 1
127,1 1
95,1 2
244,1 2
123,1 1
361,2 1
361,1 2
91,1 1
240,1 1
337,1 2
216,2 1
216,1 1
63,3 5
63,2 3
333,1 1
63,1 1
450,4 2
309,1 1
450,3 5
450,2 4
450,1 2
297,1 1
176,1 1
35,2 4
35,1 2
172,2 2
172,1 4
269,1 1
31,2 3
301,1 1
31,1 2
148,2 1
148,1 1
144,2 2
144,1 2
261,1 1
88,1 2
237,1 1
84,3 6
84,2 5
84,1 2
471,2 1
471,1 1
209,1 3
350,2 1
80,3 3
350,1 3
80,2 9
80,1 4
197,1 1
322,2 1
322,1 1
169,2 1
169,1 1
201,1 1
28,2 1
28,1 1
286,2 3
286,1 5
282,9 1
415,1 1
282,8 2
282,7 2
282,6 1
282,5 6
282,4 5
282,3 5
20,8 1
282,2 6
20,7 2
282,1 2
379,2 2
20,6 2
379,1 1
20,5 1
411,1 1
20,4 9
20,3 5
20,2 5
20,1 4
137,2 6
137,1 4
375,1 1
254,3 1
254,2 9
254,1 3
371,1 1
109,1 1
468,1 1
250,2 2
250,1 3
347,1 1
8,1 1
77,2 2
77,1 2
226,1 1
