[29, 222]
[1437, 61, 106, 1440]
[1158, 465]
[1127, 136, 1260]
[350, 61, 106, 144]
[737, 738]
[922, 82, 774, 656]
[633, 969]
[669, 209]
[1137, 89]
[62, 335]
[530, 212]
[1397, 830, 61, 106, 1335]
[1342, 1289]
[62, 553]
[1268, 190, 202]
[44, 36, 37, 397]
[431, 432, 0, 1, 1237, 654]
[36, 37, 397]
[1146, 535, 656, 657]
[171, 871]
[540, 44, 36, 37]
[220, 1518]
[29, 489]
[1215, 5]
[638, 837]
[579, 522, 353, 354]
[36, 185, 1197]
[54, 55]
[571, 655, 1178]
[1285, 623]
[693, 225]
[565, 574, 1056]
[10, 209, 61, 106, 174]
[286, 656]
[44, 36, 21]
[136, 61, 106, 1510]
[481, 596]
[669, 976, 421]
[659, 27]
[625, 65]
[493, 419]
[254, 255, 633, 73]
[80, 81, 0, 654, 357]
[961, 1055, 1178]
[254, 255, 633, 61, 106, 1440]
[853, 175]
[285, 278]
[78, 79]
[806, 99]
[1266, 61, 106]
[1184, 393, 838]
[702, 641]
[44, 36, 396, 197]
[289, 290]
[431, 432, 0, 1, 715]
[1266, 61, 106, 468]
[244, 209, 61, 106, 144]
[1357, 29]
[765, 330]
[198, 199]
[1406, 1407]
[217, 236, 601]
[44, 86, 198, 279, 280]
[1012, 1, 715]
[431, 432, 0, 654]
[707, 823, 849, 850]
[240, 241]
[94, 54, 55]
[350, 329, 689]
[728, 202, 859]
[751, 233, 115]
[763, 764]
[791, 136, 137]
[82, 83]
[408, 86, 198, 1334]
[1118, 251, 252]
[627, 951]
[462, 202, 1025]
[669, 209, 61, 106, 1440]
[410, 196, 1379, 960]
[540, 44, 36, 1217]
[493, 635]
[20, 689]
[30, 1085]
[528, 65]
[540, 44, 36, 175]
[994, 1404]
[80, 789, 1, 1237, 654, 357, 358]
[622, 623, 367]
[739, 740]
[246, 65]
[256, 257]
[410, 196, 197]
[1319, 1320]
[136, 1260]
[52, 787]
[384, 1116]
[623, 367]
[932, 679]
[132, 89]
[61, 106, 1335]
[904, 905]
[1072, 0, 1, 715]
[136, 61, 106, 1335]
[669, 209, 61]
[585, 586]
[105, 371]
[791, 136, 1260]
[1215, 9]
[1237, 654, 716]
[1213, 797]
[20, 845, 553]
[408, 86, 198, 279, 1041]
[431, 1012, 1, 1237, 654]
[732, 733]
[1045, 1046]
[1133, 61, 106, 144]
[1502, 340]
[1397, 830, 61, 106, 1510]
[1087, 516]
[254, 255, 633, 61, 106, 468]
[460, 461]
[203, 204]
[521, 29]
[208, 209, 61, 106, 1510]
[208, 99]
[134, 249, 805]
[295, 1063]
[208, 209, 61]
[1012, 1, 1237, 654, 716]
[205, 244, 209, 61, 106, 174]
[90, 419]
[1266, 61, 106, 1077, 1097]
[431, 1012, 1, 715]
[136, 61, 106]
[436, 136, 270]
[1237, 654]
[1232, 61, 106]
[681, 537]
[1232, 61, 106, 1077]
[1338, 371, 372]
[284, 61, 106, 468]
[299, 893]
[513, 1134]
[493, 91]
[1133, 61, 106, 1077, 1097]
[434, 960]
[868, 5]
[922, 82, 774]
[1357, 29, 1070]
[402, 371, 372]
[1275, 986, 61, 106, 1077]
[1274, 780]
[44, 36, 277]
[282, 283]
[1143, 1038]
[1220, 29, 1070]
[98, 209, 61]
[155, 466, 467]
[493, 1283]
[540, 44, 36, 396]
[140, 141]
[21, 805]
[540, 44, 36, 37, 397]
[316, 941]
[422, 509, 802]
[61, 106, 144]
[26, 27]
[535, 211]
[789, 1, 1237]
[669, 99]
[510, 944]
[62, 1019]
[565, 527]
[289, 30, 1085]
[696, 192, 572]
[94, 54, 1331]
[44, 36, 63]
[54, 762, 823, 824]
[303, 304]
[476, 477]
[707, 823, 849]
[521, 29, 245]
[625, 63]
[676, 502, 1114]
[36, 21, 607]
[726, 857]
[540, 44, 36, 21, 689]
[81, 0, 715]
[540, 44, 36, 397]
[759, 760]
[1146, 535, 82, 774, 656, 657]
[154, 155, 466, 467]
[436, 136]
[134, 249, 522, 353, 354]
[1146, 535, 82]
[130, 725]
[36, 277, 185]
[36, 185, 1197, 1198]
[494, 312]
[436, 136, 61, 106, 1077, 1097]
[92, 202]
[208, 209, 61, 106, 1335]
[142, 197]
[1181, 283]
[695, 1262, 73]
[695, 136, 1260]
[255, 633, 969]
[48, 61, 106, 144]
[431, 432, 0, 1, 715, 716]
[1301, 190, 202, 1025]
[431, 1012, 1, 1237]
[695, 136, 61, 106, 144]
[81, 0]
[1092, 136, 61, 106, 174]
[858, 1015]
[510, 9]
[1042, 1043]
[621, 397]
[1148, 1149]
[44, 36, 933]
[1306, 1307]
[784, 621, 397]
[1194, 349]
[350, 61]
[286, 1297]
[695, 136, 137]
[255, 633, 61, 106, 144]
[242, 999]
[44, 36, 185]
[167, 912]
[54, 762, 823, 826]
[128, 577, 578]
[284, 61, 106]
[417, 418]
[439, 1376]
[493, 108]
[523, 524]
[696, 697]
[916, 434, 376]
[1118, 251]
[436, 136, 61, 106, 144]
[1323, 312]
[18, 825]
[327, 169]
[229, 40, 181]
[1, 1237, 654, 716]
[208, 209]
[12, 1252]
[1341, 217, 236, 601]
[922, 82]
[267, 268]
[1012, 1, 1237, 654, 357, 358]
[128, 736]
[459, 82, 191]
[883, 823, 849]
[249, 522]
[540, 44, 409]
[36, 277, 1383]
[726, 727]
[44, 86, 198, 199]
[328, 143]
[898, 1078]
[965, 1081]
[765, 689]
[0, 1, 1237, 654, 357, 358]
[307, 413]
[359, 63]
[1381, 397]
[229, 40]
[134, 249, 522, 353]
[1420, 1421]
[86, 1519]
[136, 270]
[688, 546]
[1342, 1193]
[255, 633, 61, 106]
[530, 212, 630]
[617, 618]
[852, 29, 1410]
[1364, 115]
[431, 432, 0, 1, 1237, 654, 357, 358]
[1236, 1237, 654]
[1444, 61, 106, 1510]
[431, 432, 0, 654, 716]
[844, 178]
[255, 633, 61, 106, 1440]
[706, 707, 823]
[36, 348]
[382, 433]
[791, 136, 61, 106, 468]
[713, 430]
[316, 5]
[242, 1126]
[936, 830, 61, 106, 144]
[946, 947]
[1028, 1411]
[10, 209, 61, 106, 1335]
[219, 1249]
[396, 397]
[249, 1195]
[198, 630]
[44, 36, 37, 47, 376]
[317, 29, 1070]
[294, 283]
[24, 1151]
[540, 44, 86, 198]
[30, 31]
[976, 421]
[1133, 61, 106, 1440]
[916, 434, 15]
[543, 544]
[36, 396, 197]
[167, 168]
[459, 82, 281]
[579, 745]
[36, 650]
[254, 255, 633, 61, 106, 1077, 1097]
[1130, 823, 826]
[0, 654]
[863, 864]
[205, 209, 61, 106, 1077, 1097]
[1166, 709]
[90, 108]
[629, 600, 236, 237]
[1437, 61, 106, 468]
[1244, 305]
[192, 1226]
[314, 315]
[44, 36, 21, 689]
[487, 488]
[10, 1329]
[581, 963]
[693, 225, 226, 412]
[814, 1497]
[82, 774, 656, 657]
[136, 61, 106, 174]
[244, 209, 61, 106]
[459, 82, 774, 656, 657]
[1220, 29, 489]
[535, 656]
[10, 1414]
[1345, 1247]
[167, 1079]
[350, 329, 1253]
[92, 185, 1197]
[80, 81, 1150]
[338, 397]
[706, 707, 826]
[80, 81, 0, 1072]
[176, 177]
[208, 209, 1109]
[138, 139, 340]
[1076, 501]
[431, 432, 0, 715, 716]
[128, 606]
[1220, 29, 222]
[509, 802]
[496, 497]
[249, 610]
[408, 409]
[1130, 823, 824]
[323, 324]
[273, 320]
[36, 277, 278]
[223, 61, 106, 1077]
[1136, 202, 1025]
[590, 591, 450]
[36, 1097]
[128, 73]
[1454, 1455]
[236, 237]
[589, 780]
[1444, 61, 106, 1335]
[94, 706]
[652, 653]
[1369, 659, 238, 878]
[60, 61, 106, 1440]
[282, 35]
[380, 381]
[10, 209, 61, 106]
[655, 855]
[909, 1078]
[1092, 136, 1260]
[155, 351]
[233, 169]
[393, 838]
[16, 506]
[994, 113]
[1270, 89]
[751, 456]
[48, 49]
[579, 522, 158, 159]
[1011, 1109]
[56, 57]
[44, 36, 37, 63]
[80, 789]
[830, 61, 106, 1077, 1097]
[147, 148]
[633, 61, 106, 174]
[669, 209, 61, 106]
[706, 707, 823, 849, 850]
[1357, 29, 222]
[654, 357]
[777, 99]
[1127, 136, 61, 106, 174]
[1146, 535, 82, 793]
[1139, 517]
[332, 143]
[286, 1528]
[57, 1017]
[917, 1291]
[542, 202]
[1140, 878]
[432, 0, 715, 716]
[207, 35]
[84, 85]
[872, 873]
[90, 571, 655, 855]
[142, 143]
[1002, 583]
[410, 397]
[411, 1464]
[1397, 830, 61, 106, 1077, 1097]
[223, 224]
[436, 136, 61, 106, 1440]
[731, 175]
[208, 209, 61, 106, 174]
[1232, 61, 106, 1510]
[669, 976, 1013]
[1184, 393, 838, 1322]
[86, 198, 279]
[289, 30]
[1341, 217, 236, 1060]
[600, 236, 237]
[119, 1493]
[609, 487, 488, 508]
[1232, 61, 106, 144]
[102, 156]
[432, 0, 1, 1237, 654, 357, 358]
[659, 238, 239]
[18, 743]
[535, 82, 793]
[325, 326]
[768, 156]
[82, 211]
[336, 735]
[748, 42]
[891, 61, 106, 1440]
[684, 507, 508]
[398, 1039]
[76, 77]
[1092, 136, 61, 106, 1440]
[36, 277, 977]
[134, 135]
[844, 211]
[535, 1408]
[82, 774, 656]
[128, 382]
[846, 1038]
[171, 172]
[212, 1334]
[1028, 1027]
[757, 758]
[365, 456]
[655, 1178]
[44, 36, 534]
[717, 151]
[504, 661]
[1058, 415]
[1077, 1097]
[90, 1352]
[273, 274]
[378, 371, 372]
[223, 315]
[633, 61, 106, 1077, 1097]
[1314, 1343]
[60, 151]
[443, 444]
[691, 163]
[44, 86, 198, 630]
[123, 52, 1038]
[1073, 9]
[225, 226, 412]
[695, 136, 270]
[791, 136]
[328, 197]
[1380, 413]
[1241, 1242]
[545, 546]
[772, 773]
[441, 778]
[540, 44, 86, 198, 616]
[44, 36, 277, 185]
[61, 106, 1077]
[393, 1456]
[535, 649]
[720, 1121]
[437, 438]
[136, 61, 106, 1077]
[75, 178]
[165, 166]
[205, 209, 61, 106, 1335]
[540, 44, 36, 396, 65]
[724, 1184, 393, 838, 1246]
[559, 502, 615]
[249, 446]
[336, 393, 1175]
[898, 1110]
[1313, 1314]
[762, 823, 849, 850]
[1210, 1211]
[753, 5]
[1397, 830, 61, 106, 174]
[535, 82, 1415]
[1136, 202, 859]
[232, 63]
[992, 993]
[52, 53]
[431, 432, 0, 654, 357]
[542, 463]
[713, 1067]
[398, 583]
[225, 226]
[81, 1150]
[44, 36, 37, 65]
[564, 565, 1014]
[629, 600, 236, 1060]
[633, 61, 106]
[852, 29, 245]
[866, 867]
[1141, 1142]
[1157, 312]
[686, 1153]
[659, 238, 413]
[609, 487, 488]
[1444, 61, 106, 1077, 1097]
[1375, 689]
[1267, 1239]
[36, 341]
[10, 209, 61, 106, 1510]
[432, 0, 1, 1237, 654, 357]
[81, 0, 1, 1237, 654]
[953, 418]
[1275, 986, 61, 106, 1335]
[676, 502]
[32, 33]
[728, 202, 1025]
[233, 780]
[44, 1524]
[874, 875]
[1232, 61, 106, 1335]
[212, 199]
[1072, 0, 1]
[44, 36, 277, 1383]
[105, 371, 372]
[1254, 1347]
[707, 823]
[464, 352]
[777, 778]
[540, 811]
[1021, 1022]
[94, 54, 762]
[522, 158]
[1119, 29, 245]
[36, 396, 158, 159]
[155, 1446]
[317, 29, 222]
[1117, 371, 372]
[1262, 73]
[18, 563]
[1498, 109]
[794, 795]
[1310, 1311]
[658, 659, 238]
[830, 61]
[543, 706, 707, 823, 824]
[374, 375]
[543, 393, 838]
[217, 900]
[751, 233, 169]
[1430, 405]
[61, 106, 1510]
[336, 337]
[251, 252]
[408, 86, 198, 279, 280]
[36, 298]
[997, 516]
[540, 44, 36, 1356]
[1146, 535, 5]
[297, 397]
[16, 109]
[540, 44, 36, 21, 607]
[223, 61, 106]
[1159, 315]
[145, 146]
[190, 211]
[1170, 710]
[160, 253]
[454, 455]
[57, 444]
[205, 244, 209, 61, 106, 1335]
[350, 553]
[629, 566]
[247, 248]
[167, 557]
[530, 212, 939]
[10, 209, 61, 106, 1077]
[162, 163]
[471, 472]
[94, 54, 679]
[179, 93]
[540, 44, 36, 43]
[1275, 986, 61, 106, 1510]
[542, 202, 1025]
[190, 694]
[431, 1012]
[584, 9]
[80, 81, 0, 654, 357, 358]
[1224, 106]
[86, 198, 279, 1041]
[762, 823, 824]
[1368, 969]
[1275, 986]
[1135, 614, 381]
[44, 36, 396, 158]
[543, 706, 707, 823, 826]
[734, 478]
[155, 170]
[20, 330]
[154, 155]
[724, 1184, 393, 1456]
[41, 42]
[398, 29, 1070]
[892, 893]
[198, 279]
[210, 906]
[286, 656, 657]
[564, 565, 527]
[692, 369]
[540, 44, 36, 341]
[540, 44, 36, 396, 397]
[80, 81, 0, 1, 1237, 654]
[350, 329, 330]
[365, 278]
[633, 137]
[119, 1276]
[429, 714]
[1385, 29, 222]
[728, 202]
[1268, 190, 694]
[936, 830]
[44, 36, 1217]
[10, 870]
[1, 1237, 654, 357]
[134, 576]
[540, 44, 86, 87]
[106, 174]
[856, 1398]
[490, 1499]
[762, 823, 826]
[522, 353, 354]
[1275, 986, 61, 106, 144]
[254, 255]
[1306, 608]
[592, 397]
[724, 1184, 393, 808]
[94, 54, 762, 823, 849]
[633, 61, 106, 1440]
[540, 44, 36, 348]
[1123, 684]
[273, 710]
[707, 826]
[543, 393, 838, 1246]
[44, 36, 277, 278]
[1385, 29, 489]
[1480, 1257]
[271, 272]
[1021, 1245]
[475, 177, 245]
[555, 5]
[674, 675]
[940, 5]
[536, 716]
[394, 626, 3]
[1369, 659, 238]
[676, 677]
[840, 501]
[751, 233]
[988, 989]
[28, 29, 245]
[44, 197]
[540, 44, 36, 650]
[1004, 1005]
[16, 1066]
[198, 939]
[1200, 1201]
[1357, 29, 489]
[295, 444]
[20, 21, 1064]
[768, 769]
[1146, 535, 9]
[371, 372]
[748, 709]
[683, 684]
[336, 778]
[20, 21, 835]
[695, 73]
[809, 1206]
[205, 209, 61, 106, 1510]
[785, 786]
[1107, 1108]
[160, 161]
[891, 61, 106, 174]
[20, 335]
[36, 37, 47, 376]
[20, 553]
[1266, 61, 106, 1077]
[128, 66, 1500]
[44, 36, 185, 1197]
[48, 61, 106, 1440]
[136, 137]
[1462, 279, 1041]
[1127, 136]
[102, 1138]
[128, 129]
[388, 1199]
[24, 25]
[398, 29, 245]
[865, 298]
[998, 315]
[18, 1438]
[16, 587]
[1353, 497]
[56, 57, 1163]
[128, 1304]
[791, 136, 270]
[881, 954]
[693, 809]
[894, 895]
[1278, 1279]
[44, 36, 21, 607]
[317, 29, 489]
[462, 202]
[36, 1356]
[58, 641]
[629, 560]
[295, 296]
[136, 61, 106, 144]
[75, 35]
[751, 63]
[328, 332, 397]
[98, 209, 61, 106, 1077]
[530, 660]
[881, 882]
[565, 1014]
[205, 244]
[535, 82, 774, 656]
[695, 136]
[567, 568]
[255, 633, 73]
[217, 236, 615]
[54, 762]
[205, 244, 209, 61, 106, 1510]
[117, 118]
[384, 385]
[284, 61, 106, 1440]
[81, 0, 1, 1237]
[698, 699]
[844, 5]
[104, 105, 371]
[540, 44, 36, 277, 1383]
[457, 458]
[828, 1315]
[134, 249, 522, 129]
[540, 44, 1027]
[328, 332]
[820, 509, 802]
[44, 86, 198, 279]
[46, 47]
[540, 44, 86]
[254, 255, 633, 61]
[62, 63]
[530, 15]
[1133, 61]
[134, 1477]
[165, 566]
[307, 1257]
[128, 66]
[791, 136, 61, 106, 1077, 1097]
[791, 136, 61, 106, 1440]
[751, 233, 780]
[459, 82]
[475, 177]
[494, 495]
[227, 446]
[128, 577, 1449]
[227, 228]
[0, 1, 715, 716]
[1155, 133]
[830, 61, 106, 174]
[1122, 588, 415]
[54, 679]
[277, 463]
[1011, 372]
[86, 87]
[719, 583]
[1012, 1, 715, 716]
[289, 1424]
[591, 450]
[1197, 1198]
[436, 136, 61, 106, 174]
[658, 659, 238, 878]
[897, 89]
[970, 971]
[1133, 61, 106, 174]
[393, 1175]
[48, 115]
[183, 9]
[1268, 190, 211]
[10, 209, 61]
[106, 1077]
[695, 136, 61, 106, 1077]
[431, 1012, 1, 1237, 654, 716]
[1037, 1038]
[1254, 1255]
[307, 202, 859]
[638, 163]
[229, 783]
[852, 29, 1070]
[540, 44, 36, 21, 1064]
[48, 61, 106, 468]
[569, 570]
[233, 63]
[1301, 190, 211]
[755, 404]
[261, 608]
[559, 502]
[638, 519]
[80, 789, 1, 1237]
[858, 653, 1015]
[236, 601]
[695, 136, 61, 106, 1077, 1097]
[986, 61, 106, 1510]
[350, 61, 106, 1077, 1097]
[1437, 61, 106]
[209, 61, 106, 468]
[408, 86, 198, 279]
[1433, 1434]
[564, 565, 133]
[36, 396, 63]
[317, 29, 1410]
[112, 1212]
[94, 706, 707, 823, 849, 850]
[128, 1304, 1305]
[462, 463]
[755, 756]
[830, 61, 106, 1440]
[22, 23]
[540, 44, 36, 277]
[844, 9]
[10, 38]
[515, 516]
[1471, 35]
[1395, 1396]
[238, 413]
[422, 509, 259, 260]
[60, 61, 106, 468]
[678, 371]
[695, 136, 61, 106]
[1072, 0, 1, 715, 716]
[134, 249, 1195]
[1441, 5]
[692, 369, 370]
[922, 82, 1415]
[540, 44, 36, 185, 1197]
[50, 949]
[56, 116]
[44, 36, 1356]
[311, 312]
[36, 396, 65]
[1082, 73]
[205, 379]
[1092, 136, 61, 106, 1077, 1097]
[751, 233, 63]
[329, 689]
[44, 86, 198, 939]
[1227, 241]
[724, 1184, 393]
[420, 190, 202]
[693, 225, 226]
[600, 236, 615]
[1341, 217, 615]
[254, 255, 633, 634]
[242, 243]
[98, 209, 61, 106, 144]
[208, 209, 61, 106]
[806, 442]
[1184, 393]
[44, 36, 373]
[1478, 643]
[36, 1328]
[692, 369, 1384]
[186, 1476]
[62, 65]
[20, 548]
[1442, 943]
[540, 44, 36, 37, 47, 376]
[865, 63]
[18, 1044]
[535, 82, 774, 656, 657]
[1387, 371]
[720, 1436]
[36, 534]
[80, 789, 1]
[944, 9]
[329, 1253]
[674, 903]
[1181, 35]
[431, 1012, 1, 715, 716]
[350, 61, 106, 468]
[80, 81, 0, 715]
[198, 973]
[669, 209, 61, 106, 1077]
[518, 945]
[530, 212, 1334]
[134, 164]
[1135, 614, 381, 1492]
[470, 89]
[917, 16, 506]
[36, 277, 185, 1197]
[94, 354]
[44, 36, 277, 977]
[1012, 407]
[1266, 61, 106, 1440]
[986, 61, 106, 144]
[434, 313]
[1092, 136]
[685, 418]
[47, 376]
[676, 502, 503]
[708, 89]
[936, 830, 61, 106, 1077, 1097]
[436, 136, 137]
[531, 532]
[536, 1113]
[595, 583]
[36, 37, 368]
[157, 5]
[540, 44, 36, 1097]
[80, 81, 0, 1]
[123, 52, 787]
[123, 52, 53]
[350, 3]
[1028, 1029]
[1146, 535, 211]
[662, 663]
[891, 61, 106, 1510]
[198, 539]
[388, 1332]
[547, 243]
[936, 830, 61, 106, 1077]
[536, 537]
[1059, 758]
[432, 0, 1, 1237, 654, 716]
[1369, 659, 27]
[60, 137]
[540, 1318]
[10, 209, 61, 106, 1077, 1097]
[1232, 61, 106, 1440]
[186, 187]
[205, 209, 61, 106, 1077]
[995, 1151]
[540, 44, 45]
[579, 1124]
[588, 415]
[828, 829]
[1012, 1, 1237, 654, 357]
[1392, 1393]
[241, 280]
[246, 197]
[1266, 115]
[1237, 654, 357]
[645, 646]
[540, 44, 86, 198, 265]
[755, 404, 405]
[64, 397]
[36, 37, 47]
[94, 706, 707, 823]
[205, 209, 61, 106, 174]
[44, 36, 396, 63]
[112, 113]
[891, 61, 106, 468]
[1268, 190, 1443]
[1301, 190, 694]
[1004, 1183]
[1146, 535, 82, 774]
[328, 1487]
[509, 259, 260]
[1385, 29]
[37, 63]
[798, 514]
[432, 0, 654]
[441, 442]
[104, 105, 371, 372]
[437, 1115]
[1144, 1145]
[431, 432, 0]
[512, 902]
[1397, 830, 61, 106, 144]
[1403, 78, 79]
[858, 653]
[94, 158, 159]
[499, 278]
[1123, 684, 507, 508]
[1224, 106, 144]
[134, 1162]
[543, 706, 707, 826]
[434, 660]
[329, 330]
[589, 456]
[254, 255, 633, 151]
[1265, 574, 1527]
[1468, 312]
[92, 413]
[540, 44, 36, 396, 158, 159]
[551, 552]
[540, 44, 36, 933]
[659, 238, 575]
[205, 209]
[223, 61, 106, 468]
[540, 44, 36, 185]
[770, 771]
[273, 596]
[1130, 823]
[62, 143]
[217, 236]
[1341, 217, 218]
[36, 1062]
[44, 36, 396, 65]
[991, 115]
[1131, 35]
[28, 29]
[212, 630]
[57, 1163]
[323, 202]
[1173, 1174]
[37, 65]
[744, 5]
[1236, 1237, 654, 716]
[543, 706, 707, 823]
[573, 574, 1527]
[37, 47, 376]
[205, 206]
[564, 565, 574]
[564, 565, 574, 1056]
[10, 1207]
[94, 706, 707, 826]
[1268, 190, 202, 859]
[209, 61, 106, 1440]
[633, 61, 106, 144]
[891, 61, 106, 1335]
[408, 86, 198, 630]
[400, 580]
[255, 633, 61, 106, 174]
[917, 16, 17]
[388, 1204]
[36, 1506]
[459, 82, 1415]
[1072, 0, 1, 1237, 654, 357]
[1301, 190, 1443]
[1333, 178]
[1123, 684, 507]
[891, 61, 106]
[1280, 385]
[48, 61, 106, 1077, 1097]
[579, 522]
[521, 29, 1410]
[1397, 830, 61]
[565, 133]
[202, 1025]
[81, 0, 715, 716]
[134, 249, 446]
[406, 407]
[410, 298]
[106, 1335]
[509, 259]
[223, 61, 106, 1335]
[36, 396, 397]
[44, 86, 198, 973]
[80, 81]
[1146, 535, 82, 774, 656]
[431, 1012, 1, 1237, 654, 357]
[104, 91]
[361, 1495]
[854, 89]
[581, 371]
[696, 192, 1513]
[911, 912]
[126, 1188]
[540, 44, 36, 534]
[564, 565, 574, 1284]
[593, 752]
[789, 1, 1237, 654]
[393, 1448]
[627, 790]
[246, 143]
[411, 1344]
[1444, 61, 106, 174]
[1358, 1359]
[396, 158]
[789, 1]
[321, 737]
[459, 82, 774]
[917, 16, 109]
[1437, 61, 106, 174]
[80, 81, 0, 1, 1237]
[535, 82, 211]
[540, 44, 86, 198, 279, 280]
[369, 1384]
[937, 938]
[277, 35]
[1146, 535, 82, 211]
[695, 136, 61, 106, 1335]
[922, 5]
[328, 955]
[439, 440]
[80, 81, 0, 1, 715, 716]
[44, 86, 198, 539]
[188, 632]
[1275, 986, 349]
[233, 377]
[388, 389]
[462, 413]
[602, 603]
[240, 241, 280]
[1400, 1401]
[1461, 1026]
[307, 180]
[1130, 823, 849, 850]
[913, 1292]
[770, 1529]
[779, 278]
[1146, 535, 656]
[244, 209, 61, 106, 1440]
[525, 362]
[1266, 61, 106, 174]
[155, 512, 466, 467]
[1416, 945]
[853, 348]
[579, 522, 353]
[535, 9]
[10, 421]
[629, 600, 1060]
[1016, 501]
[98, 887]
[1074, 115]
[209, 1109]
[410, 196, 1379]
[1092, 136, 137]
[220, 221]
[321, 737, 738]
[94, 54, 762, 823]
[706, 707, 823, 849]
[931, 537]
[929, 1516]
[836, 29, 222]
[215, 13]
[205, 1207]
[82, 1415]
[1118, 251, 252, 1347]
[434, 15]
[668, 498, 9]
[629, 600, 237]
[669, 209, 61, 106, 1510]
[422, 423]
[715, 716]
[1473, 1474]
[961, 1055]
[188, 545]
[1224, 106, 1440]
[1341, 217, 236, 615]
[565, 574]
[1051, 55]
[29, 1070]
[86, 198, 265]
[110, 111]
[309, 1179]
[1095, 133]
[223, 61]
[666, 1120]
[408, 35]
[39, 40]
[301, 302, 1382]
[1275, 986, 61, 106]
[543, 952]
[205, 244, 209, 61, 106, 1077]
[58, 418]
[82, 774]
[154, 155, 466]
[92, 202, 859]
[36, 21, 689]
[936, 830, 61, 106, 468]
[1136, 202]
[299, 383]
[134, 169]
[629, 600, 236]
[134, 1429]
[513, 514]
[788, 138, 139, 340]
[512, 466]
[255, 633, 151]
[922, 9]
[44, 36, 1097]
[1012, 1, 1237, 654]
[1472, 649]
[1417, 460]
[540, 44, 197]
[844, 203, 754]
[291, 9]
[411, 742]
[1023, 924]
[540, 44, 36, 277, 185, 1197, 1198]
[229, 783, 689]
[233, 115]
[128, 382, 433]
[244, 209, 61]
[619, 202, 859]
[1402, 1287]
[350, 61, 106, 1440]
[44, 36, 277, 1330]
[60, 270]
[98, 209, 61, 106, 1335]
[14, 376]
[10, 379]
[1054, 1055]
[249, 522, 353]
[695, 136, 151]
[820, 509, 259, 260]
[535, 5]
[464, 13]
[742, 276]
[879, 880]
[600, 601]
[695, 136, 61, 106, 1510]
[594, 498]
[177, 245]
[317, 29]
[520, 5]
[917, 16, 587]
[393, 838, 1246]
[81, 0, 1]
[1236, 1237, 654, 357]
[1127, 136, 151]
[36, 43]
[535, 1394]
[803, 804]
[92, 185]
[244, 209, 61, 106, 174]
[1232, 61, 106, 468]
[205, 244, 869]
[510, 511]
[1379, 960]
[36, 396]
[856, 1451]
[54, 1331]
[791, 136, 61]
[0, 1072]
[404, 405]
[922, 82, 211]
[185, 1197, 1198]
[1055, 1178]
[400, 401]
[1269, 1043]
[530, 212, 199]
[1072, 0, 1, 1237]
[1294, 97, 340]
[208, 209, 61, 106, 1077]
[788, 138]
[408, 86, 1519]
[540, 44, 86, 198, 539]
[1385, 29, 1070]
[1496, 623]
[94, 54]
[198, 265]
[1092, 136, 61, 106, 468]
[229, 783, 330]
[918, 919]
[10, 209]
[690, 691, 163]
[382, 1243]
[1299, 859]
[165, 741]
[417, 341]
[1268, 190]
[0, 654, 357, 358]
[154, 155, 814]
[762, 823]
[44, 86, 198, 1334]
[60, 1024]
[1254, 1337]
[823, 826]
[1182, 97]
[36, 21, 1064]
[512, 467]
[1302, 1303]
[479, 480]
[913, 914]
[249, 805]
[1275, 986, 61, 106, 174]
[574, 1284]
[892, 1427]
[44, 36, 396, 158, 159]
[540, 44, 86, 198, 973]
[970, 793]
[1133, 61, 106]
[275, 851]
[331, 5]
[142, 63]
[571, 655]
[1397, 830, 61, 106]
[836, 29, 489]
[1127, 136, 61, 106, 144]
[36, 397]
[487, 488, 508]
[585, 729]
[223, 61, 106, 1510]
[94, 706, 707, 823, 849]
[629, 600, 236, 615]
[1006, 89]
[784, 621]
[936, 830, 61, 106, 1335]
[81, 0, 654, 716]
[1072, 0, 654, 716]
[200, 201]
[332, 197]
[37, 1261]
[128, 1304, 1308]
[441, 99]
[543, 706, 707, 823, 849, 850]
[540, 44, 36, 21, 835]
[254, 255, 633, 61, 106, 144]
[821, 822]
[926, 63]
[1216, 308]
[1369, 659, 238, 575]
[136, 61, 106, 1077, 1097]
[381, 614]
[259, 260]
[410, 1053]
[336, 1453]
[669, 209, 1109]
[823, 824]
[18, 74]
[196, 1379, 960]
[86, 198]
[654, 716]
[1428, 319]
[284, 61, 106, 1077, 1097]
[14, 15]
[502, 615]
[956, 1081]
[1463, 397]
[212, 939]
[565, 574, 1527]
[1403, 78]
[0, 1, 1237]
[134, 593, 752]
[139, 340]
[1140, 278]
[1072, 0, 1, 1237, 654, 716]
[420, 190, 191]
[986, 61, 106, 1077, 1097]
[408, 86, 198, 199]
[1525, 924]
[986, 61]
[1412, 1413]
[462, 107]
[142, 1261]
[369, 370]
[535, 82, 83]
[98, 209, 61, 106, 1510]
[792, 349]
[277, 1330]
[58, 982]
[730, 731]
[44, 36, 37]
[858, 1208]
[1180, 793]
[426, 89]
[1139, 197]
[1184, 393, 838, 1246]
[543, 393, 838, 1322]
[1341, 217]
[44, 36, 277, 185, 1197]
[142, 377]
[205, 244, 209]
[604, 605]
[728, 349]
[36, 175]
[192, 572]
[1234, 1049]
[540, 44, 36, 277, 1330]
[669, 209, 61, 106, 144]
[1306, 262]
[1220, 29, 1410]
[432, 0, 1072]
[512, 466, 467]
[543, 706, 707]
[777, 1521]
[94, 99]
[936, 830, 61, 106, 1510]
[284, 61, 106, 144]
[145, 288]
[936, 1018]
[149, 150]
[279, 1041]
[128, 577]
[134, 594, 498, 9]
[1430, 1112]
[1496, 623, 367]
[154, 155, 902]
[986, 61, 106, 1335]
[1072, 0, 715]
[1485, 1486]
[416, 89]
[619, 107]
[106, 1510]
[713, 714]
[571, 655, 855]
[669, 209, 61, 106, 1335]
[1, 1237, 654]
[179, 202]
[540, 44, 86, 198, 1334]
[683, 684, 507, 508]
[244, 209, 1109]
[891, 61, 106, 1077]
[1444, 61, 106, 1077]
[1189, 73]
[388, 529]
[328, 332, 143]
[554, 5]
[821, 1489]
[1146, 535, 82, 281]
[432, 0, 1, 715, 716]
[80, 789, 1, 715]
[61, 106, 1440]
[176, 177, 245]
[255, 633, 634]
[155, 512, 467]
[291, 100, 101]
[1220, 29, 245]
[457, 5]
[1265, 574, 1056]
[80, 789, 1150]
[20, 21, 805]
[1159, 516]
[789, 1, 1237, 654, 357]
[629, 600, 601]
[255, 633, 61]
[651, 511]
[1444, 61, 106, 468]
[916, 434, 313]
[98, 209, 1109]
[364, 318]
[411, 742, 276]
[1301, 190, 202]
[130, 131]
[690, 691]
[633, 61]
[98, 209, 61, 106, 174]
[533, 534]
[100, 968]
[540, 44, 36, 277, 185]
[82, 281]
[261, 262]
[847, 848]
[432, 0, 1, 1237]
[528, 197]
[565, 1014, 1425]
[1008, 146]
[522, 129]
[633, 61, 106, 468]
[1004, 1065]
[540, 44, 36, 1328]
[14, 216]
[86, 198, 616]
[213, 1084]
[935, 1457]
[1385, 29, 1410]
[70, 71]
[188, 545, 546]
[208, 209, 61, 106, 468]
[1088, 562]
[1227, 241, 280]
[891, 137]
[236, 615]
[212, 973]
[18, 1147]
[90, 571, 1120]
[633, 151]
[1182, 97, 340]
[530, 212, 616]
[94, 95]
[1512, 1507]
[469, 371]
[1094, 312]
[48, 61, 106]
[1127, 136, 61, 106, 468]
[1030, 1031]
[48, 61, 106, 1077]
[92, 1257]
[622, 623]
[642, 3]
[530, 1445]
[1313, 1314, 1343]
[21, 607]
[134, 1007]
[192, 193, 747]
[179, 180]
[402, 469, 371]
[1045, 3]
[1381, 115]
[543, 393, 808]
[66, 67]
[766, 1336]
[44, 36, 43]
[44, 36, 341]
[336, 393, 1456]
[827, 211]
[1098, 1099]
[1141, 1526]
[789, 1, 715]
[711, 712]
[44, 1027]
[625, 397]
[242, 1360]
[437, 492]
[821, 1001]
[1346, 1031]
[554, 9]
[457, 9]
[1072, 0, 715, 716]
[37, 397]
[881, 983]
[1437, 61, 106, 1335]
[1301, 190, 202, 859]
[81, 0, 1, 715]
[916, 434]
[18, 1105]
[842, 843]
[507, 508]
[1092, 136, 270]
[1004, 1240]
[318, 319]
[188, 189]
[314, 516]
[521, 29, 222]
[707, 823, 824]
[338, 197]
[844, 1033]
[255, 633, 61, 106, 1510]
[916, 434, 660]
[1133, 61, 106, 1510]
[14, 960]
[844, 632]
[1185, 107]
[1049, 1050]
[1444, 61, 106]
[573, 574, 1056]
[1146, 535, 82, 191]
[1146, 535]
[366, 367]
[1, 1237]
[2, 3]
[305, 990]
[558, 35]
[436, 136, 1260]
[60, 61, 106, 1077]
[411, 1464, 412]
[530, 212, 701]
[700, 701]
[696, 192]
[44, 36, 298]
[436, 136, 61, 106, 1077]
[202, 859]
[836, 29]
[540, 44, 36, 277, 35]
[1274, 456]
[208, 887]
[1466, 1467]
[521, 29, 489]
[207, 5]
[192, 1513]
[1397, 830, 61, 106, 468]
[394, 626]
[789, 1, 715, 716]
[1220, 29]
[205, 209, 61, 106, 144]
[579, 1511]
[724, 1184, 393, 1175]
[664, 665]
[1259, 175]
[1250, 1251]
[198, 616]
[1339, 395]
[986, 61, 106, 468]
[1119, 29, 489]
[1281, 1282]
[707, 823, 826]
[1285, 623, 367]
[299, 300]
[543, 393, 1456]
[600, 236, 601]
[724, 1184, 393, 838]
[29, 245]
[92, 180]
[431, 432, 0, 1, 1237, 654, 357]
[92, 185, 1197, 1198]
[920, 921]
[145, 1354]
[1152, 415]
[380, 381, 614]
[422, 509]
[154, 155, 1446]
[547, 1490]
[1119, 29, 1410]
[1224, 106, 174]
[751, 233, 797]
[205, 235]
[936, 830, 61, 106, 1440]
[559, 502, 1114]
[1092, 136, 61, 106]
[1186, 969]
[297, 298]
[669, 976]
[44, 86, 198, 265]
[350, 61, 106]
[540, 44, 36, 373]
[134, 1003]
[633, 634]
[75, 9]
[1072, 0, 654, 357]
[540, 44, 36]
[540, 44, 36, 1506]
[1068, 53]
[134, 249, 522, 158]
[535, 82, 774]
[279, 280]
[502, 1114]
[684, 507]
[212, 313]
[975, 371, 372]
[136, 61, 106, 1440]
[54, 762, 823, 849]
[830, 61, 106, 144]
[505, 184]
[39, 586]
[791, 136, 61, 106, 1077]
[60, 61, 106, 1510]
[0, 654, 716]
[436, 136, 61, 106, 1510]
[80, 81, 0, 1, 1237, 654, 716]
[696, 192, 193]
[309, 310]
[213, 214]
[386, 387]
[1237, 654, 357, 358]
[459, 5]
[636, 1020]
[1491, 9]
[700, 216]
[139, 1508]
[386, 1505]
[20, 845]
[255, 633, 61, 106, 1335]
[80, 789, 1, 1237, 654, 716]
[917, 1481]
[1133, 61, 106, 1335]
[185, 1197]
[540, 44, 86, 198, 279]
[1087, 315]
[98, 209, 61, 106, 1077, 1097]
[393, 838, 1322]
[380, 381, 1492]
[540, 44, 36, 37, 47]
[1167, 1168]
[1054, 1055, 1178]
[1482, 1116]
[791, 136, 61, 106]
[504, 250]
[595, 596]
[396, 197]
[1236, 1237, 654, 357, 358]
[420, 190, 694]
[1072, 0, 654]
[614, 381]
[338, 377]
[581, 371, 372]
[1135, 614]
[1437, 61, 106, 1077, 1097]
[849, 850]
[1004, 1192]
[392, 137]
[408, 86, 198, 973]
[629, 1272]
[1464, 412]
[1275, 986, 61, 106, 468]
[54, 762, 823, 849, 850]
[883, 823, 826]
[1266, 61]
[0, 1]
[609, 487]
[1111, 35]
[323, 202, 1025]
[295, 72, 73]
[420, 190, 211]
[676, 615]
[18, 184]
[254, 255, 633, 61, 106, 1510]
[473, 9]
[1397, 830, 61, 106, 1440]
[424, 425]
[828, 1309]
[307, 878]
[277, 278]
[192, 193]
[208, 209, 61, 106, 1440]
[1092, 136, 61, 106, 1077]
[1202, 1203]
[1345, 1247, 1248]
[429, 430]
[718, 241]
[0, 1, 1237, 654, 716]
[254, 255, 633, 270]
[342, 1196]
[154, 155, 512]
[292, 293]
[681, 959]
[1236, 1237]
[540, 44, 36, 277, 977]
[1184, 393, 1456]
[654, 357, 358]
[56, 57, 444]
[535, 82]
[1004, 1061]
[28, 29, 1070]
[1218, 1219]
[889, 270]
[432, 0, 1, 715]
[540, 44, 86, 198, 939]
[307, 1156]
[883, 823, 824]
[994, 1026]
[1221, 709]
[106, 468]
[510, 944, 9]
[179, 202, 859]
[1397, 830]
[193, 747]
[82, 191]
[749, 750]
[301, 1452]
[597, 598]
[18, 1010]
[6, 1034]
[695, 136, 61, 106, 1440]
[956, 957]
[62, 397]
[408, 86, 198]
[286, 287]
[44, 86, 198, 616]
[420, 190]
[1130, 823, 849]
[10, 209, 61, 106, 468]
[518, 519]
[254, 255, 633, 61, 106, 1335]
[165, 486]
[540, 44, 36, 1062]
[593, 109]
[493, 127]
[1271, 1272]
[483, 89]
[753, 754]
[307, 308]
[589, 797]
[10, 209, 61, 106, 1440]
[297, 65]
[203, 754]
[104, 105]
[658, 659, 238, 575]
[627, 628]
[817, 35]
[821, 1040]
[1444, 61]
[394, 626, 1080]
[1275, 1298]
[64, 65]
[21, 689]
[1177, 173]
[8, 9]
[434, 376]
[92, 133]
[1357, 29, 245]
[44, 86, 198, 279, 1041]
[205, 209, 61]
[90, 571, 655, 1178]
[774, 656, 657]
[1146, 535, 1394]
[0, 715, 716]
[898, 899]
[838, 1322]
[917, 16, 752]
[316, 1488]
[997, 315]
[72, 73]
[254, 255, 633]
[540, 44, 86, 198, 199]
[898, 1355]
[10, 209, 1109]
[696, 192, 339]
[986, 61, 106, 1077]
[889, 137]
[559, 502, 503]
[775, 776]
[672, 1522]
[90, 661]
[592, 377]
[659, 238]
[44, 36, 277, 185, 1197, 1198]
[931, 1150]
[46, 397]
[510, 477]
[936, 830, 1132]
[346, 347]
[297, 115]
[718, 241, 280]
[1225, 1226]
[427, 428]
[839, 689]
[686, 687]
[196, 1379]
[0, 1, 1237, 654, 357]
[92, 93]
[417, 175]
[719, 964]
[64, 63]
[1130, 826]
[205, 244, 209, 61, 106, 468]
[61, 106]
[254, 255, 633, 61, 106, 174]
[327, 456]
[1312, 591, 450]
[639, 5]
[1369, 659]
[10, 99]
[1514, 1515]
[1321, 1242]
[1475, 5]
[920, 1509]
[490, 491]
[883, 823]
[600, 1060]
[436, 136, 61, 106, 468]
[681, 682]
[134, 594]
[48, 61, 106, 174]
[48, 61, 106, 1335]
[856, 857]
[155, 902]
[1213, 169]
[277, 977]
[68, 69]
[84, 341]
[1072, 0]
[1275, 986, 61, 106, 1440]
[1072, 0, 1, 1237, 654, 357, 358]
[432, 0, 1, 1237, 654]
[1100, 516]
[466, 467]
[821, 1096]
[41, 709]
[799, 1460]
[936, 830, 61, 106]
[126, 127]
[1417, 460, 461]
[1268, 190, 202, 1025]
[205, 538]
[81, 0, 654, 357]
[60, 61, 106, 1335]
[277, 185]
[984, 985]
[90, 571]
[275, 276]
[1437, 61, 106, 144]
[0, 654, 357]
[1437, 61]
[328, 1164]
[431, 432, 0, 1, 1237, 654, 716]
[821, 1405]
[986, 349]
[408, 86, 198, 539]
[233, 234]
[277, 1383]
[1444, 61, 106, 1440]
[56, 57, 1017]
[124, 782]
[190, 202, 1025]
[852, 29, 489]
[205, 244, 209, 61, 106, 1077, 1097]
[592, 115]
[1437, 61, 106, 1077]
[1119, 29]
[12, 13]
[134, 594, 498]
[134, 249, 522]
[136, 151]
[244, 209, 61, 106, 1077, 1097]
[209, 61, 106, 174]
[44, 36, 37, 1261]
[277, 185, 1197]
[359, 115]
[209, 61]
[540, 44, 1524]
[540, 44, 36, 396, 197]
[619, 463]
[134, 593]
[540, 44, 36, 21, 805]
[1387, 371, 372]
[205, 209, 61, 106]
[88, 89]
[836, 29, 1070]
[48, 61, 106, 1510]
[384, 643]
[205, 209, 61, 106, 1440]
[431, 432, 0, 715]
[431, 1012, 1]
[44, 36, 21, 1064]
[487, 488, 1347]
[36, 277, 35]
[36, 37]
[695, 136, 61, 106, 174]
[60, 173]
[128, 577, 159]
[917, 113]
[540, 44, 36, 63]
[579, 522, 129]
[94, 158]
[436, 136, 61, 106, 1335]
[338, 115]
[998, 516]
[1275, 986, 61]
[98, 870]
[44, 36, 1062]
[791, 136, 61, 106, 144]
[459, 656]
[1369, 659, 238, 413]
[564, 565, 413]
[883, 826]
[1235, 885]
[432, 0, 715]
[44, 36, 1506]
[1146, 535, 82, 1415]
[669, 209, 61, 106, 1077, 1097]
[600, 236, 1060]
[124, 125]
[852, 29, 222]
[647, 648]
[6, 875]
[128, 1102]
[198, 279, 280]
[251, 252, 1347]
[669, 209, 61, 106, 468]
[16, 17]
[974, 869]
[1133, 61, 106, 1077]
[1160, 1161]
[81, 0, 654]
[976, 1013]
[493, 250]
[1125, 709]
[94, 1328]
[66, 1500]
[521, 29, 1070]
[929, 930]
[134, 668, 498, 9]
[361, 362]
[484, 485]
[540, 44, 36, 37, 1261]
[233, 456]
[408, 86, 198, 939]
[574, 1056]
[357, 358]
[1104, 405]
[1419, 9]
[209, 61, 106, 1077]
[210, 133]
[179, 413]
[540, 44, 36, 277, 278]
[948, 312]
[284, 61, 106, 174]
[573, 574]
[658, 659]
[44, 36, 37, 368]
[1266, 61, 106, 144]
[915, 283]
[1437, 61, 106, 1510]
[359, 680]
[1205, 1206]
[1119, 29, 222]
[629, 600, 236, 601]
[1389, 1390]
[98, 209, 61, 106]
[238, 239]
[359, 377]
[44, 86, 87]
[317, 29, 245]
[543, 706, 707, 823, 849]
[987, 413]
[344, 345]
[336, 393, 808]
[488, 508]
[431, 432, 0, 1, 1237]
[564, 565, 1014, 1425]
[192, 807]
[134, 593, 109]
[44, 36, 689]
[36, 21, 805]
[1295, 1296]
[134, 249, 610]
[659, 238, 878]
[223, 61, 106, 1077, 1097]
[390, 391]
[263, 264]
[182, 115]
[36, 277]
[696, 192, 599]
[967, 705]
[986, 1154]
[44, 36, 37, 47]
[6, 7]
[946, 1103]
[540, 935, 1457]
[592, 197]
[1131, 278]
[1369, 659, 238, 239]
[1465, 371, 372]
[564, 565]
[1012, 1, 1237]
[1092, 136, 61, 106, 1510]
[1385, 29, 245]
[1399, 397]
[926, 298]
[522, 353]
[922, 82, 793]
[44, 36, 21, 805]
[154, 155, 512, 466, 467]
[564, 565, 1479]
[579, 1071]
[81, 0, 1, 1237, 654, 357]
[353, 354]
[1312, 591]
[86, 198, 973]
[205, 244, 99]
[884, 885]
[94, 54, 762, 823, 824]
[61, 106, 468]
[1127, 1189, 73]
[1082, 133]
[336, 393, 838, 1246]
[422, 509, 259]
[44, 36, 396, 397]
[18, 1501]
[152, 153]
[408, 86]
[543, 393]
[36, 185]
[1074, 63]
[1244, 305, 306]
[192, 671]
[481, 482]
[1462, 279]
[29, 1410]
[223, 61, 106, 174]
[565, 413]
[134, 249]
[540, 44, 36, 21]
[48, 61]
[844, 890]
[1222, 1223]
[249, 522, 129]
[28, 29, 222]
[179, 324]
[540, 44, 36, 396, 158]
[644, 169]
[36, 933]
[820, 509]
[459, 82, 774, 656]
[852, 29]
[1341, 217, 900]
[72, 114]
[1386, 107]
[1256, 1257]
[698, 1165]
[751, 233, 234]
[297, 9]
[398, 29, 489]
[986, 61, 106]
[1345, 9]
[359, 49]
[1391, 312]
[447, 448]
[1342, 115]
[1233, 312]
[86, 198, 539]
[666, 667]
[762, 823, 849]
[936, 830, 61]
[86, 198, 279, 280]
[96, 97]
[205, 244, 1326]
[978, 979]
[543, 706]
[581, 582]
[94, 54, 762, 823, 826]
[155, 814]
[307, 133]
[473, 474]
[1127, 136, 61, 106, 1440]
[626, 3]
[205, 244, 209, 61, 106, 1440]
[44, 45]
[540, 44, 36, 37, 368]
[995, 996]
[4, 5]
[92, 202, 1025]
[789, 1, 1237, 654, 716]
[44, 36, 1328]
[398, 29, 222]
[1092, 136, 61, 106, 1335]
[1146, 535, 82, 83]
[60, 61, 106, 144]
[922, 82, 83]
[1000, 501]
[619, 202]
[526, 133]
[1139, 517, 313]
[254, 255, 633, 61, 106, 1077]
[355, 356]
[658, 659, 27]
[439, 418]
[255, 633, 61, 106, 1077, 1097]
[540, 44, 86, 198, 630]
[411, 226]
[136, 61, 106, 468]
[739, 1300]
[80, 81, 0, 1, 715]
[498, 9]
[223, 516]
[236, 1060]
[217, 615]
[28, 29, 489]
[134, 115]
[590, 591]
[44, 36, 277, 35]
[289, 30, 31]
[525, 1418]
[1009, 664, 665]
[459, 82, 211]
[577, 159]
[676, 566]
[1146, 535, 649]
[830, 61, 106, 1335]
[244, 869]
[44, 86, 198]
[420, 190, 1443]
[396, 63]
[1072, 0, 1, 1237, 654]
[36, 21, 835]
[321, 322]
[579, 805]
[668, 498]
[907, 908]
[238, 878]
[1128, 1129]
[209, 61, 106, 1077, 1097]
[378, 371]
[604, 274]
[669, 209, 61, 106, 174]
[1275, 986, 1154]
[338, 65]
[612, 1363]
[1125, 42]
[1224, 106, 1077, 1097]
[402, 469, 371, 372]
[958, 312]
[208, 870]
[1184, 393, 1448]
[633, 73]
[60, 61, 106]
[200, 1169]
[751, 233, 456]
[724, 725]
[1224, 106, 1077]
[208, 209, 61, 106, 1077, 1097]
[92, 308]
[431, 432, 0, 1072]
[342, 343]
[360, 3]
[633, 61, 106, 1335]
[14, 313]
[44, 36, 21, 835]
[30, 334]
[155, 512]
[540, 44, 36, 298]
[656, 657]
[574, 1527]
[1127, 136, 61, 106, 1335]
[766, 767]
[1266, 1286]
[1265, 574, 1284]
[295, 72]
[396, 65]
[1447, 395]
[600, 236]
[44, 36, 185, 1197, 1198]
[432, 0]
[244, 1326]
[1075, 793]
[396, 158, 159]
[1092, 136, 61, 106, 144]
[564, 906]
[774, 656]
[36, 37, 1261]
[18, 266]
[54, 762, 823]
[1327, 89]
[1, 715, 716]
[917, 16]
[443, 9]
[1266, 61, 106, 1510]
[759, 113]
[94, 706, 707]
[876, 877]
[305, 306]
[138, 139]
[1032, 1214]
[364, 318, 319]
[431, 432]
[600, 237]
[792, 113]
[36, 277, 463]
[565, 574, 1284]
[37, 368]
[90, 91]
[614, 381, 1492]
[695, 1262]
[39, 729]
[1186, 1191]
[64, 115]
[431, 1012, 407]
[452, 1409]
[633, 270]
[398, 29]
[58, 59]
[1216, 180]
[420, 190, 202, 1025]
[136, 61]
[696, 192, 807]
[1091, 330]
[672, 673]
[209, 61, 106, 1510]
[190, 191]
[44, 86, 1519]
[179, 308]
[909, 910]
[244, 209, 61, 106, 1510]
[212, 701]
[789, 1, 1237, 654, 357, 358]
[823, 849, 850]
[295, 1052]
[217, 236, 1060]
[1012, 1]
[696, 192, 193, 747]
[44, 36, 396]
[212, 616]
[98, 99]
[192, 339]
[633, 61, 106, 1510]
[37, 47]
[96, 97, 340]
[167, 1190]
[535, 82, 281]
[1035, 278]
[488, 1347]
[917, 16, 1066]
[432, 0, 654, 716]
[1397, 830, 1132]
[799, 1507]
[284, 61, 106, 1335]
[724, 1184]
[1166, 42]
[36, 1217]
[28, 29, 1410]
[535, 1494]
[179, 878]
[1209, 35]
[791, 136, 61, 106, 1335]
[307, 202]
[81, 0, 1, 1237, 654, 357, 358]
[244, 209]
[1341, 217, 236, 237]
[1127, 136, 270]
[861, 270]
[402, 1372]
[205, 38]
[936, 830, 61, 106, 174]
[1358, 1517]
[1127, 136, 61]
[106, 144]
[134, 249, 522, 158, 159]
[759, 905]
[291, 100]
[295, 72, 114]
[658, 659, 238, 413]
[154, 155, 170]
[636, 729]
[52, 1038]
[577, 578]
[452, 453]
[194, 1126]
[94, 1176]
[289, 549]
[1127, 136, 61, 106, 1510]
[196, 197]
[619, 878]
[571, 655, 1120]
[573, 574, 1284]
[683, 684, 507]
[381, 1492]
[92, 878]
[392, 270]
[0, 1, 1237, 654]
[540, 44, 36, 185, 1197, 1198]
[44, 36, 397]
[134, 668]
[1388, 352]
[44, 86]
[336, 393, 1448]
[481, 320]
[436, 136, 151]
[695, 136, 61, 106, 468]
[10, 209, 61, 106, 144]
[1288, 1289]
[316, 990]
[244, 209, 61, 106, 1077]
[363, 216]
[1341, 217, 236]
[1247, 1248]
[138, 139, 1508]
[543, 95]
[217, 218]
[1184, 393, 808]
[1349, 35]
[128, 382, 1243]
[449, 450]
[1100, 315]
[806, 735]
[1304, 1305]
[481, 761]
[459, 656, 657]
[208, 209, 61, 106, 144]
[255, 633, 270]
[830, 1132]
[556, 397]
[80, 81, 0]
[1232, 61, 106, 174]
[696, 192, 1226]
[336, 393]
[783, 330]
[594, 498, 9]
[1520, 603]
[530, 212, 313]
[431, 1012, 1, 1237, 654, 357, 358]
[1092, 136, 151]
[540, 44, 86, 1519]
[123, 52]
[1483, 1484]
[86, 198, 939]
[68, 548]
[746, 689]
[323, 202, 859]
[700, 313]
[94, 159]
[110, 211]
[561, 562]
[651, 477]
[39, 40, 181]
[398, 834]
[922, 82, 281]
[1373, 1374]
[102, 103]
[229, 230]
[841, 169]
[60, 61, 106, 1077, 1097]
[883, 823, 849, 850]
[1304, 1308]
[540, 541]
[10, 1228]
[10, 11]
[258, 9]
[676, 502, 615]
[1068, 1069]
[244, 209, 61, 106, 468]
[81, 0, 1, 715, 716]
[1127, 73]
[451, 5]
[658, 659, 238, 239]
[289, 30, 334]
[543, 393, 1448]
[155, 466]
[791, 136, 61, 106, 1510]
[119, 120]
[209, 61, 106, 1335]
[48, 397]
[220, 1264]
[429, 1089]
[540, 44, 36, 396, 63]
[1462, 279, 280]
[408, 197]
[1213, 456]
[794, 801]
[1047, 1048]
[1083, 9]
[205, 244, 209, 61, 106, 144]
[110, 1435]
[158, 159]
[44, 36, 175]
[350, 61, 106, 1077]
[1117, 371]
[1458, 1459]
[611, 661]
[219, 115]
[1375, 13]
[1444, 61, 106, 144]
[21, 835]
[198, 1334]
[540, 44, 86, 198, 279, 1041]
[965, 966]
[0, 1, 715]
[110, 349]
[543, 99]
[86, 198, 1334]
[62, 298]
[410, 197]
[112, 1361]
[252, 1347]
[411, 226, 412]
[205, 620]
[154, 467]
[526, 527]
[18, 19]
[359, 534]
[1091, 689]
[284, 61]
[810, 514]
[394, 395]
[190, 202, 859]
[1316, 1317]
[925, 9]
[493, 661]
[629, 600]
[1265, 574]
[20, 69]
[410, 196]
[1127, 136, 61, 106]
[1221, 42]
[410, 63]
[106, 1077, 1097]
[408, 86, 87]
[20, 21]
[205, 972]
[61, 106, 174]
[61, 106, 1077, 1097]
[205, 403]
[636, 637]
[1266, 61, 106, 1335]
[36, 277, 1330]
[652, 653, 1015]
[1268, 190, 191]
[1357, 29, 1410]
[36, 689]
[255, 633, 1036]
[50, 51]
[626, 1080]
[90, 571, 655, 1120]
[393, 808]
[205, 244, 209, 61]
[435, 89]
[821, 1293]
[121, 122]
[217, 236, 237]
[81, 0, 1, 1237, 654, 716]
[255, 633]
[1348, 1084]
[922, 82, 191]
[980, 981]
[922, 656]
[1426, 115]
[579, 888]
[198, 279, 1041]
[128, 66, 67]
[522, 158, 159]
[1119, 29, 1070]
[1301, 190]
[934, 477]
[530, 212, 973]
[249, 522, 353, 354]
[410, 65]
[244, 99]
[254, 255, 633, 969]
[535, 82, 191]
[269, 137]
[402, 371]
[633, 61, 106, 1077]
[1185, 943]
[579, 522, 158]
[1232, 61]
[1224, 106, 1335]
[408, 86, 198, 616]
[783, 689]
[261, 631]
[789, 1150]
[540, 44, 36, 37, 65]
[819, 151]
[68, 553]
[1090, 9]
[333, 35]
[1397, 830, 61, 106, 1077]
[1324, 1325]
[60, 61]
[1370, 1371]
[1368, 1191]
[12, 352]
[844, 203, 204]
[481, 710]
[577, 1449]
[44, 36]
[46, 143]
[154, 155, 512, 902]
[720, 721]
[332, 397]
[1503, 1504]
[693, 809, 1206]
[830, 61, 106, 1077]
[36, 37, 65]
[830, 61, 106, 468]
[818, 896]
[1127, 136, 137]
[1294, 97]
[94, 54, 762, 823, 849, 850]
[420, 190, 202, 859]
[452, 1101]
[1362, 1013]
[1186, 114]
[1432, 1153]
[82, 793]
[269, 270]
[410, 143]
[142, 397]
[1133, 61, 106, 468]
[500, 501]
[554, 178]
[711, 781]
[940, 283]
[1127, 136, 61, 106, 1077, 1097]
[1106, 477]
[20, 21, 689]
[540, 44, 36, 37, 63]
[1234, 1287]
[1200, 1273]
[21, 1064]
[414, 415]
[540, 44, 36, 689]
[1244, 305, 990]
[134, 231]
[917, 1086]
[121, 1450]
[432, 0, 654, 357, 358]
[8, 796]
[226, 412]
[97, 340]
[254, 255, 633, 137]
[302, 1382]
[1127, 136, 61, 106, 1077]
[411, 412]
[922, 656, 657]
[1146, 535, 1494]
[431, 432, 0, 1]
[540, 888]
[98, 209]
[20, 1253]
[36, 37, 63]
[398, 29, 1410]
[215, 689]
[154, 155, 351]
[1222, 1367]
[194, 195]
[346, 465]
[611, 1290]
[821, 886]
[1127, 1189]
[1224, 106, 468]
[106, 1440]
[205, 244, 209, 61, 106]
[927, 928]
[1232, 61, 106, 1077, 1097]
[436, 136, 61, 106]
[307, 202, 1025]
[540, 624]
[633, 1036]
[922, 82, 774, 656, 657]
[1032, 1033]
[846, 53]
[223, 61, 106, 1440]
[398, 399]
[695, 136, 61]
[1338, 371]
[702, 703]
[836, 29, 245]
[462, 878]
[706, 707, 823, 824]
[98, 209, 61, 106, 1440]
[291, 100, 968]
[961, 962]
[1439, 943]
[1523, 197]
[36, 396, 158]
[58, 833]
[254, 1231]
[1234, 1049, 1050]
[284, 61, 106, 1077]
[254, 255, 633, 1036]
[249, 522, 158]
[155, 512, 902]
[411, 851]
[432, 0, 654, 357]
[542, 202, 859]
[188, 349]
[891, 270]
[1377, 1378]
[100, 101]
[799, 800]
[40, 181]
[655, 1120]
[669, 670]
[76, 107]
[986, 61, 106, 174]
[284, 115]
[205, 209, 1109]
[1104, 1112]
[417, 933]
[571, 1120]
[155, 814, 1497]
[210, 211]
[559, 560]
[1431, 764]
[80, 81, 0, 1, 1237, 654, 357]
[81, 0, 654, 357, 358]
[724, 1184, 393, 1448]
[940, 949]
[179, 133]
[307, 93]
[86, 198, 630]
[980, 1423]
[504, 108]
[183, 478]
[44, 36, 348]
[464, 1064]
[1146, 535, 1408]
[16, 752]
[94, 706, 707, 823, 824]
[543, 393, 1175]
[162, 945]
[58, 1258]
[612, 613]
[1365, 1366]
[724, 1184, 393, 838, 1322]
[80, 789, 1, 1237, 654]
[94, 952]
[432, 0, 1]
[469, 371, 372]
[579, 1193]
[1122, 588]
[336, 393, 838, 1322]
[788, 138, 139, 1508]
[722, 723]
[0, 715]
[1263, 35]
[696, 192, 671]
[926, 397]
[1229, 1230]
[316, 283]
[1403, 1034]
[179, 202, 1025]
[297, 143]
[564, 565, 574, 1527]
[44, 36, 650]
[1350, 1351]
[1465, 371]
[10, 403]
[10, 972]
[86, 198, 199]
[462, 202, 859]
[46, 63]
[328, 332, 197]
[1, 715]
[812, 813]
[80, 81, 0, 715, 716]
[350, 61, 106, 174]
[1092, 136, 61]
[18, 445]
[36, 21]
[408, 86, 198, 265]
[36, 277, 185, 1197, 1198]
[861, 137]
[18, 1422]
[284, 61, 106, 1510]
[678, 371, 372]
[459, 82, 83]
[36, 373]
[94, 706, 707, 823, 826]
[223, 61, 106, 144]
[550, 89]
[80, 789, 1, 715, 716]
[233, 797]
[402, 469]
[706, 707]
[255, 633, 61, 106, 1077]
[350, 61, 106, 1335]
[706, 707, 823, 826]
[94, 735]
[46, 47, 376]
[128, 1093]
[891, 61, 106, 144]
[788, 138, 139]
[60, 61, 106, 174]
[431, 432, 0, 654, 357, 358]
[540, 44]
[942, 943]
[611, 91]
[652, 1208]
[84, 175]
[359, 234]
[792, 109]
[1275, 986, 61, 106, 1077, 1097]
[10, 538]
[916, 434, 960]
[1186, 1187]
[1277, 511]
[986, 61, 106, 1440]
[517, 313]
[540, 44, 36, 277, 463]
[1072, 0, 654, 357, 358]
[1009, 664]
[209, 61, 106]
[284, 950]
[205, 244, 209, 1109]
[301, 302]
[515, 315]
[559, 566]
[625, 115]
[36, 63]
[609, 487, 488, 1347]
[255, 633, 137]
[20, 21, 607]
[818, 283]
[862, 9]
[975, 371]
[619, 202, 1025]
[923, 924]
[238, 575]
[80, 81, 0, 654]
[350, 329]
[190, 1443]
[154, 155, 814, 1497]
[830, 61, 106, 1510]
[791, 136, 61, 106, 174]
[595, 1057]
[462, 349]
[836, 29, 1410]
[704, 705]
[457, 1340]
[627, 99]
[192, 599]
[823, 849]
[540, 935]
[565, 1479]
[134, 668, 498]
[1224, 106, 1510]
[640, 137]
[791, 136, 151]
[188, 211]
[90, 571, 655]
[815, 816]
[255, 633, 61, 106, 468]
[753, 375]
[540, 44, 36, 277, 185, 1197]
[831, 832]
[90, 250]
[44, 409]
[154, 155, 512, 466]
[653, 1015]
[1349, 278]
[44, 36, 277, 463]
[481, 274]
[436, 136, 61]
[730, 731, 175]
[1, 1237, 654, 357, 358]
[80, 789, 1, 1237, 654, 357]
[98, 209, 61, 106, 468]
[1301, 190, 191]
[459, 82, 793]
[1184, 393, 1175]
[81, 0, 1072]
[820, 509, 259]
[535, 656, 657]
[190, 202]
[338, 63]
[1238, 1239]
[249, 522, 158, 159]
[336, 393, 838]
[891, 61, 106, 1077, 1097]
[244, 209, 61, 106, 1335]
[277, 185, 1197, 1198]
[940, 941]
[80, 81, 0, 654, 716]
[1171, 1172]
[891, 61]
[205, 209, 61, 106, 468]
[286, 860]
[80, 81, 0, 1, 1237, 654, 357, 358]
[155, 512, 466]
[316, 949]
[901, 689]
[34, 35]
[154, 155, 512, 467]
[619, 349]
[1469, 1470]
[751, 233, 377]
[254, 255, 633, 61, 106]
[209, 61, 106, 144]
[830, 61, 106]
[502, 503]
[838, 1246]
[845, 553]
[350, 61, 106, 1510]
[1014, 1425]
[46, 65]
[844, 203]
