510,1 2
1276,1 1
1102,2 1
1102,1 2
458,1 2
419,5 1
832,1 2
419,4 7
1237,1 1
419,3 1
419,2 5
606,4 1
419,1 1
1424,1 1
606,3 7
606,2 1
967,1 1
606,1 8
224,1 8
1177,1 1
8,1 2
1364,1 1
546,1 1
733,1 1
1138,1 1
920,1 2
507,1 1
96,1 2
0,3 1
0,2 3
351,1 1
0,1 3
829,1 1
57,1 4
486,1 3
1078,3 1
1078,2 1
1078,1 1
860,1 2
1265,2 1
1265,1 1
447,2 2
18,1 15
447,1 6
291,2 2
291,1 9
1039,1 1
821,1 1
1226,1 1
1413,1 1
252,1 3
10,1 3
1392,1 1
387,1 1
574,2 1
574,1 1
761,1 2
400,1 4
348,1 1
896,1 1
535,1 1
722,1 3
309,2 2
85,3 1
309,1 2
85,2 3
857,1 1
85,1 9
153,1 1
340,1 1
1449,1 1
1293,2 1
1293,1 1
475,1 7
662,2 2
662,1 1
1254,3 2
797,4 1
1254,2 5
249,1 1
797,3 7
1254,1 1
797,2 1
797,1 2
436,1 3
984,1 2
758,5 1
758,4 7
758,3 1
1215,1 3
758,2 5
758,1 1
906,5 1
189,2 1
1194,1 1
189,1 2
906,4 7
376,2 2
202,4 1
906,3 1
376,1 6
202,3 7
906,2 4
202,2 1
906,1 3
202,1 2
750,2 1
750,1 1
698,2 1
698,1 1
337,1 1
181,2 1
181,1 5
711,1 1
1477,1 1
1116,1 1
74,4 1
74,3 3
74,2 3
846,1 1
74,1 2
690,1 1
1438,1 1
277,1 4
807,1 1
35,1 1
651,1 2
973,5 1
238,1 1
973,4 1
786,1 1
973,3 2
973,2 2
973,1 2
1378,1 1
1339,2 1
1339,1 1
178,2 1
178,1 1
365,2 1
365,1 1
1144,2 1
1144,1 1
1331,1 1
687,1 3
170,1 1
700,1 1
1279,1 1
1105,1 2
835,1 1
63,1 1
266,3 1
266,2 1
24,2 5
266,1 7
24,1 1
640,1 2
414,5 1
414,4 2
1232,1 2
227,1 4
414,3 3
414,2 3
414,1 2
601,1 2
1006,1 1
393,2 1
736,1 2
393,1 6
580,1 1
354,1 2
541,1 1
676,1 1
315,1 3
91,1 1
502,1 2
481,1 1
120,1 2
1229,1 1
1416,1 1
442,1 4
990,1 1
216,2 1
403,3 2
216,1 1
403,2 5
403,1 1
1169,1 1
538,2 3
538,1 3
195,1 2
382,2 5
382,1 5
156,1 2
49,4 1
891,1 2
1296,3 3
530,1 2
49,3 3
1296,2 1
49,2 1
1296,1 1
665,5 1
665,4 7
49,1 4
665,3 1
117,1 2
478,1 1
665,2 5
304,1 1
665,1 3
1257,1 2
1444,1 1
439,1 1
283,2 2
41,2 1
283,1 4
813,1 1
41,1 5
470,1 2
948,1 1
1197,4 1
792,2 1
1197,3 2
792,1 3
431,1 1
1197,2 1
1197,1 1
1384,1 1
205,1 8
714,1 1
901,1 4
1119,1 1
1306,1 1
77,1 3
1150,1 1
1098,3 1
1098,2 1
880,2 5
880,1 1
1098,1 1
1472,1 1
654,2 1
654,1 1
841,1 1
1090,3 1
1433,1 1
1090,2 2
1090,1 2
30,3 3
30,2 17
30,1 23
1051,1 2
937,2 1
937,1 1
594,1 1
233,1 4
781,1 1
420,1 3
1186,1 1
1373,1 1
368,1 2
742,1 1
1147,1 2
329,1 2
877,1 2
1108,3 9
1108,2 9
1108,1 1
134,2 2
134,1 1
456,1 1
1100,1 1
1048,1 1
830,1 1
1422,1 1
417,1 5
965,1 6
1009,1 2
770,1 1
1175,1 2
1001,1 1
6,1 3
544,2 4
544,1 6
731,1 2
1323,3 4
1323,2 2
1323,1 1
679,1 2
318,1 3
505,2 5
505,1 1
866,1 1
94,1 2
297,1 1
55,1 8
484,1 3
1419,1 1
1076,1 1
258,1 1
16,2 4
16,1 9
632,3 4
632,2 2
632,1 1
1037,1 1
1224,2 3
1224,1 1
767,1 1
250,1 1
198,1 4
915,3 3
728,1 1
1390,1 1
915,2 2
915,1 2
572,1 4
159,1 4
1164,1 1
1351,1 1
346,1 2
894,1 1
720,1 3
83,3 2
668,1 2
1312,1 2
83,2 2
83,1 6
151,1 1
629,2 1
629,1 2
816,1 1
112,1 2
660,2 1
660,1 1
1252,1 1
247,1 1
434,1 1
621,1 1
569,1 3
208,1 2
1348,5 1
756,1 2
1348,4 7
1348,3 1
943,1 1
1348,2 2
1348,1 1
187,1 2
374,1 5
561,2 1
561,1 3
200,1 3
148,3 1
148,2 7
148,1 2
522,5 5
696,2 2
522,4 25
696,1 2
1340,1 1
522,3 26
522,2 8
522,1 7
1288,1 1
1114,1 1
1475,1 1
1301,2 1
1301,1 2
140,1 2
1249,1 1
1436,1 1
618,1 1
275,2 3
1280,1 2
275,1 5
101,2 1
805,1 2
101,1 7
1054,1 1
784,1 1
1015,1 1
1202,1 1
1337,2 5
1337,1 1
519,2 9
519,1 9
1181,1 2
176,1 1
550,2 2
550,1 2
1142,1 1
685,1 1
872,1 1
1103,1 2
646,2 2
646,1 4
833,1 1
61,1 2
490,1 3
1082,2 1
1425,1 1
1082,1 1
264,1 2
22,1 1
451,1 1
399,1 1
1043,1 2
929,1 1
1230,1 1
412,1 3
773,1 3
960,1 2
391,4 2
391,3 9
391,2 3
391,1 4
869,1 1
1,4 1
165,1 2
1,3 1
1170,1 1
1,2 2
352,1 1
1,1 2
674,4 1
126,1 1
674,3 2
487,1 1
1131,1 1
674,2 2
313,1 2
674,1 1
1079,2 5
1079,1 1
1266,1 1
996,1 2
1227,3 2
1227,2 5
1227,1 1
1414,2 2
409,1 1
1414,1 1
957,1 3
214,4 1
214,3 7
214,2 1
575,1 1
214,1 4
897,5 1
897,4 7
897,3 1
1354,1 1
897,2 2
897,1 2
193,1 2
380,2 1
380,1 5
1128,1 1
910,1 1
154,1 2
289,2 1
289,1 2
1294,1 1
819,2 5
819,1 1
47,1 3
476,1 2
115,1 3
663,3 1
663,2 2
850,3 1
302,1 6
663,1 2
850,2 2
850,1 2
1255,1 1
798,1 1
281,2 2
281,1 2
811,1 1
759,1 3
1060,1 2
946,1 1
242,2 1
242,1 1
790,1 1
1195,2 1
1195,1 2
1382,1 2
377,1 2
1021,1 1
564,1 1
203,1 3
751,1 1
1156,1 1
699,1 1
1343,1 1
525,2 2
886,2 10
525,1 2
886,1 4
712,1 2
1304,1 1
75,3 3
75,2 1
75,1 7
143,1 1
1096,1 1
808,1 1
36,1 2
465,1 1
787,3 1
787,2 2
787,1 1
426,1 2
1431,1 1
613,1 3
1018,2 1
1018,1 1
592,2 1
231,2 1
231,1 1
592,1 1
179,1 2
709,1 1
366,2 2
366,1 1
553,2 3
553,1 1
740,1 3
1332,1 1
688,1 3
514,2 8
875,1 1
514,1 4
1106,1 1
1467,1 1
132,4 1
132,3 7
493,2 1
132,2 1
493,1 2
132,1 5
1428,1 1
1085,1 2
454,2 1
25,1 5
454,1 1
415,4 1
589,1 3
415,3 3
415,2 3
602,3 1
415,1 1
776,1 1
602,2 4
602,1 4
963,1 1
1368,2 1
1368,1 1
924,2 1
924,1 2
220,2 3
220,1 3
1329,1 1
1173,1 3
4,1 1
92,5 1
92,4 7
92,3 1
1321,1 2
92,2 2
864,1 1
92,1 4
999,1 1
638,1 1
295,1 2
53,2 3
53,1 2
825,1 3
482,1 1
1417,2 1
1417,1 1
14,1 6
630,1 3
1035,1 1
578,2 1
1222,1 1
217,1 1
578,1 4
765,1 3
952,1 1
196,1 2
570,2 1
570,1 1
1318,1 1
89,1 2
1162,1 1
344,1 7
1297,3 3
1297,2 4
1297,1 1
666,3 1
666,2 8
666,1 2
81,1 1
627,2 1
627,1 2
42,1 1
814,1 1
245,6 1
1219,1 1
245,5 7
245,4 1
245,3 8
949,1 1
245,2 1
245,1 2
1198,3 1
1198,2 2
1198,1 1
1385,1 1
1024,1 1
754,3 2
206,1 2
567,1 1
1211,1 1
754,2 1
754,1 1
941,1 2
1159,1 1
185,2 1
528,1 1
889,1 1
1190,1 1
185,1 8
372,1 2
146,1 1
694,1 2
881,2 6
1099,2 2
39,4 5
881,1 5
1099,1 1
520,1 3
39,3 25
39,2 26
39,1 7
107,1 4
655,1 1
70,1 3
273,4 1
429,1 2
1091,1 2
273,3 7
273,2 1
616,1 1
31,2 1
273,1 3
803,2 5
803,1 1
31,1 6
460,2 1
460,1 1
938,1 2
1013,1 1
743,1 1
1148,1 4
517,1 1
704,1 2
361,1 1
839,1 1
135,1 2
496,1 3
683,1 3
1088,1 1
1275,1 1
28,1 1
644,1 2
1236,1 1
418,1 1
779,1 1
262,1 4
20,1 1
397,1 1
927,1 2
223,1 1
410,1 1
1176,1 2
358,1 1
1324,1 1
319,1 1
506,2 2
506,1 3
350,2 3
350,1 2
828,1 2
124,2 9
124,1 10
311,1 1
672,1 1
1264,2 1
1264,1 1
446,2 10
17,1 5
446,1 3
633,2 4
633,1 2
994,1 1
1225,4 1
290,1 1
1038,1 1
820,1 2
1225,3 7
1225,2 1
1225,1 3
407,1 1
955,1 2
386,2 1
386,1 3
916,1 1
212,1 2
573,1 2
1352,1 1
534,1 3
191,2 2
191,1 9
1126,1 2
856,1 2
287,1 3
45,1 2
113,1 1
300,1 2
661,1 1
1066,1 1
796,1 1
240,3 2
240,2 3
240,1 5
1193,4 1
1193,3 7
1193,2 1
201,5 1
1193,1 1
718,2 6
718,1 3
201,4 7
1380,1 1
201,3 1
905,1 1
201,2 2
201,1 4
149,2 2
149,1 7
1341,1 1
884,1 2
73,5 1
73,4 2
658,1 1
1302,1 1
73,3 3
73,2 3
73,1 2
1094,4 1
1094,3 7
1094,2 1
1094,1 1
619,1 1
34,2 1
806,1 1
34,1 3
463,1 6
650,2 1
650,1 1
1055,1 1
598,1 1
237,1 3
1242,1 1
785,1 1
424,1 3
972,1 2
611,1 3
559,3 2
559,2 3
559,1 8
590,1 2
1338,1 1
1182,1 2
707,1 1
499,1 2
138,1 6
1143,1 2
686,2 1
686,1 1
325,1 6
512,1 2
1465,1 1
130,4 2
130,3 4
130,2 8
130,1 15
1083,3 1
1426,1 1
1083,2 1
1083,1 1
608,1 1
969,1 1
1270,1 1
1044,1 1
587,3 2
587,2 1
587,1 1
961,1 1
600,1 4
548,1 1
735,2 3
735,1 1
922,1 1
1327,1 2
509,1 2
98,1 3
353,2 1
2,1 1
353,1 1
59,1 3
675,3 1
1132,1 1
488,1 1
127,1 2
314,2 1
675,2 2
675,1 2
314,1 6
90,2 1
90,1 1
862,1 1
501,1 1
1267,1 1
1454,1 1
449,1 3
636,1 1
293,1 2
823,1 3
51,1 5
480,1 1
1228,1 1
1415,1 1
958,1 2
254,1 1
12,1 5
1394,4 1
1394,3 7
1394,2 1
389,1 1
1394,1 1
1355,2 1
1355,1 2
898,3 3
898,2 1
898,1 3
537,1 1
724,1 1
87,5 1
859,4 1
87,4 2
1316,1 1
859,3 7
87,3 2
859,2 1
87,2 5
859,1 3
87,1 11
342,1 1
890,1 3
1121,1 2
303,2 5
303,1 1
851,1 1
1069,1 1
438,1 1
986,1 1
625,1 2
812,2 2
282,1 1
812,1 8
1217,1 1
1404,1 1
243,1 1
1196,1 1
378,2 2
1383,1 1
378,1 2
1022,1 2
908,1 2
565,1 2
526,5 1
526,4 2
1344,1 1
526,3 4
526,2 7
183,2 2
526,1 6
887,1 1
183,1 5
370,1 3
1118,1 1
1305,1 2
692,4 2
848,1 3
692,3 6
692,2 1
692,1 2
331,1 2
279,1 1
809,1 1
653,3 1
466,1 1
1110,1 1
105,1 3
653,2 1
653,1 1
1058,1 1
788,1 8
614,1 1
975,1 1
271,1 2
1019,1 1
1206,2 2
1206,1 1
749,1 2
1050,1 1
936,1 1
232,1 1
1185,3 1
1185,2 7
1185,1 1
1372,1 1
367,1 2
1011,1 1
554,1 3
1146,3 2
1146,2 6
1146,1 1
1333,1 2
515,1 1
172,2 2
172,1 8
65,1 2
1086,5 1
494,1 4
1086,4 7
320,1 3
1086,3 1
681,1 1
1086,2 5
1086,1 3
1273,1 1
268,1 2
26,1 1
455,1 1
1460,1 1
642,2 1
642,1 1
1047,1 2
1234,1 1
229,1 4
1421,1 1
777,1 1
260,1 2
1369,1 1
395,3 1
395,2 1
738,1 1
395,1 8
582,1 2
169,2 1
169,1 1
356,1 2
543,3 4
543,2 6
543,1 2
730,1 2
1135,1 1
317,1 1
504,1 1
161,1 5
54,1 3
122,1 2
670,1 3
1075,2 1
1075,1 1
1262,1 1
444,1 1
992,1 3
1397,1 1
1036,1 2
218,1 2
1223,1 1
405,1 1
1410,1 1
953,1 1
1358,1 1
727,3 1
727,2 3
727,1 1
384,1 2
210,2 3
571,1 1
210,1 4
1319,1 1
1350,1 1
345,1 1
893,1 2
532,1 1
1298,1 3
119,2 3
119,1 1
1311,2 5
1311,1 1
306,1 2
1259,1 3
43,4 1
43,3 7
628,1 1
43,2 1
285,1 6
43,1 4
472,1 2
246,5 1
1407,1 1
246,4 7
246,3 1
1064,1 2
246,2 8
246,1 1
981,2 1
1199,1 1
981,1 1
755,5 1
755,4 1
755,3 2
755,2 2
755,1 2
186,1 1
716,1 2
903,1 1
1308,1 1
79,3 2
79,2 9
334,4 1
79,1 3
334,3 7
334,2 4
334,1 4
882,1 1
469,2 2
469,1 1
656,1 2
71,1 1
843,1 1
1248,2 1
1248,1 1
1435,1 1
32,5 1
32,4 7
978,1 1
32,3 1
32,2 2
100,3 1
274,1 1
32,1 9
100,2 7
100,1 1
461,1 1
1053,5 1
1209,1 1
1053,4 7
1053,3 1
235,5 1
1053,2 5
235,4 7
1053,1 1
235,3 1
596,2 2
235,2 2
596,1 5
235,1 4
422,1 3
783,1 1
970,2 1
1188,2 1
970,1 1
1188,1 1
557,1 3
744,1 1
931,1 2
879,1 1
1180,2 5
1180,1 1
175,1 1
68,1 2
497,1 2
323,3 2
136,1 1
323,2 6
323,1 5
