[295, 175]
[30, 268, 454]
[193, 943]
[481, 1250]
[903, 656]
[295, 86]
[75, 741, 496, 497]
[654, 490, 1082]
[956, 402]
[1236, 102]
[88, 49, 1298]
[75, 1380]
[575, 772]
[764, 921]
[858, 800, 801]
[203, 204, 102, 103, 1049, 1067]
[529, 39, 40]
[409, 183, 195, 995]
[811, 25, 1375]
[30, 386, 58]
[418, 1059]
[39, 79, 193, 943]
[1407, 102, 103, 169]
[1427, 270, 1013]
[1191, 25, 1043]
[1137, 685]
[376, 377]
[132, 160]
[1095, 35]
[1300, 173]
[193, 194]
[321, 5]
[649, 204, 102, 103, 144]
[529, 39, 30, 1295]
[39, 79, 193, 194]
[1014, 1015]
[207, 1301]
[399, 826]
[174, 195, 834]
[30, 268, 180, 1169]
[1196, 103, 1049]
[193, 1301]
[229, 599]
[103, 144]
[74, 0, 1, 1209]
[674, 187, 1479]
[1206, 1253]
[69, 70]
[203, 204, 102, 103, 144]
[957, 958]
[967, 506]
[289, 290]
[758, 604]
[198, 729]
[1097, 134, 102, 103, 169]
[423, 640]
[612, 263]
[198, 199]
[405, 82]
[308, 309]
[868, 869]
[1063, 134, 102, 103, 1049]
[32, 204, 102, 103, 1302]
[529, 1281]
[195, 995]
[283, 96, 938]
[531, 195]
[596, 597]
[973, 1038]
[910, 919]
[30, 386, 56]
[240, 241]
[39, 30, 17, 1037]
[119, 1413]
[18, 1388]
[1276, 577]
[525, 75, 1380]
[226, 165]
[49, 735, 800, 824, 825]
[763, 1, 1209, 635]
[287, 288]
[520, 207, 1301]
[481, 243]
[1119, 525, 75, 741, 496]
[638, 639, 231, 402]
[47, 1009]
[1363, 439]
[151, 1409]
[1238, 183, 184]
[295, 131]
[739, 740]
[256, 257]
[549, 550, 560]
[593, 475, 476, 495]
[1429, 400]
[979, 365]
[250, 612, 66]
[704, 341]
[39, 30, 31, 361]
[88, 682]
[732, 733]
[723, 685]
[425, 134, 102, 103, 144]
[766, 134, 135]
[529, 39, 79, 193, 909]
[39, 30, 268, 180, 1169]
[1381, 450, 451]
[1117, 1118]
[203, 204]
[500, 912]
[249, 250, 612, 102, 103, 1476]
[989, 393]
[210, 11]
[1324, 25, 1043]
[102, 103, 169]
[1438, 629]
[1393, 309]
[204, 102, 103, 169]
[239, 141]
[203, 204, 102, 103, 1476]
[556, 636, 1151]
[1337, 1338]
[1119, 525, 496]
[748, 749]
[858, 800, 803]
[828, 172]
[132, 648]
[287, 112]
[30, 17, 780]
[216, 102, 103, 144]
[388, 810]
[680, 681]
[895, 496, 497]
[16, 819]
[140, 141]
[327, 382]
[516, 131]
[30, 38]
[973, 1212]
[668, 669, 157]
[593, 475]
[867, 135]
[26, 27]
[43, 387]
[52, 1134]
[156, 157]
[350, 112]
[1121, 1122]
[100, 101, 364]
[226, 56]
[306, 959]
[902, 1124]
[392, 1339]
[554, 555]
[1192, 35]
[17, 667]
[85, 180, 1169, 1170]
[306, 911]
[1236, 1252]
[735, 800, 824, 825]
[134, 102, 103, 1476]
[36, 37, 176]
[250, 612, 102, 103]
[1334, 941]
[275, 102, 103, 1049]
[511, 25, 1043]
[397, 79]
[88, 49, 656]
[867, 102, 103, 1049]
[1115, 269]
[428, 429]
[759, 760]
[39, 30, 667]
[79, 193]
[65, 66]
[83, 556, 636]
[1478, 1471]
[16, 17, 809]
[100, 84]
[654, 655]
[1076, 1077]
[126, 590]
[748, 91]
[1368, 71, 72]
[55, 387]
[293, 294]
[359, 308]
[39, 79, 193]
[606, 387]
[752, 753]
[529, 39, 30, 268, 180, 1169, 1170]
[187, 188]
[52, 433]
[490, 599]
[1430, 364]
[340, 102, 103, 1404]
[659, 929]
[638, 639, 23]
[1243, 754]
[88, 49, 50]
[1063, 134, 102, 103]
[481, 641]
[795, 499, 777]
[649, 204, 102]
[1097, 134, 1231]
[523, 524]
[525, 75, 184]
[696, 697]
[185, 611]
[270, 1013]
[388, 25, 1375]
[359, 308, 309]
[12, 931]
[1331, 112]
[32, 204]
[766, 134, 263]
[208, 209]
[532, 682, 683, 800, 801]
[242, 1168]
[895, 75, 206]
[1097, 134, 102, 103]
[757, 667]
[1119, 525, 75, 76]
[762, 138, 139, 1472]
[126, 374]
[565, 1044]
[0, 1, 1209, 635, 348, 349]
[151, 502]
[525, 75, 272]
[700, 1157, 382, 1147]
[1368, 71]
[30, 630]
[39, 30, 31, 58]
[43, 44]
[833, 634, 984]
[1017, 1018]
[525, 75, 741, 496, 637]
[204, 1078]
[549, 550, 517]
[890, 1447]
[39, 30, 268, 947]
[525, 629]
[79, 193, 194]
[103, 1302]
[951, 1389]
[1420, 1421]
[30, 31, 1232]
[83, 641]
[249, 250, 612, 102, 103, 1302]
[525, 496, 497]
[1350, 25]
[251, 9]
[291, 375]
[163, 542]
[83, 556]
[356, 87, 5]
[617, 618]
[910, 911]
[174, 296]
[181, 1442]
[532, 533]
[132, 165]
[287, 9]
[1157, 382, 813, 1286]
[79, 193, 943]
[1154, 29]
[380, 1172]
[532, 682, 683, 800, 803]
[1086, 1087]
[109, 1400]
[735, 800, 803]
[306, 1454]
[602, 104]
[578, 192]
[420, 421, 0, 1, 1209, 635, 692]
[397, 79, 193, 603]
[39, 30, 31, 56]
[715, 267]
[39, 1488]
[963, 964]
[30, 31]
[890, 14, 498]
[1382, 915]
[18, 1120]
[39, 30, 180, 1169]
[717, 5]
[1119, 525, 75, 741, 496, 865]
[674, 187]
[1266, 183, 195, 995]
[319, 320]
[767, 341]
[167, 168]
[233, 1096]
[529, 39, 30, 268, 29]
[39, 30, 31, 1232]
[602, 454]
[1204, 102, 103, 169]
[185, 534, 535]
[840, 56]
[1266, 183, 672]
[1088, 244, 245, 1315]
[203, 861]
[382, 783]
[617, 705]
[74, 0]
[525, 75]
[973, 1165]
[800, 824]
[109, 341]
[0, 1, 691, 692]
[973, 1035]
[544, 490, 599]
[531, 195, 995]
[273, 29]
[103, 459]
[529, 863]
[0, 635, 348]
[203, 204, 102]
[39, 30, 268, 1297]
[1361, 805, 102, 103]
[735, 800, 801]
[1291, 82]
[1396, 737]
[1093, 662]
[39, 30, 1470]
[318, 1135]
[295, 195, 995]
[304, 506]
[420, 981, 1, 1209, 635]
[1060, 9]
[39, 30, 1034]
[39, 30, 180]
[567, 934]
[1, 691, 692]
[420, 421, 0, 1]
[534, 535]
[275, 112]
[317, 447]
[529, 39, 30, 386, 153, 154]
[846, 847]
[859, 860]
[1344, 931]
[189, 190]
[74, 0, 1, 691]
[350, 370]
[32, 204, 102, 103]
[532, 382, 813, 1286]
[549, 550, 560, 1251]
[14, 727]
[496, 497]
[237, 204, 102, 103, 459]
[612, 135]
[840, 288]
[673, 134, 102, 103, 169]
[529, 39, 30, 366]
[126, 563, 564]
[150, 151, 457, 458]
[895, 9]
[392, 460]
[132, 1443]
[406, 172]
[250, 612, 102, 103, 144]
[285, 65]
[399, 715, 267]
[421, 0, 691, 692]
[796, 797]
[47, 761]
[889, 423, 640]
[39, 30, 268, 1348]
[652, 653]
[805, 102, 103, 144]
[1196, 103, 169]
[88, 682, 683, 800, 803]
[382, 1411]
[469, 883]
[520, 207, 679]
[1063, 134]
[1423, 1424]
[380, 381]
[1017, 3]
[565, 1094]
[730, 108]
[229, 1033]
[307, 25, 477]
[1110, 82]
[6, 852]
[291, 869]
[204, 102]
[867, 102, 103, 1404]
[482, 483]
[10, 345]
[1361, 805, 102, 103, 1302]
[563, 564]
[79, 193, 1301]
[624, 165]
[291, 292]
[1186, 9]
[39, 30, 386, 387]
[1097, 134, 102]
[1119, 525, 496, 865]
[1155, 93]
[55, 990]
[134, 102, 103, 459]
[571, 572]
[728, 5]
[529, 39, 79, 193, 609]
[30, 180]
[183, 206]
[939, 940]
[142, 143]
[380, 1299]
[678, 303]
[1157, 382, 813]
[1490, 897]
[531, 454]
[633, 1179]
[90, 204, 102, 103, 144]
[216, 102, 103, 459]
[453, 341]
[1063, 134, 263]
[649, 204, 102, 103, 1404]
[1204, 102, 103, 1476]
[746, 747]
[576, 577]
[425, 134, 102, 103, 459]
[487, 269]
[669, 157]
[977, 143]
[17, 809]
[1058, 547]
[425, 134, 147]
[88, 682, 683, 800, 801]
[766, 134]
[134, 135]
[1127, 131]
[393, 394]
[673, 66]
[895, 5]
[529, 39, 79, 193, 603]
[1233, 66]
[250, 612, 135]
[277, 1492]
[1070, 305]
[1097, 134, 147]
[445, 446]
[103, 1476]
[212, 599]
[694, 236, 271]
[180, 1169, 1170]
[319, 667]
[0, 1, 1209]
[273, 274]
[578, 370]
[907, 559, 560]
[307, 25, 215]
[275, 102, 103, 1404]
[295, 402]
[460, 364, 365]
[529, 39, 30, 630]
[565, 780]
[397, 192]
[399, 219]
[510, 5]
[1308, 559]
[25, 1043]
[132, 112]
[18, 434]
[41, 42, 369]
[895, 496, 637]
[1241, 1242]
[237, 1290]
[574, 404]
[662, 494]
[1310, 112]
[191, 1344, 931]
[250, 612, 1010]
[796, 970]
[242, 512]
[242, 512, 127]
[512, 127]
[529, 39, 30, 386, 58]
[1063, 134, 102, 103, 1404]
[373, 598]
[978, 644]
[39, 997]
[550, 560, 1491]
[74, 0, 691]
[185, 534]
[6, 1006]
[886, 1258]
[1210, 1211]
[652, 877]
[805, 102, 103, 1404]
[1167, 341]
[452, 5]
[140, 1232]
[671, 218, 219]
[204, 102, 103, 1476]
[226, 772]
[469, 312]
[39, 79]
[73, 763, 1, 1209, 635, 692]
[992, 993]
[1439, 1440]
[73, 763, 1, 691]
[602, 853]
[367, 368]
[529, 39, 30, 17, 1037]
[567, 364]
[132, 1133]
[536, 234]
[1065, 131]
[134, 263]
[452, 75, 741, 496, 497]
[1093, 662, 494]
[39, 30]
[90, 204, 102, 103, 1049, 1067]
[242, 512, 343]
[313, 195, 995]
[529, 39, 30, 38]
[397, 79, 193, 609]
[559, 560, 1028]
[1192, 685]
[1097, 134, 102, 103, 1302]
[550, 402]
[766, 134, 102, 103, 1049, 1067]
[529, 39, 192]
[529, 39, 30, 386, 56]
[83, 556, 1090]
[595, 84]
[0, 635, 692]
[32, 33]
[1154, 274]
[388, 25, 215]
[343, 344]
[512, 343]
[529, 39, 79, 193, 270, 1013]
[420, 421, 0, 1, 1209, 635, 348]
[529, 39, 30, 31]
[1361, 805, 102, 103, 1476]
[279, 1294]
[856, 925]
[649, 91]
[895, 75, 741, 496, 865]
[1104, 102, 103, 1476]
[153, 154]
[277, 496, 865]
[1236, 102, 103, 169]
[455, 345]
[262, 135]
[1021, 1022]
[1306, 385]
[222, 757]
[1175, 1176]
[529, 39, 30, 31, 42, 369]
[1104, 102, 103]
[471, 82]
[944, 844]
[187, 1198]
[981, 1, 1209, 635]
[981, 396]
[126, 1269, 1273]
[1266, 183, 1406]
[525, 75, 741, 496, 497]
[1208, 1209, 635, 692]
[890, 14]
[435, 942]
[1097, 134, 102, 103, 1476]
[420, 421, 0, 1, 1209]
[32, 204, 102, 103, 1476]
[16, 17, 1037]
[14, 498]
[132, 242, 512]
[467, 468]
[145, 146]
[250, 612, 263]
[318, 322, 387]
[12, 369]
[126, 374, 422]
[247, 248]
[635, 348, 349]
[126, 1269, 1270]
[348, 349]
[529, 39, 30, 1470]
[981, 1]
[85, 296]
[452, 75, 741]
[1266, 183]
[16, 326]
[540, 5]
[700, 1157, 382, 813, 1286]
[126, 1062]
[401, 191, 1344]
[79, 193, 909]
[283, 9]
[382, 1147]
[260, 261]
[102, 103, 1049]
[237, 204, 102, 103, 144]
[356, 87]
[1266, 183, 184]
[896, 897]
[1063, 134, 102, 103, 169]
[397, 79, 1484]
[560, 1028]
[268, 180, 1169]
[41, 42]
[1204, 102, 103, 1302]
[1316, 1055]
[1023, 50]
[608, 584, 229, 1033]
[1100, 803]
[132, 1394]
[602, 195, 995]
[1196, 103, 1302]
[1046, 56]
[649, 204, 102, 103, 1049]
[39, 79, 193, 1301]
[691, 692]
[983, 1390]
[1346, 112]
[231, 853]
[469, 265]
[602, 195]
[237, 204, 102, 103, 1049, 1067]
[1089, 25, 1043]
[73, 763, 1, 1209]
[511, 25, 477]
[16, 17, 667]
[337, 338]
[151, 502, 876]
[283, 96]
[250, 612, 102, 103, 459]
[584, 229, 599]
[1467, 1468]
[170, 171, 238]
[1100, 800]
[161, 714]
[254, 255]
[380, 519]
[532, 382, 783]
[1130, 456]
[1336, 639, 231]
[24, 25, 1375]
[529, 905]
[1354, 1355]
[39, 30, 268]
[421, 0, 1, 1209, 635, 692]
[578, 112]
[356, 357]
[203, 204, 102, 103, 1302]
[1397, 1126]
[529, 39, 30, 1034]
[678, 211]
[1, 1209]
[668, 669]
[1186, 5]
[88, 49, 735, 800, 801]
[362, 363]
[1236, 102, 103, 1404]
[397, 79, 193, 258]
[674, 675]
[939, 768]
[820, 173]
[676, 677]
[805, 102, 103, 459]
[1056, 305]
[354, 355]
[529, 39, 30, 268, 947]
[30, 366]
[268, 1297]
[74, 0, 635, 692]
[1004, 1005]
[134, 102, 103, 144]
[1208, 1209, 635, 348, 349]
[18, 259]
[540, 9]
[235, 236, 271]
[693, 147]
[1137, 35]
[90, 204, 102, 103, 459]
[1236, 112]
[134, 102, 103, 1302]
[639, 231, 402]
[340, 319, 1225]
[14, 106]
[738, 320]
[923, 356, 357, 1131]
[136, 137]
[30, 268, 29]
[31, 387]
[307, 25, 1375]
[262, 263]
[1, 1209, 635, 348, 349]
[659, 527]
[16, 320]
[73, 763, 1, 1209, 635, 348]
[372, 373, 1458]
[39, 30, 17, 591]
[425, 134, 102]
[24, 25]
[88, 49, 735, 800, 803]
[511, 25, 215]
[889, 423]
[53, 950]
[663, 407]
[327, 382, 813, 1286]
[873, 82]
[1191, 25, 238]
[448, 449]
[895, 75, 1380]
[73, 763, 1, 691, 692]
[420, 421, 0, 635, 348, 349]
[1063, 134, 135]
[295, 296]
[595, 1254]
[588, 589]
[249, 250, 612, 66]
[268, 947]
[109, 206]
[532, 682, 683, 800, 824, 825]
[318, 1453]
[121, 47]
[881, 882]
[837, 9]
[134, 102, 103, 1049]
[567, 568]
[989, 393, 394]
[1129, 302]
[1113, 1489]
[619, 812]
[1119, 525, 75, 741]
[126, 711]
[117, 118]
[384, 385]
[74, 0, 1, 1209, 635, 692]
[452, 75, 76]
[121, 47, 48]
[698, 699]
[1019, 1020]
[249, 250, 612, 102, 103, 459]
[549, 550, 131]
[813, 1218]
[895, 496, 865, 497]
[619, 509]
[32, 204, 102]
[132, 242, 512, 343]
[457, 458]
[126, 563, 154]
[249, 250, 612, 102, 103, 1049]
[1350, 25, 477]
[287, 141]
[1063, 134, 102, 103, 1476]
[185, 186]
[683, 800, 824]
[612, 102, 103, 1049, 1067]
[682, 683]
[32, 204, 102, 103, 169]
[45, 919]
[222, 757, 320]
[43, 112]
[174, 853]
[138, 139, 331]
[696, 1091]
[494, 495]
[787, 788]
[371, 364]
[73, 74, 0, 691]
[512, 153, 154]
[39, 30, 172]
[88, 49, 735, 800, 824]
[193, 270]
[275, 102, 103, 144]
[0, 1, 691]
[1196, 103, 1476]
[954, 955]
[661, 662]
[39, 30, 268, 180]
[30, 180, 1169]
[654, 490, 491]
[1204, 102]
[1238, 183, 195]
[68, 173]
[1197, 1198]
[529, 39, 30, 172]
[30, 268, 269]
[453, 853]
[478, 479]
[1104, 102, 103, 1302]
[1, 691]
[602, 195, 834]
[30, 31, 42]
[1336, 639, 23]
[1157, 382, 783]
[49, 735]
[132, 242, 512, 127]
[49, 50]
[1104, 102, 103, 144]
[32, 1379]
[43, 102, 103, 169]
[867, 102]
[1410, 385]
[608, 584, 1033]
[340, 102, 103, 1302]
[639, 231, 561]
[420, 421, 0]
[502, 457, 458]
[867, 102, 103, 1476]
[1157, 382]
[462, 463]
[544, 490, 491]
[820, 611]
[22, 23]
[492, 641]
[1201, 1202]
[220, 437]
[39, 398]
[77, 334]
[550, 983, 1390]
[1209, 635, 348, 349]
[107, 1328]
[132, 580, 486]
[201, 202]
[829, 82]
[1100, 800, 803]
[604, 387]
[890, 14, 15]
[420, 421]
[460, 364]
[932, 1027]
[1368, 1006]
[382, 813, 1286]
[1309, 212, 599]
[233, 1327]
[763, 1]
[79, 193, 270, 271]
[352, 353]
[1109, 195]
[219, 400]
[140, 370]
[867, 102, 103, 459]
[1085, 364]
[32, 204, 102, 103, 1049, 1067]
[57, 56]
[74, 0, 1, 1209, 635, 348]
[75, 741, 496, 865, 497]
[32, 1200]
[421, 0, 1, 1209, 635, 348]
[250, 612, 941]
[1309, 212, 229, 1033]
[1441, 5]
[499, 252, 253]
[674, 187, 583]
[529, 39]
[481, 125]
[1391, 112]
[204, 102, 103, 1049, 1067]
[796, 1259]
[608, 1242]
[340, 102, 103, 1049, 1067]
[83, 105]
[638, 639, 231, 853]
[453, 195]
[214, 1219]
[1100, 800, 801]
[423, 369]
[362, 1349]
[452, 75, 741, 496, 637]
[74, 0, 635, 348]
[129, 130]
[811, 25, 238]
[148, 149]
[242, 594]
[476, 1315]
[163, 885]
[39, 30, 56]
[890, 14, 727]
[1109, 195, 834]
[250, 612, 102, 103, 1476]
[249, 250, 612, 613]
[895, 75, 768]
[580, 486, 9]
[636, 1090]
[1208, 1209, 635, 348]
[593, 475, 476, 1315]
[90, 845]
[373, 1458]
[529, 39, 30, 386, 387]
[174, 195]
[132, 133]
[275, 102, 103, 1476]
[73, 74]
[85, 180, 1169]
[442, 443]
[340, 102, 103, 144]
[683, 800]
[382, 1419]
[183, 195]
[307, 25]
[565, 512, 127]
[1063, 134, 102, 103, 1302]
[409, 183, 195, 834]
[695, 883]
[1097, 134, 263]
[1238, 183]
[90, 204, 1078]
[683, 800, 824, 825]
[299, 1152]
[981, 1, 1209, 635, 348]
[1158, 914]
[75, 741, 496]
[49, 735, 800]
[332, 333]
[242, 512, 343, 344]
[277, 496, 865, 497]
[766, 134, 102, 103, 1404]
[646, 647]
[700, 1157, 382, 783]
[39, 30, 524]
[1427, 270, 271]
[75, 741]
[102, 103, 1404]
[163, 1050]
[425, 134, 1231]
[444, 5]
[529, 39, 398]
[132, 242, 512, 343, 344]
[30, 31, 361]
[612, 102]
[1217, 297]
[565, 512, 343]
[150, 151, 789]
[508, 915]
[748, 1486]
[662, 494, 495]
[195, 834]
[492, 243]
[250, 612]
[79, 193, 603]
[1324, 25, 238]
[327, 1416]
[1092, 574]
[1116, 1009]
[134, 102, 103, 1049, 1067]
[203, 204, 102, 103, 1049]
[1292, 1360]
[683, 803]
[625, 626]
[421, 0, 1, 691, 692]
[73, 74, 0, 635, 348, 349]
[639, 23]
[1213, 1214]
[552, 553]
[39, 30, 31, 42, 369]
[388, 25, 477]
[420, 421, 0, 635, 348]
[30, 667]
[85, 195, 995]
[49, 735, 800, 803]
[606, 112]
[397, 79, 193, 194]
[482, 302]
[518, 192]
[249, 250, 612, 263]
[426, 427]
[237, 204, 1078]
[409, 183]
[39, 79, 193, 270]
[867, 102, 103]
[39, 30, 17, 667]
[150, 151, 876]
[73, 74, 0, 1, 691]
[918, 302]
[596, 1330]
[1053, 131]
[1097, 134]
[275, 102]
[649, 204]
[687, 755]
[544, 551]
[1070, 506]
[239, 192]
[16, 819, 539]
[30, 268, 1348]
[401, 141]
[670, 362, 1349]
[529, 39, 79]
[421, 0, 635, 348, 349]
[88, 682, 683, 800, 824]
[1204, 102, 103, 1049]
[371, 364, 365]
[140, 192]
[1407, 102, 103, 1049]
[249, 250, 612, 1010]
[814, 667]
[612, 102, 103, 169]
[1282, 1283]
[88, 49, 735]
[455, 1037]
[1308, 559, 560, 1491]
[30, 1188]
[1350, 25, 215]
[16, 17, 591]
[264, 686]
[49, 735, 800, 801]
[973, 1156]
[571, 705]
[250, 612, 102, 103, 1302]
[827, 25, 238]
[216, 102]
[350, 56]
[39, 30, 17]
[53, 808]
[275, 102, 103, 459]
[28, 29]
[565, 718]
[766, 134, 102, 103, 459]
[576, 577, 441]
[1046, 112]
[55, 288]
[75, 741, 496, 637]
[636, 830]
[83, 1320]
[329, 112]
[529, 39, 30]
[1004, 1185]
[1173, 1174]
[249, 250, 612, 102, 103, 1404]
[529, 39, 30, 268]
[556, 1090]
[318, 322, 192]
[1112, 507, 303]
[1285, 1214]
[205, 206]
[109, 110]
[981, 1, 1209, 635, 348, 349]
[315, 316]
[674, 187, 188]
[51, 113]
[518, 58]
[399, 1312]
[674, 187, 188, 720]
[222, 223]
[1097, 1162]
[1309, 212, 229, 599]
[30, 17, 591]
[129, 701]
[612, 147]
[889, 423, 303]
[512, 153]
[622, 3]
[979, 1078]
[75, 76]
[420, 981, 1]
[254, 610]
[210, 667]
[674, 187, 1198]
[525, 496]
[187, 583]
[578, 387]
[792, 29]
[822, 823]
[856, 953]
[73, 74, 0, 1, 1209, 635, 692]
[376, 623]
[406, 407]
[781, 91]
[800, 824, 825]
[237, 204, 102, 103, 1404]
[73, 763, 1124]
[90, 204, 102, 103, 1476]
[673, 134, 102, 103, 1404]
[383, 135]
[659, 660]
[704, 195]
[0, 691]
[607, 3]
[1089, 25, 215]
[250, 612, 102]
[421, 0, 1, 1209, 635]
[712, 713]
[1132, 506]
[380, 1177]
[207, 679]
[549, 550, 402]
[440, 441]
[1329, 982]
[75, 741, 496, 865]
[646, 1090]
[30, 172]
[39, 30, 268, 180, 1169, 1170]
[275, 102, 103, 1302]
[329, 387]
[525, 1359]
[200, 29]
[122, 756]
[188, 720]
[401, 58]
[1235, 560, 1491]
[867, 102, 103, 144]
[79, 193, 609]
[556, 636, 1090]
[673, 1233]
[1234, 29]
[612, 102, 103]
[8, 771]
[132, 648, 486]
[529, 39, 30, 268, 180, 1169]
[923, 356, 87, 5]
[420, 421, 0, 635, 692]
[981, 1, 691]
[43, 102, 103]
[132, 579, 106]
[283, 96, 97]
[350, 658]
[516, 517]
[79, 80]
[815, 489]
[0, 1, 1209, 635, 348]
[151, 457]
[388, 389]
[584, 229, 585]
[88, 1295]
[138, 139, 1472]
[386, 56]
[453, 195, 834]
[1238, 183, 672]
[85, 853]
[529, 39, 30, 17, 780]
[781, 710]
[827, 25, 1375]
[204, 102, 103, 459]
[906, 805, 102, 103, 169]
[132, 562]
[1119, 525, 206]
[397, 79, 193, 943]
[114, 725]
[318, 926]
[30, 268, 180]
[134, 102, 103, 1404]
[549, 550]
[55, 326]
[769, 776]
[39, 30, 1188]
[350, 524]
[401, 56]
[1350, 25, 1043]
[220, 221]
[1361, 805, 102]
[73, 74, 0, 1]
[0, 1, 1209, 635, 692]
[250, 612, 147]
[560, 1251]
[322, 387]
[649, 204, 102, 103, 459]
[889, 423, 13]
[132, 242, 780]
[1434, 302]
[31, 56]
[1097, 134, 135]
[1473, 1474]
[541, 387]
[249, 250, 612, 102, 103, 1049, 1067]
[150, 151, 502, 457]
[1278, 1311]
[386, 58]
[403, 404]
[237, 204, 102]
[73, 763, 1, 1209, 635]
[1089, 25, 477]
[39, 40]
[41, 387]
[295, 1128]
[39, 30, 386, 153]
[289, 290, 1347]
[17, 591]
[608, 551]
[766, 134, 102, 103, 144]
[529, 39, 30, 667]
[726, 226, 227]
[1243, 447]
[150, 151, 502, 458]
[1448, 1083]
[513, 514]
[98, 1111]
[584, 229, 230]
[1008, 1009]
[769, 770]
[649, 204, 102, 103, 1302]
[935, 936]
[965, 108]
[420, 981, 396]
[203, 204, 102, 103, 459]
[550, 1445]
[31, 58]
[890, 14, 106]
[36, 572]
[85, 195]
[24, 25, 238]
[899, 288]
[635, 348]
[704, 195, 995]
[1184, 447]
[682, 683, 800, 824]
[475, 476, 1315]
[1248, 1249]
[329, 58]
[895, 496, 865]
[529, 39, 79, 193, 943]
[638, 639, 231, 232]
[73, 74, 0, 691, 692]
[249, 250, 612]
[41, 58]
[600, 601]
[249, 250, 612, 135]
[177, 112]
[178, 9]
[550, 983]
[923, 356, 87]
[529, 39, 79, 193, 194]
[425, 134, 263]
[340, 319, 320]
[726, 226, 447]
[383, 263]
[1314, 1003]
[1403, 914]
[820, 9]
[448, 9]
[841, 842]
[895, 75, 272]
[1026, 1027, 1151]
[57, 58]
[766, 134, 1231]
[31, 42, 369]
[30, 180, 1169, 1170]
[821, 48]
[25, 238]
[96, 938]
[420, 981, 1, 691, 692]
[1361, 805]
[183, 672]
[1324, 25, 1375]
[1181, 1182]
[30, 17, 1037]
[1407, 102, 103, 1049, 1067]
[30, 268, 1297]
[340, 539]
[388, 569]
[420, 421, 0, 635]
[532, 922]
[114, 95]
[805, 102]
[1228, 1229]
[496, 637]
[249, 1203]
[1336, 639, 231, 561]
[1405, 914]
[951, 952]
[890, 1057]
[793, 872]
[41, 56]
[73, 74, 0, 1, 1209, 635, 348]
[337, 456]
[1000, 1376]
[612, 941]
[673, 134, 102, 103, 1049, 1067]
[150, 151, 166]
[502, 876]
[828, 339]
[906, 805, 102, 103]
[1106, 1107]
[151, 789, 1463]
[174, 195, 995]
[79, 193, 258]
[310, 311]
[1187, 175]
[1427, 270]
[1245, 1246]
[207, 943]
[203, 204, 102, 103, 1404]
[1334, 1164]
[212, 229, 230]
[543, 29]
[340, 102, 103, 1049]
[207, 194]
[37, 176]
[39, 30, 386]
[1209, 635, 348]
[151, 457, 458]
[529, 39, 79, 1484]
[421, 0, 1]
[913, 914]
[222, 757, 667]
[775, 504]
[51, 52]
[39, 30, 17, 809]
[654, 490]
[1063, 134, 102]
[766, 134, 102, 103, 1049]
[397, 79, 193, 270, 271]
[1346, 387]
[994, 897]
[478, 1464]
[1487, 192]
[126, 59, 1465]
[726, 226, 754]
[824, 825]
[358, 211]
[39, 30, 387]
[51, 52, 987]
[61, 539]
[88, 153, 154]
[88, 154]
[1274, 1275]
[420, 981, 1, 1209]
[916, 1073]
[719, 667]
[895, 75, 76]
[923, 356, 357]
[700, 1157, 382]
[340, 102, 103, 459]
[833, 634]
[1209, 635, 692]
[448, 5]
[420, 421, 0, 1, 691, 692]
[425, 134, 135]
[820, 198, 199]
[696, 1401]
[1104, 102, 103, 1049, 1067]
[14, 15]
[556, 636]
[1064, 302]
[88, 153]
[30, 268]
[559, 560, 1251]
[895, 75, 184]
[356, 357, 1131]
[397, 29]
[907, 559, 560, 1491]
[820, 198, 729]
[529, 39, 30, 31, 361]
[1104, 102, 103, 1049]
[550, 560, 1028]
[418, 690]
[1097, 134, 102, 103, 1049]
[249, 250, 612, 102, 103, 144]
[1361, 805, 102, 103, 169]
[83, 243]
[266, 826]
[867, 102, 103, 1302]
[73, 74, 1124]
[751, 269]
[61, 537]
[730, 731]
[505, 305]
[525, 75, 741]
[916, 917]
[649, 946]
[18, 1402]
[529, 39, 30, 1067]
[52, 987]
[237, 204]
[397, 79, 193, 909]
[1092, 574, 404]
[212, 229, 1033]
[927, 1052]
[1204, 102, 103, 1404]
[51, 52, 1134]
[1000, 997]
[1097, 1162, 66]
[1407, 102, 103, 1404]
[397, 79, 193, 1301]
[833, 984]
[649, 204, 102, 103, 1049, 1067]
[340, 319]
[1276, 577, 441]
[39, 30, 268, 454]
[1047, 768]
[36, 705]
[1074, 1080]
[529, 39, 30, 180]
[1029, 1193]
[932, 933]
[212, 229, 585]
[313, 195, 834]
[649, 204, 102, 103, 1476]
[763, 1, 691]
[1119, 525, 1359]
[73, 763, 1, 1209, 635, 348, 349]
[386, 153, 154]
[180, 1169]
[507, 303]
[806, 807]
[762, 138, 139]
[635, 692]
[132, 242, 437]
[90, 204, 102, 103, 1302]
[150, 151, 342]
[1063, 134, 147]
[526, 1081]
[608, 584, 229]
[201, 33]
[43, 102]
[30, 31, 56]
[92, 93, 331]
[0, 635]
[18, 1016]
[401, 191, 1344, 931]
[73, 74, 0]
[397, 398]
[193, 270, 271]
[88, 682, 683, 803]
[741, 496]
[1287, 302]
[1324, 25]
[420, 421, 0, 1, 1209, 635]
[1239, 1015]
[1236, 102, 103, 1049, 1067]
[1313, 9]
[500, 9]
[726, 56]
[203, 204, 102, 103, 169]
[1457, 9]
[492, 105]
[212, 229, 599]
[608, 584, 229, 599]
[1208, 1209]
[673, 134, 102, 103]
[1407, 102, 103, 1476]
[965, 1369]
[1097, 134, 102, 103, 144]
[602, 341]
[420, 421, 0, 1, 691]
[327, 382, 1147]
[820, 206]
[700, 1157]
[910, 5]
[1031, 404]
[673, 134, 102, 103, 1049]
[1048, 489]
[425, 134, 102, 103, 1404]
[1308, 559, 560, 1028]
[1485, 587]
[204, 102, 103, 1404]
[43, 102, 103, 1302]
[39, 79, 193, 528]
[94, 95]
[544, 490, 1082]
[800, 803]
[1318, 1319]
[225, 56]
[388, 25, 1043]
[69, 104]
[1462, 621]
[452, 75, 184]
[520, 207]
[313, 314]
[532, 682]
[858, 800, 824]
[1098, 1099]
[418, 419]
[1119, 525, 75, 206]
[132, 579, 727]
[425, 134, 102, 103, 169]
[452, 75, 1380]
[570, 9]
[85, 195, 834]
[820, 5]
[1277, 1278]
[150, 458]
[250, 612, 102, 103, 1049]
[1437, 29]
[356, 87, 443]
[216, 102, 103, 1404]
[525, 206]
[406, 904]
[306, 274]
[90, 204, 102]
[39, 30, 1323]
[102, 103, 144]
[235, 236]
[16, 17, 780]
[90, 204, 102, 103, 1404]
[75, 206]
[421, 0, 691]
[638, 639]
[742, 743]
[1045, 9]
[452, 75, 741, 496, 865]
[306, 5]
[18, 802]
[804, 206]
[2, 3]
[297, 959]
[43, 102, 103, 1476]
[103, 169]
[1184, 165]
[700, 701]
[68, 9]
[910, 274]
[132, 976]
[889, 423, 931]
[151, 502, 457]
[203, 204, 102, 103]
[30, 386, 153, 154]
[216, 102, 103, 169]
[171, 238]
[1143, 1144]
[189, 1096]
[481, 84]
[1119, 525]
[766, 134, 102, 103, 1476]
[452, 75, 272]
[1157, 382, 1411]
[30, 31, 58]
[1407, 102, 103, 144]
[1119, 525, 9]
[664, 665]
[266, 267]
[16, 62]
[430, 749]
[575, 447]
[126, 374, 1215]
[1309, 212, 213]
[1097, 134, 102, 103, 1049, 1067]
[73, 763]
[132, 580, 486, 9]
[912, 9]
[39, 30, 31, 387]
[299, 300]
[875, 667]
[413, 414]
[785, 504]
[529, 39, 30, 268, 269]
[242, 512, 153, 154]
[1180, 29]
[1194, 1335]
[204, 102, 103, 144]
[674, 187, 330]
[1204, 102, 103, 1049, 1067]
[579, 727]
[906, 805]
[1385, 9]
[671, 784, 1174]
[452, 75, 741, 496, 865, 497]
[1236, 102, 103]
[187, 558]
[88, 682, 683]
[384, 607, 3]
[297, 298]
[442, 1071]
[1108, 598]
[324, 985]
[795, 499, 252, 253]
[83, 84]
[237, 204, 102, 103, 1049]
[452, 75]
[820, 866]
[633, 634]
[1309, 212]
[895, 75, 741, 496, 497]
[420, 421, 0, 691]
[30, 31, 42, 369]
[117, 1244]
[464, 9]
[670, 362, 363]
[279, 280]
[420, 981]
[726, 226, 370]
[520, 207, 603]
[1119, 525, 75, 741, 496, 865, 497]
[378, 1469]
[945, 364]
[126, 59, 60]
[584, 229]
[207, 909]
[475, 476, 495]
[327, 382, 1411]
[529, 39, 30, 387]
[586, 587]
[132, 580]
[79, 193, 528]
[126, 1269]
[53, 54]
[79, 1484]
[340, 102, 103]
[386, 387]
[55, 56]
[735, 800, 824]
[1, 1209, 635]
[450, 451]
[329, 56]
[1352, 364, 365]
[549, 550, 560, 1491]
[115, 116]
[1236, 102, 103, 1476]
[525, 496, 865, 497]
[183, 184]
[295, 853]
[390, 566]
[695, 569]
[30, 524]
[1309, 212, 229, 230]
[981, 1, 1209]
[284, 274]
[1119, 525, 496, 865, 497]
[565, 512, 153, 154]
[767, 106]
[532, 91]
[642, 643]
[426, 1341]
[1032, 733]
[1041, 48]
[620, 135]
[1317, 29]
[30, 17, 809]
[18, 716]
[965, 996]
[1119, 525, 5]
[420, 421, 0, 691, 692]
[575, 754]
[421, 0, 1, 1209, 635, 348, 349]
[511, 25, 1375]
[973, 974]
[1125, 404]
[68, 29]
[174, 86]
[340, 102]
[827, 25]
[849, 850]
[55, 58]
[532, 682, 683, 800, 824]
[784, 1174]
[73, 74, 0, 1, 691, 692]
[544, 545]
[636, 1151]
[673, 134, 135]
[0, 1]
[529, 530]
[805, 102, 103, 1476]
[529, 39, 30, 386]
[1407, 102, 103, 459]
[39, 30, 268, 29]
[295, 195]
[490, 1082]
[1271, 592]
[285, 65, 66]
[1361, 805, 102, 103, 1404]
[126, 563, 1412]
[277, 278]
[1097, 134, 102, 103, 1404]
[1104, 102, 103, 1404]
[268, 454]
[657, 364]
[55, 141]
[1238, 183, 206]
[204, 102, 103, 1049]
[279, 152]
[550, 560]
[606, 56]
[736, 737]
[425, 134, 102, 103, 1049]
[800, 801]
[124, 1161]
[88, 682, 683, 800, 824, 825]
[452, 75, 741, 496]
[766, 134, 102, 103, 1302]
[1104, 102]
[1157, 382, 1147]
[612, 102, 103, 1302]
[1432, 1433]
[967, 305]
[161, 551]
[858, 800, 824, 825]
[1204, 102, 103, 144]
[1309, 212, 874]
[397, 79, 193]
[1309, 212, 229, 585]
[520, 207, 609]
[906, 805, 102, 103, 459]
[532, 382, 813]
[324, 325]
[1095, 685]
[151, 876]
[30, 56]
[30, 1067]
[327, 382, 813, 1218]
[187, 1479]
[409, 183, 672]
[644, 645]
[350, 44]
[556, 636, 830]
[836, 263]
[704, 195, 834]
[649, 204, 102, 103, 169]
[39, 30, 386, 192]
[107, 1183]
[673, 134, 102, 103, 144]
[763, 1, 1209]
[606, 58]
[649, 650]
[1271, 1272]
[193, 528]
[39, 30, 180, 1169, 1170]
[401, 288]
[452, 496, 497]
[212, 229]
[1054, 9]
[30, 386, 192]
[1262, 93, 331]
[1109, 195, 995]
[74, 0, 1, 1209, 635]
[1260, 1261]
[277, 496]
[511, 25]
[1336, 639, 231, 402]
[627, 628]
[399, 715]
[529, 39, 30, 31, 42]
[900, 901]
[1002, 1003]
[151, 789]
[289, 1415]
[1199, 236]
[226, 754]
[18, 548]
[30, 1323]
[8, 9]
[567, 364, 365]
[971, 569]
[327, 382, 1419]
[102, 103, 459]
[694, 236]
[796, 1370]
[1313, 1220, 1221]
[529, 39, 79, 193, 270]
[895, 75]
[895, 75, 741, 496]
[88, 49, 735, 800]
[155, 5]
[673, 134, 263]
[673, 1233, 66]
[831, 1362]
[1240, 82]
[1089, 25, 1375]
[549, 550, 983]
[161, 474]
[654, 551]
[397, 79, 193, 270]
[906, 805, 102, 103, 1404]
[654, 599]
[1305, 364, 365]
[0, 635, 348, 349]
[117, 1459]
[150, 151, 1409]
[57, 112]
[187, 330]
[346, 347]
[773, 1471]
[372, 373]
[421, 0]
[1238, 183, 1406]
[53, 621]
[92, 93]
[671, 218]
[486, 9]
[132, 224]
[39, 30, 268, 269]
[39, 30, 334]
[83, 408]
[529, 39, 30, 17]
[741, 496, 497]
[975, 82]
[435, 436]
[1353, 345]
[836, 135]
[608, 584]
[31, 42]
[490, 491]
[865, 497]
[1237, 1211]
[401, 191]
[923, 1383]
[244, 245]
[805, 102, 103, 1049, 1067]
[32, 1296]
[923, 356, 87, 443]
[18, 67]
[231, 561]
[318, 141]
[520, 207, 303]
[856, 857]
[805, 102, 103, 169]
[529, 39, 30, 1323]
[584, 585]
[126, 563]
[183, 1406]
[1332, 1333]
[39, 79, 193, 258]
[252, 253]
[424, 82]
[766, 134, 102, 103]
[529, 39, 79, 193, 1301]
[689, 419]
[796, 1066]
[1139, 1140]
[39, 30, 1067]
[126, 127]
[1159, 111]
[237, 204, 102, 103]
[532, 682, 683, 803]
[250, 612, 102, 103, 169]
[525, 75, 76]
[139, 331]
[763, 1, 691, 692]
[226, 447]
[767, 108]
[1063, 134, 102, 103, 144]
[796, 862]
[428, 1084]
[900, 1482]
[960, 112]
[218, 219]
[237, 204, 102, 103, 169]
[249, 250, 612, 102]
[1345, 402]
[85, 180]
[481, 616]
[1169, 1170]
[968, 506]
[448, 1307]
[899, 387]
[233, 234]
[150, 151]
[185, 206]
[1056, 506]
[503, 1105]
[12, 13]
[216, 102, 103, 1049]
[1029, 1030]
[1266, 183, 195, 834]
[963, 1123]
[32, 845]
[90, 204, 102, 103, 169]
[678, 679]
[281, 282]
[12, 211]
[329, 370]
[593, 475, 476]
[536, 1456]
[88, 710]
[203, 845]
[1115, 853]
[307, 25, 238]
[163, 164]
[741, 496, 865, 497]
[401, 192]
[1063, 134, 1231]
[671, 784]
[90, 204, 102, 103, 1049]
[453, 104]
[88, 89]
[525, 5]
[203, 204, 1078]
[181, 182]
[285, 1036]
[612, 102, 103, 1476]
[1093, 662, 494, 495]
[226, 227]
[30, 386, 153]
[1435, 1436]
[36, 37]
[167, 848]
[764, 765]
[39, 79, 80]
[619, 157]
[423, 931]
[77, 172]
[453, 454]
[388, 25, 238]
[532, 682, 683, 800]
[1196, 103, 144]
[335, 336]
[102, 103, 1049, 1067]
[327, 382, 813]
[981, 1, 1209, 635, 692]
[773, 774]
[327, 328]
[249, 250, 612, 147]
[469, 686]
[724, 95]
[39, 30, 339]
[73, 74, 0, 635, 692]
[340, 3]
[902, 527]
[134, 102, 103]
[550, 560, 1251]
[969, 489]
[124, 125]
[455, 11]
[1191, 25]
[318, 322, 141]
[673, 134, 102, 103, 1302]
[16, 17]
[18, 980]
[532, 382, 1411]
[1063, 134, 102, 103, 1049, 1067]
[684, 82]
[898, 9]
[1325, 1326]
[811, 25, 215]
[1371, 1372]
[43, 102, 103, 1049]
[484, 485]
[1305, 364]
[1235, 560, 1028]
[511, 25, 238]
[1204, 102, 103, 459]
[1199, 236, 271]
[1236, 102, 103, 144]
[730, 879]
[1191, 25, 215]
[170, 171]
[374, 1215]
[81, 82]
[420, 981, 1, 1209, 635, 348, 349]
[1269, 1273]
[47, 48]
[61, 62]
[529, 39, 30, 56]
[132, 972]
[608, 584, 585]
[207, 603]
[726, 447]
[30, 386]
[132, 242, 512, 153]
[39, 30, 288]
[790, 791]
[73, 763, 1]
[350, 227]
[1194, 1195]
[1104, 102, 103, 459]
[49, 656]
[998, 999]
[83, 556, 636, 1090]
[1279, 1280]
[529, 39, 30, 17, 591]
[392, 460, 364]
[1430, 364, 365]
[25, 1375]
[319, 1225]
[540, 173]
[1187, 296]
[475, 476]
[187, 188, 720]
[39, 30, 904]
[307, 25, 1043]
[739, 1303]
[1108, 598, 373]
[390, 391]
[1351, 104]
[608, 545]
[151, 502, 458]
[726, 226]
[532, 382]
[1097, 66]
[264, 265]
[819, 539]
[55, 539]
[384, 607]
[890, 108]
[140, 387]
[1269, 1270]
[384, 607, 1051]
[6, 7]
[420, 421, 0, 1, 1209, 635, 348, 349]
[1395, 1080]
[525, 496, 865]
[1342, 1343]
[1196, 103, 459]
[816, 165]
[1159, 1160]
[529, 39, 30, 268, 1348]
[811, 25, 1043]
[529, 39, 79, 80]
[529, 39, 30, 524]
[401, 191, 192]
[1149, 1150]
[1407, 102, 103, 1302]
[100, 101, 364, 365]
[39, 30, 386, 153, 154]
[438, 439]
[742, 1493]
[884, 885]
[890, 14, 1039]
[464, 465]
[525, 75, 206]
[12, 303]
[43, 102, 103, 1049, 1067]
[1026, 1027]
[520, 640]
[778, 779]
[532, 382, 813, 1218]
[532, 382, 1147]
[532, 89]
[820, 198]
[17, 780]
[878, 879]
[200, 1102]
[201, 1178]
[1119, 525, 75, 768]
[1222, 1223]
[1191, 25, 477]
[1209, 635]
[1262, 93]
[1226, 1304]
[425, 134, 102, 103]
[549, 550, 983, 1390]
[674, 187, 558]
[673, 134, 102, 103, 1476]
[94, 725]
[805, 1103]
[1119, 525, 75, 741, 496, 497]
[364, 365]
[1340, 667]
[945, 364, 365]
[550, 517]
[31, 361]
[329, 192]
[608, 584, 230]
[53, 407]
[452, 75, 768]
[88, 682, 683, 800]
[340, 102, 103, 1476]
[893, 894]
[183, 195, 834]
[1191, 25, 1375]
[1097, 134, 102, 103, 459]
[476, 495]
[96, 97]
[581, 582]
[161, 162]
[216, 506]
[461, 82]
[520, 13]
[317, 165]
[723, 35]
[906, 805, 102, 103, 1049]
[193, 258]
[1398, 1399]
[1157, 382, 1419]
[617, 991]
[4, 5]
[529, 39, 30, 1188]
[134, 102, 103, 169]
[237, 91]
[132, 579]
[452, 496, 637]
[1352, 364]
[30, 387]
[666, 535]
[1061, 667]
[472, 473]
[750, 497]
[270, 271]
[584, 230]
[32, 204, 1078]
[207, 609]
[340, 319, 667]
[499, 777]
[886, 887]
[1159, 1164]
[1157, 382, 813, 1218]
[409, 183, 184]
[1238, 183, 195, 834]
[496, 865]
[831, 1414]
[500, 912, 9]
[1162, 66]
[525, 75, 741, 496]
[39, 79, 193, 603]
[1112, 507]
[1206, 1021]
[59, 1465]
[103, 1404]
[726, 226, 56]
[1063, 134, 102, 103, 459]
[425, 134, 102, 103, 1049, 1067]
[614, 615]
[907, 908]
[661, 662, 494, 495]
[426, 407]
[546, 547]
[905, 1422]
[1217, 297, 298]
[18, 179]
[1049, 1067]
[423, 303]
[864, 135]
[682, 683, 800]
[14, 1039]
[32, 91]
[689, 690]
[401, 387]
[529, 39, 30, 268, 454]
[1088, 244]
[39, 79, 193, 270, 1013]
[724, 725]
[1292, 1293]
[32, 204, 102, 103, 144]
[193, 603]
[1113, 1114]
[327, 749]
[1041, 1042]
[529, 39, 30, 31, 56]
[103, 1049, 1067]
[156, 915]
[222, 37]
[1159, 941]
[30, 334]
[584, 1033]
[1119, 525, 496, 497]
[122, 123]
[529, 39, 79, 193, 270, 271]
[415, 416]
[24, 25, 1043]
[74, 0, 635]
[766, 134, 102]
[612, 102, 103, 1404]
[1053, 66]
[74, 0, 635, 348, 349]
[757, 320]
[565, 512, 343, 344]
[74, 1124]
[376, 1083]
[1112, 192]
[794, 147]
[275, 102, 103]
[565, 512]
[577, 441]
[49, 1298]
[204, 102, 103, 1302]
[565, 863]
[139, 1472]
[101, 364]
[683, 800, 801]
[612, 1010]
[639, 231, 232]
[1217, 297, 959]
[466, 171]
[565, 1477]
[138, 139]
[868, 1392]
[525, 75, 768]
[90, 91]
[529, 39, 30, 180, 1169]
[741, 496, 637]
[1230, 172]
[287, 58]
[981, 1, 691, 692]
[1417, 1418]
[226, 370]
[763, 1124]
[88, 344]
[833, 1179]
[529, 39, 30, 31, 58]
[682, 683, 803]
[268, 29]
[327, 382, 783]
[39, 30, 31]
[216, 217]
[417, 82]
[549, 550, 1445]
[796, 1455]
[529, 39, 30, 180, 1169, 1170]
[532, 682, 683]
[98, 99]
[529, 39, 79, 193, 258]
[811, 25, 477]
[805, 102, 103, 1049]
[895, 75, 741]
[1074, 394]
[237, 204, 102, 103, 1476]
[352, 1461]
[1104, 102, 103, 169]
[134, 1231]
[386, 153]
[1027, 1151]
[1364, 387]
[79, 193, 270, 1013]
[285, 65, 111]
[275, 102, 103, 169]
[249, 250, 612, 941]
[1308, 559, 560]
[287, 387]
[1119, 525, 1373]
[843, 5]
[708, 709]
[1079, 29]
[549, 550, 560, 1028]
[1158, 104]
[10, 1224]
[1340, 11]
[18, 1466]
[132, 648, 486, 9]
[421, 0, 1, 1209]
[1155, 93, 331]
[563, 1412]
[584, 229, 1033]
[598, 373]
[193, 270, 1013]
[891, 892]
[712, 1265]
[1357, 1358]
[425, 134, 102, 103, 1302]
[766, 134, 147]
[907, 559, 560, 1028]
[923, 356]
[90, 204, 102, 103]
[43, 102, 103, 144]
[322, 192]
[687, 688]
[1236, 102, 103, 459]
[73, 74, 0, 1, 1209, 635]
[196, 197]
[201, 228]
[399, 1429]
[193, 609]
[250, 612, 613]
[216, 305]
[781, 431]
[671, 218, 219, 400]
[430, 91]
[222, 37, 176]
[233, 966]
[496, 865, 497]
[1386, 1387]
[25, 215]
[335, 1171]
[773, 1425]
[924, 407]
[351, 3]
[529, 39, 30, 31, 1232]
[420, 981, 1, 691]
[529, 905, 1422]
[1100, 800, 824]
[1266, 183, 206]
[229, 585]
[1207, 860]
[1288, 1289]
[98, 152]
[1119, 525, 1460]
[132, 242]
[820, 1005]
[469, 734]
[1132, 305]
[88, 1148]
[762, 138]
[423, 13]
[30, 31, 387]
[63, 64]
[191, 192]
[277, 496, 497]
[673, 134, 102]
[73, 74, 0, 635, 348]
[1101, 29]
[520, 207, 194]
[421, 0, 1, 691]
[378, 379]
[409, 183, 206]
[142, 1322]
[75, 768]
[1317, 269]
[43, 102, 103, 1404]
[107, 108]
[529, 39, 30, 268, 1297]
[895, 496]
[702, 832]
[726, 226, 165]
[520, 207, 943]
[525, 75, 741, 496, 865]
[45, 46]
[268, 269]
[525, 9]
[340, 102, 103, 169]
[937, 681]
[295, 1229]
[525, 1460]
[250, 612, 102, 103, 1049, 1067]
[452, 496]
[425, 134, 102, 103, 1476]
[529, 39, 79, 193, 528]
[1324, 25, 215]
[39, 30, 386, 56]
[634, 984]
[102, 103]
[229, 230]
[793, 274]
[0, 1, 1209, 635]
[481, 105]
[39, 79, 193, 609]
[74, 0, 1, 691, 692]
[245, 1315]
[529, 786]
[10, 11]
[32, 410]
[1142, 686]
[1336, 639]
[700, 1157, 382, 813, 1218]
[93, 331]
[205, 880]
[1068, 1069]
[1309, 212, 229]
[1336, 639, 231, 853]
[30, 1470]
[453, 195, 995]
[30, 339]
[151, 502, 457, 458]
[529, 39, 30, 288]
[128, 82]
[214, 112]
[30, 1034]
[119, 120]
[890, 14, 573]
[608, 584, 229, 230]
[827, 25, 477]
[1196, 103]
[1395, 394]
[73, 74, 0, 1, 1209, 635, 348, 349]
[43, 102, 103, 459]
[158, 159]
[212, 213]
[529, 39, 30, 17, 667]
[673, 134]
[673, 134, 147]
[706, 707, 172]
[529, 39, 30, 904]
[565, 1166]
[798, 799]
[132, 242, 594]
[1205, 302]
[150, 151, 502, 876]
[174, 175]
[525, 1373]
[1308, 559, 560, 1251]
[323, 29]
[1356, 302]
[239, 58]
[39, 30, 386, 58]
[290, 1347]
[532, 382, 1419]
[906, 805, 1103]
[212, 874]
[226, 112]
[276, 269]
[397, 79, 80]
[200, 5]
[526, 527]
[18, 19]
[930, 302]
[1381, 450]
[392, 364]
[683, 800, 803]
[90, 204]
[264, 312]
[231, 232]
[39, 30, 38]
[158, 246]
[32, 204, 102, 103, 459]
[1361, 805, 102, 103, 459]
[1428, 387]
[906, 805, 102, 103, 1049, 1067]
[1206, 1021, 1022]
[16, 1225]
[17, 1037]
[906, 988]
[948, 949]
[30, 268, 947]
[20, 21]
[150, 151, 502]
[88, 49]
[318, 322]
[32, 204, 102, 103, 1404]
[237, 204, 102, 103, 1302]
[285, 286]
[515, 1384]
[85, 402]
[870, 871]
[85, 86]
[1100, 800, 824, 825]
[1119, 525, 75]
[236, 271]
[525, 75, 741, 496, 865, 497]
[1271, 255]
[728, 729]
[83, 556, 636, 1151]
[432, 433]
[670, 362]
[1449, 1450]
[121, 47, 1009]
[1313, 1220]
[1350, 25, 1375]
[397, 79, 193, 528]
[275, 102, 103, 1049, 1067]
[682, 683, 800, 824, 825]
[744, 745]
[1236, 102, 103, 1049]
[39, 30, 31, 42]
[216, 102, 103, 1049, 1067]
[388, 25]
[758, 604, 387]
[264, 883]
[452, 496, 865, 497]
[612, 102, 103, 144]
[1220, 1221]
[1350, 25, 238]
[374, 422]
[1407, 102, 103]
[827, 25, 215]
[986, 489]
[397, 79, 193, 270, 1013]
[529, 39, 1488]
[90, 861]
[488, 489]
[268, 1348]
[242, 512, 153]
[608, 584, 229, 585]
[244, 245, 1315]
[1119, 525, 75, 741, 496, 637]
[126, 66]
[563, 154]
[838, 839]
[203, 91]
[499, 252]
[395, 396]
[735, 800]
[79, 193, 270]
[74, 0, 1]
[1, 1209, 635, 348]
[30, 1295]
[39, 79, 1484]
[174, 131]
[854, 855]
[888, 274]
[968, 305]
[357, 1131]
[207, 303]
[1089, 25, 238]
[1267, 1268]
[216, 102, 103, 1476]
[1208, 1209, 635]
[420, 981, 1, 1209, 635, 348]
[39, 79, 193, 270, 271]
[237, 844]
[648, 486]
[726, 226, 112]
[1361, 805, 1103]
[409, 183, 1406]
[500, 632]
[906, 805, 102, 103, 144]
[502, 457]
[935, 1052]
[1236, 102, 103, 1302]
[508, 509]
[631, 632]
[1184, 772]
[867, 102, 103, 169]
[49, 735, 800, 824]
[102, 103, 1302]
[813, 1286]
[41, 141]
[24, 25, 477]
[103, 1049]
[1108, 598, 373, 1458]
[906, 805, 102]
[360, 447]
[392, 364, 365]
[521, 522]
[682, 683, 800, 801]
[304, 305]
[57, 387]
[1196, 103, 1049, 1067]
[805, 102, 103]
[42, 369]
[218, 219, 400]
[500, 501]
[421, 0, 635, 348]
[595, 641]
[51, 52, 433]
[529, 39, 30, 386, 192]
[73, 74, 0, 635]
[1101, 269]
[87, 5]
[565, 512, 153]
[512, 343, 344]
[598, 373, 1458]
[805, 102, 103, 1302]
[633, 634, 984]
[399, 400]
[59, 60]
[87, 443]
[612, 102, 103, 1049]
[250, 612, 102, 103, 1404]
[411, 412]
[520, 1408]
[1480, 1481]
[649, 946, 982]
[204, 102, 103]
[428, 480]
[75, 184]
[242, 437]
[1153, 768]
[150, 151, 789, 1463]
[399, 1429, 400]
[899, 56]
[39, 79, 193, 909]
[763, 1, 1209, 635, 348, 349]
[1119, 525, 496, 637]
[134, 147]
[324, 274]
[16, 539]
[275, 920]
[560, 1491]
[890, 1257]
[529, 39, 30, 334]
[657, 364, 365]
[73, 74, 0, 1, 1209]
[442, 1374]
[682, 683, 800, 803]
[1145, 1146]
[639, 231, 853]
[392, 460, 364, 365]
[827, 25, 1043]
[906, 805, 102, 103, 1302]
[1321, 485]
[654, 490, 599]
[927, 928]
[1325, 1483]
[126, 59]
[388, 1011]
[579, 106]
[766, 134, 102, 103, 169]
[216, 102, 103]
[529, 39, 30, 339]
[549, 880]
[1367, 1253]
[313, 195]
[1189, 1190]
[30, 268, 180, 1169, 1170]
[34, 685]
[1089, 25]
[817, 818]
[673, 134, 1231]
[702, 703]
[907, 559]
[18, 1075]
[1119, 525, 75, 272]
[295, 195, 834]
[382, 813, 1218]
[430, 431]
[505, 506]
[638, 639, 231, 561]
[961, 962]
[1007, 269]
[700, 1157, 382, 1419]
[763, 1, 1209, 635, 348]
[183, 195, 995]
[24, 25, 215]
[1446, 1229]
[16, 537]
[39, 30, 1295]
[889, 423, 369]
[992, 1216]
[150, 151, 457]
[432, 9]
[1310, 1166]
[493, 179]
[851, 852]
[310, 557]
[481, 408]
[529, 605]
[102, 103, 1476]
[531, 195, 834]
[1426, 996]
[285, 1024]
[515, 353]
[163, 1163]
[268, 180, 1169, 1170]
[1324, 25, 477]
[1119, 525, 75, 184]
[1, 1209, 635, 692]
[277, 835]
[726, 226, 772]
[695, 1431]
[907, 1138]
[649, 946, 410]
[1377, 1378]
[100, 101]
[75, 272]
[529, 39, 30, 268, 180]
[65, 111]
[401, 1025]
[77, 78]
[421, 0, 635]
[1061, 320]
[631, 501]
[738, 667]
[1235, 560, 1251]
[39, 30, 17, 780]
[502, 458]
[1238, 183, 195, 995]
[895, 75, 741, 496, 865, 497]
[1085, 364, 365]
[39, 30, 630]
[559, 560]
[607, 1051]
[277, 1263]
[121, 47, 761]
[85, 1229]
[71, 72]
[649, 204, 102, 103]
[318, 192]
[322, 141]
[151, 342]
[1247, 377]
[174, 314]
[550, 131]
[452, 75, 206]
[1361, 805, 102, 103, 1049, 1067]
[648, 486, 9]
[0, 691, 692]
[101, 364, 365]
[16, 667]
[88, 49, 735, 800, 824, 825]
[126, 1072]
[544, 490]
[612, 613]
[1365, 1366]
[529, 39, 30, 17, 809]
[1226, 1227]
[1407, 102]
[30, 288]
[674, 187, 651]
[30, 904]
[231, 402]
[525, 496, 637]
[728, 368]
[39, 192]
[689, 1040]
[538, 82]
[372, 373, 598]
[196, 1141]
[74, 0, 1, 1209, 635, 348, 349]
[811, 25]
[795, 499, 252]
[858, 800]
[360, 269]
[399, 219, 400]
[895, 75, 741, 496, 637]
[1000, 1001]
[612, 66]
[893, 1475]
[762, 138, 139, 331]
[420, 981, 1, 1209, 635, 692]
[185, 341]
[30, 386, 387]
[30, 17]
[249, 250]
[789, 1463]
[1444, 623]
[132, 242, 1168]
[1255, 1256]
[520, 207, 909]
[673, 134, 102, 103, 459]
[191, 1344]
[612, 102, 103, 459]
[85, 175]
[529, 39, 30, 31, 387]
[700, 1157, 382, 813]
[906, 805, 102, 103, 1476]
[208, 1055]
[706, 707]
[1451, 1452]
[676, 1136]
[529, 39, 997]
[1361, 805, 102, 103, 1049]
[140, 56]
[1336, 639, 231, 232]
[216, 102, 103, 1302]
[867, 102, 103, 1049, 1067]
[674, 187, 782]
[242, 780]
[83, 556, 636, 830]
[187, 651]
[425, 134]
[588, 265]
[25, 477]
[277, 496, 637]
[529, 39, 79, 193]
[867, 263]
[529, 39, 30, 386, 153]
[639, 231]
[1226, 1315]
[14, 573]
[649, 204, 1078]
[1088, 244, 245]
[382, 813]
[301, 302]
[406, 334]
[946, 410]
[421, 0, 635, 692]
[1266, 183, 195]
[249, 250, 612, 102, 103, 169]
[1235, 560]
[205, 131]
[469, 470]
[858, 803]
[32, 204, 102, 103, 1049]
[327, 710]
[1119, 525, 629]
[1119, 525, 75, 1380]
[526, 692]
[187, 782]
[638, 639, 231]
[580, 486]
[741, 496, 865]
[796, 1012]
[503, 504]
[700, 1157, 382, 1411]
[1277, 1278, 1311]
[1264, 834]
[559, 560, 1491]
[664, 1126]
[151, 166]
[279, 1284]
[386, 192]
[132, 242, 512, 153, 154]
[268, 180]
[249, 250, 612, 102, 103]
[831, 832]
[932, 1027, 1151]
[466, 171, 238]
[30, 17, 667]
[1361, 805, 102, 103, 144]
[74, 0, 691, 692]
[1196, 103, 1404]
[85, 131]
[254, 592]
[409, 183, 195]
[661, 662, 494]
[134, 102]
[39, 30, 366]
[795, 499]
[1204, 102, 103]
[453, 402]
[1310, 1256]
[31, 1232]
[32, 1178]
[88, 91]
[707, 172]
[452, 496, 865]
[946, 982]
[174, 402]
[907, 559, 560, 1251]
[34, 35]
[763, 1, 1209, 635, 692]
[88, 922]
[193, 909]
[306, 919]
[721, 722]
[864, 263]
[150, 151, 502, 457, 458]
[978, 644, 645]
