1089,2 1
510,2 2
1089,1 1
510,1 3
458,2 1
1463,1 1
458,1 1
832,1 3
419,4 1
1237,1 1
419,3 3
419,2 3
1424,1 1
419,1 1
606,3 1
606,2 4
606,1 4
450,2 10
450,1 3
1042,1 1
224,1 8
411,1 1
1177,1 1
1364,2 1
8,1 2
1364,1 2
733,3 1
733,2 3
390,2 1
733,1 1
920,3 3
920,2 2
390,1 3
920,1 2
1325,1 1
868,1 1
96,1 2
0,3 1
0,2 3
0,1 3
299,1 2
829,1 3
57,1 4
486,1 1
1265,1 2
18,1 15
634,1 3
291,1 1
1413,1 1
252,1 3
10,1 3
761,5 1
1392,1 1
761,4 1
574,2 1
574,1 1
761,3 2
761,2 2
761,1 2
1166,1 1
348,1 7
1353,1 1
896,1 3
722,1 2
1314,1 1
85,3 1
85,2 3
857,1 1
85,1 9
818,2 2
818,1 8
662,1 2
1067,1 2
249,1 1
436,1 1
623,1 1
1389,1 1
945,1 1
189,2 1
1194,1 1
189,1 2
719,1 1
202,4 1
1381,1 1
1020,1 1
376,1 5
202,3 7
563,3 2
202,2 1
563,2 3
202,1 2
563,1 8
750,1 1
698,4 2
1155,1 2
698,3 5
698,2 1
698,1 2
1342,1 2
181,2 1
885,1 1
524,1 3
181,1 5
1116,3 9
1116,2 9
659,3 1
1116,1 1
659,2 1
74,4 1
659,1 1
74,3 3
74,2 3
74,1 2
1095,1 1
277,1 4
464,2 1
464,1 1
238,1 1
1430,1 1
612,1 1
1378,1 1
1204,1 1
591,3 2
934,1 1
591,2 1
591,1 1
178,2 1
1183,1 2
178,1 1
365,1 1
552,1 1
687,1 3
513,1 2
170,1 1
700,1 2
1105,3 1
1105,2 1
1105,1 1
835,1 1
63,1 1
492,1 1
266,3 1
266,2 1
24,2 5
266,1 7
24,1 1
453,1 3
640,1 1
1045,1 1
1232,2 3
1232,1 1
227,1 4
414,1 1
601,2 2
601,1 5
1367,1 1
736,1 2
393,1 1
1328,1 1
354,2 3
354,1 2
541,1 1
128,1 1
489,1 3
1320,2 5
1320,1 1
676,1 3
315,1 2
91,1 1
637,2 4
637,1 2
52,1 3
120,1 2
1416,1 1
1073,1 1
1260,1 1
442,1 1
1395,1 1
764,5 1
216,2 1
764,4 7
216,1 1
764,3 1
577,1 2
764,2 5
764,1 1
403,1 1
951,1 1
538,1 3
899,1 2
195,1 2
382,2 2
382,1 2
1317,1 1
530,5 1
156,1 2
530,4 2
530,3 4
530,2 6
49,4 1
530,1 6
49,3 3
1296,1 1
49,2 1
49,1 4
1483,1 1
117,1 2
1122,1 1
304,1 6
852,1 1
1257,1 1
1444,1 1
283,2 2
41,2 1
283,1 4
813,1 1
41,1 5
470,1 1
1062,1 1
948,1 2
792,1 1
1023,2 1
1023,1 1
909,1 1
1210,1 1
205,1 8
1158,1 1
527,5 5
527,4 25
527,3 26
527,2 8
527,1 7
888,1 1
371,1 2
1306,1 3
849,1 1
77,1 3
1150,1 1
693,1 3
332,1 2
1098,1 2
1059,5 1
467,1 6
1059,4 7
1059,3 1
1059,2 5
841,1 1
1059,1 1
1090,3 1
789,1 1
428,1 3
1433,1 1
1090,2 1
1090,1 1
615,1 3
30,3 3
30,2 17
802,1 1
30,1 23
1207,1 1
233,2 1
233,1 1
594,1 2
368,2 1
1373,1 1
368,1 1
742,1 2
516,1 2
1108,2 1
360,1 2
1469,1 1
1108,1 2
838,1 2
134,2 2
134,1 1
495,1 3
321,1 1
682,1 1
1274,1 1
1235,3 2
1235,2 5
1235,1 1
1422,1 1
604,1 4
965,1 2
739,1 1
926,1 2
357,2 1
357,1 1
1001,1 2
6,1 3
1136,1 1
94,5 1
94,4 7
94,3 1
94,2 2
505,1 1
866,1 2
94,1 4
1458,1 1
671,5 1
297,1 1
827,1 1
671,4 7
55,1 8
484,1 1
671,3 1
671,2 5
671,1 3
1419,1 1
1076,1 1
258,1 1
1263,1 1
16,2 4
16,1 9
632,1 1
1037,1 2
767,1 2
954,1 1
250,1 1
1359,1 1
198,1 4
728,1 3
915,1 1
159,1 4
1164,1 1
346,1 1
668,2 2
307,2 5
307,1 1
83,3 2
668,1 1
1312,1 1
83,2 2
83,1 6
151,1 1
1447,1 1
629,1 2
473,2 2
473,1 1
112,1 2
660,2 1
247,6 1
660,1 1
247,5 7
247,4 1
1065,1 1
247,3 8
247,2 1
247,1 2
1387,1 1
1026,1 1
569,1 2
208,1 2
756,2 1
756,1 1
943,1 2
1348,2 1
1348,1 1
187,1 2
717,1 1
904,3 3
904,2 1
374,1 3
904,1 3
1309,2 1
200,1 3
561,1 3
1309,1 2
148,3 1
148,2 7
148,1 2
335,1 2
696,1 1
1340,1 1
883,1 2
1288,1 2
1114,1 1
1301,2 1
1301,1 1
657,1 3
140,1 2
1093,5 1
1093,4 7
1093,3 1
1093,2 5
1093,1 3
618,1 1
275,2 3
275,1 5
101,2 1
462,1 2
101,1 7
423,5 1
423,4 7
423,3 1
423,2 5
610,4 1
423,1 1
610,3 7
610,2 1
1189,1 2
610,1 8
1202,1 1
558,1 3
932,1 2
519,1 1
1181,1 3
176,1 1
706,1 1
550,1 1
69,1 2
498,1 4
685,1 2
511,1 1
872,1 1
459,1 1
1103,1 1
646,2 1
646,1 1
61,1 3
1238,1 1
1082,2 1
1425,1 1
1082,1 1
968,1 1
264,1 2
451,2 2
22,1 1
451,1 6
399,3 1
399,2 1
929,2 1
399,1 8
1043,1 2
929,1 2
1230,1 1
586,1 2
773,1 1
1178,1 1
960,1 3
1004,1 1
547,3 4
547,2 6
547,1 2
734,1 1
391,1 1
921,1 1
1139,1 1
1,4 1
508,1 1
1,3 1
165,1 2
1,2 2
1,1 2
352,1 1
126,1 2
674,1 2
313,1 1
500,1 3
1453,1 1
448,1 1
822,1 1
1227,1 1
409,1 1
1071,1 2
957,1 1
440,1 3
214,4 1
1393,1 1
388,1 2
214,3 7
214,2 1
575,1 1
214,1 4
401,1 1
762,1 2
349,1 1
536,1 1
897,1 2
193,1 2
380,1 2
910,1 1
1128,1 1
154,1 2
289,2 1
289,1 2
819,1 1
47,1 3
476,1 2
115,1 3
1481,1 1
302,1 2
798,2 1
798,1 3
1442,1 1
281,2 2
281,1 2
1029,1 1
811,1 2
1403,4 1
1216,1 1
1403,3 7
1403,2 1
1403,1 1
242,2 1
242,1 1
790,1 1
1382,1 1
907,1 4
203,1 3
338,4 1
1156,1 4
338,3 7
338,2 4
338,1 4
886,2 5
886,1 1
1304,3 3
1304,2 1
1304,1 1
75,3 3
75,2 1
847,1 1
75,1 7
143,1 1
691,1 1
330,1 1
1283,1 1
36,2 1
36,1 3
465,1 1
652,2 2
652,1 4
1057,1 1
1244,1 1
426,1 3
787,1 1
1431,1 1
974,1 1
1205,4 1
1205,3 2
1018,1 1
1205,2 1
1205,1 1
748,1 1
231,1 4
1184,1 2
179,1 2
1332,3 4
1332,2 2
1332,1 1
327,1 6
514,1 2
875,1 1
1106,2 2
1106,1 1
132,4 1
132,3 7
680,4 1
836,1 1
132,2 1
680,3 2
132,1 5
680,2 2
680,1 1
1085,3 1
1085,2 1
1428,1 1
1085,1 1
1272,2 1
1272,1 1
25,1 5
1233,4 1
1046,1 1
1233,3 7
1233,2 1
1233,1 3
776,1 1
602,1 1
737,1 2
220,2 3
220,1 3
1173,1 1
4,1 1
355,1 1
1360,1 1
542,2 3
542,1 3
1134,1 2
316,2 1
1321,1 2
316,1 6
864,1 1
92,1 2
503,1 2
295,2 2
999,1 1
825,2 5
295,1 9
53,1 5
825,1 1
482,1 1
14,1 5
443,1 1
991,1 1
578,2 1
578,1 1
217,1 1
1357,5 1
765,1 3
404,1 4
1357,4 7
1357,3 1
1357,2 2
1357,1 1
539,1 1
196,1 2
726,1 3
913,1 2
89,1 2
344,1 1
892,2 10
892,1 4
479,1 7
666,2 1
305,1 1
666,1 1
1310,1 1
81,1 1
1445,1 1
814,1 1
42,1 1
1219,1 1
1406,1 1
793,3 1
245,1 1
793,2 2
793,1 1
980,1 1
1198,1 1
1024,1 1
206,1 2
941,1 1
1346,2 5
1346,1 1
185,2 1
1190,1 2
185,1 8
715,1 1
372,1 2
902,1 1
146,1 1
1151,1 2
694,1 3
39,4 5
881,1 1
39,3 25
39,2 26
39,1 7
1112,1 2
107,1 4
273,4 1
1434,1 1
273,3 7
803,4 1
977,1 2
273,2 1
803,3 7
31,2 1
273,1 3
803,2 1
31,1 6
803,1 2
460,1 1
1052,1 1
234,1 1
782,1 1
421,1 5
878,1 1
704,2 1
704,1 1
839,1 1
135,1 2
1140,1 1
322,1 3
870,1 1
1101,4 1
1275,1 1
1101,3 7
1101,2 1
28,1 1
1101,1 1
644,1 2
418,5 1
418,4 2
1236,1 1
418,3 3
1423,2 2
418,2 3
1423,1 1
779,1 3
418,1 2
605,1 2
966,1 1
262,1 4
20,1 1
397,2 1
397,1 6
223,1 1
584,1 1
771,1 3
1363,1 1
358,1 2
545,1 1
319,1 1
506,1 2
350,1 2
124,2 9
672,3 1
124,1 10
485,1 1
672,2 8
311,2 2
672,1 2
311,1 2
17,1 5
446,1 4
633,2 1
633,1 2
994,1 1
290,1 1
1399,1 1
820,1 1
1225,1 1
407,3 2
407,2 5
407,1 1
386,2 5
1391,1 2
386,1 5
212,1 2
760,3 2
573,1 3
760,2 1
760,1 1
1352,1 1
895,1 1
534,1 2
191,2 2
191,1 9
669,3 1
1487,1 1
1126,1 1
669,2 2
856,3 1
669,1 2
1313,1 2
308,1 2
856,2 2
856,1 2
152,1 1
287,1 3
45,1 2
817,1 1
474,1 2
113,1 1
248,5 1
661,1 1
248,4 7
248,3 1
248,2 8
248,1 1
1440,1 1
796,1 1
983,1 1
622,1 1
1027,1 2
1214,2 2
1214,1 1
757,1 1
1401,1 1
240,3 2
240,2 3
240,1 5
1349,1 1
1193,3 1
1193,2 7
1193,1 1
201,5 1
718,1 2
201,4 7
201,3 1
201,2 2
201,1 4
1154,3 2
149,2 2
1154,2 5
1154,1 1
149,1 7
1341,1 1
523,2 9
523,1 9
710,1 2
1476,1 1
73,5 1
73,4 2
1302,1 1
73,3 3
73,2 3
73,1 2
845,1 1
1437,1 1
1281,1 1
34,1 2
650,1 2
1055,1 1
598,1 1
237,1 3
1242,1 1
785,1 1
424,1 3
972,1 1
1377,2 1
1016,1 1
1377,1 1
1203,2 1
1203,1 2
746,1 3
1338,1 1
1143,1 1
325,3 2
138,1 6
325,2 5
1330,1 2
325,1 5
1278,1 1
647,5 1
647,4 7
647,3 1
647,2 4
647,1 4
130,4 2
130,3 4
130,2 8
834,1 2
130,1 15
491,1 1
1426,2 1
1426,1 1
1083,1 1
1270,1 1
1044,1 1
1231,1 1
413,1 1
961,1 2
1005,1 1
548,2 4
548,1 6
1327,1 1
509,2 5
509,1 1
98,1 3
1171,1 1
2,1 1
59,1 2
488,1 3
90,2 1
90,1 1
501,1 2
862,1 2
1267,1 3
636,3 4
636,2 2
636,1 1
997,1 3
51,2 3
293,1 2
51,1 2
480,1 2
958,1 1
254,1 1
12,1 6
576,1 4
724,2 6
724,1 3
381,2 2
381,1 5
87,5 1
1129,1 2
87,4 2
1316,1 1
87,3 2
87,2 5
87,1 11
342,1 1
890,1 2
664,1 1
1256,2 1
1256,1 1
438,1 1
986,2 1
986,1 1
625,1 1
282,1 1
812,1 1
1061,1 1
243,1 1
791,1 1
430,1 2
1196,2 1
1196,1 1
378,1 2
565,2 1
565,1 3
887,2 6
183,2 2
887,1 5
183,1 5
713,1 1
370,2 2
370,1 1
900,1 1
1305,3 3
1118,1 1
1305,2 4
1305,1 1
692,2 1
1097,3 1
692,1 1
1097,2 2
1097,1 2
279,1 1
1284,1 1
809,2 5
809,1 1
37,1 1
1110,1 2
105,1 3
1058,1 2
1245,1 1
975,2 1
975,1 1
271,1 2
1206,3 1
1206,2 2
1206,1 1
749,1 1
1050,1 2
936,1 2
593,1 3
1185,1 1
1011,1 1
554,2 2
554,1 2
741,2 3
741,1 1
1146,1 1
1333,1 1
689,1 1
172,2 2
702,2 2
172,1 8
702,1 2
1107,1 1
65,1 2
681,3 1
681,2 2
320,1 3
681,1 2
1086,2 5
1086,1 1
1273,2 1
1273,1 1
268,1 2
26,1 1
455,1 1
642,1 1
1234,1 1
229,1 4
416,1 3
964,1 2
260,1 2
395,4 2
395,3 9
395,2 3
395,1 4
582,2 1
925,1 1
582,1 4
169,2 1
169,1 1
1361,1 1
356,1 1
730,1 1
865,4 1
317,1 3
865,3 7
678,1 1
865,2 1
865,1 3
161,1 5
826,1 2
122,1 2
1262,3 2
1262,2 5
1262,1 1
631,2 1
631,1 2
218,1 2
1223,1 3
579,1 1
953,1 1
384,2 1
384,1 5
210,2 3
210,1 4
571,1 1
1350,1 1
893,1 1
532,1 1
119,2 3
1124,1 1
119,1 1
667,1 1
854,1 3
43,4 1
989,1 2
43,3 7
43,2 1
285,1 6
815,1 1
43,1 4
1251,1 1
433,1 2
794,1 8
620,1 1
568,1 1
755,1 2
942,2 1
942,1 1
1347,1 1
529,2 2
903,5 1
529,1 2
186,1 1
903,4 7
903,3 1
903,2 2
903,1 2
79,3 2
79,2 9
1152,2 1
79,1 3
1152,1 1
521,1 1
1287,1 1
1474,1 1
469,1 1
1113,1 1
656,2 1
656,1 1
71,1 1
978,5 1
978,4 1
1435,1 1
32,5 1
978,3 2
978,2 2
32,4 7
1092,1 2
32,3 1
978,1 2
617,1 3
32,2 2
274,1 1
100,3 1
804,1 1
32,1 9
100,2 7
100,1 1
235,5 1
235,4 7
1053,1 2
235,3 1
596,2 1
235,2 2
596,1 1
1240,1 2
235,1 4
783,1 1
422,1 1
1188,2 5
1188,1 1
970,1 6
1201,4 1
1201,3 7
1014,1 2
1201,2 1
557,2 3
1201,1 1
557,1 1
744,1 1
1336,1 2
518,2 8
518,1 4
175,1 1
705,1 1
362,1 1
68,1 3
497,2 1
497,1 2
136,1 1
