871,1 1
1276,1 1
29,1 5
1463,1 1
1102,1 2
60,4 1
832,4 1
645,1 1
832,3 7
60,3 7
60,2 1
832,2 1
832,1 2
60,1 6
1424,1 1
967,1 2
263,1 1
398,2 2
398,1 5
928,1 3
224,2 3
585,1 2
224,1 4
772,1 1
1003,1 1
359,1 1
8,1 2
546,1 2
390,1 3
1499,1 1
1138,1 1
920,1 1
96,2 1
96,1 1
0,3 1
0,2 3
0,1 4
299,2 2
299,1 2
829,1 1
673,1 2
860,1 3
1265,1 1
18,2 4
18,1 9
634,1 6
408,2 1
408,1 3
10,5 1
10,4 7
10,3 1
10,2 2
10,1 14
387,1 2
1031,1 2
917,1 1
213,1 2
400,2 2
400,1 2
1166,1 1
1353,2 5
1353,1 1
535,1 3
1127,1 2
309,1 1
857,1 3
46,2 1
818,1 1
46,1 5
1480,1 1
301,2 2
301,1 5
1067,1 2
249,2 1
436,4 1
249,1 1
436,3 3
436,2 4
436,1 1
623,1 1
280,1 2
810,1 1
1215,2 5
1215,1 1
1402,2 1
1402,1 2
945,1 1
719,1 3
1020,1 2
563,2 4
906,1 1
563,1 6
750,1 3
1155,1 1
1342,1 1
337,1 1
698,1 2
524,1 2
181,1 1
1116,3 1
1116,2 1
1116,1 1
659,2 4
659,1 2
846,1 1
74,1 2
142,1 1
690,2 1
690,1 1
1095,1 1
1282,1 1
464,2 2
807,1 3
464,1 6
651,1 2
1243,1 1
425,3 2
425,2 5
786,1 1
1430,1 1
425,1 1
612,1 2
1378,1 1
1204,1 1
230,4 1
747,1 2
230,3 7
934,1 1
230,2 1
591,1 1
230,1 4
365,1 7
552,1 3
170,1 4
700,1 3
1105,1 1
835,1 1
131,2 9
131,1 10
609,3 2
609,2 1
1084,1 1
609,1 1
266,1 1
24,1 2
640,1 1
1232,3 1
1232,2 2
414,4 2
227,1 3
1232,1 1
414,3 9
414,2 3
414,1 4
1367,3 4
1367,2 2
1367,1 1
736,1 2
1328,1 1
1515,1 1
1172,1 1
167,1 2
541,2 2
541,1 2
676,2 2
676,1 4
1320,1 1
315,1 1
863,1 1
502,1 3
998,1 3
52,1 3
1229,2 1
120,1 1
1229,1 2
1073,1 1
442,1 3
216,4 1
1034,1 1
216,3 7
216,2 1
216,1 2
577,1 3
1169,1 1
538,5 5
538,4 25
1356,1 1
538,3 26
538,2 8
195,2 1
538,1 7
195,1 5
725,1 2
88,3 2
1317,1 1
88,2 9
88,1 3
1161,1 2
530,1 1
1483,1 1
665,1 2
80,1 1
439,5 1
439,4 7
439,3 1
439,2 5
439,1 1
626,1 2
41,2 1
41,1 3
813,1 1
1405,1 1
792,5 1
948,1 2
792,4 7
792,3 1
792,2 5
792,1 1
431,1 1
1384,2 1
1384,1 1
909,1 1
1210,1 2
205,1 2
1345,1 2
184,2 2
527,1 2
184,1 8
714,1 1
371,1 2
1306,1 1
849,1 1
77,1 3
1150,1 1
145,1 6
693,3 1
693,2 2
332,2 1
693,1 2
332,1 6
1098,1 2
106,2 1
1472,1 1
106,1 7
654,2 1
654,1 2
841,1 2
789,3 2
789,2 1
789,1 1
1090,1 1
976,1 1
30,1 3
937,1 1
594,2 1
233,1 1
594,1 1
420,1 1
1012,5 1
1012,4 1
1012,3 2
1012,2 2
1373,1 2
1012,1 2
1147,1 1
329,1 1
1334,1 1
877,1 1
1521,1 1
516,1 1
66,1 3
495,1 1
1461,2 2
1461,1 1
456,1 1
1048,1 1
830,1 3
261,6 1
261,5 7
778,1 1
261,4 1
261,3 8
261,2 1
604,1 2
261,1 2
1009,2 1
1009,1 1
739,1 1
396,1 1
222,1 2
770,1 2
1175,1 1
1362,1 1
6,1 3
1001,1 2
544,1 1
731,1 1
1497,2 1
1497,1 1
1136,1 2
94,5 1
679,2 1
94,4 2
679,1 1
94,3 2
94,2 5
505,1 1
866,1 2
94,1 11
162,1 1
297,1 1
484,1 1
671,1 2
258,2 1
258,1 1
1263,1 1
632,4 1
16,1 5
1450,1 1
632,3 7
632,2 1
993,1 1
632,1 8
1398,1 1
1037,1 1
1224,1 1
219,1 8
1411,1 1
406,1 2
250,1 1
198,1 1
211,5 1
211,4 7
211,3 1
1390,1 1
915,1 2
211,2 5
572,1 3
211,1 11
159,3 1
159,2 7
159,1 2
894,4 1
894,3 7
894,2 1
190,2 1
1125,5 1
894,1 3
190,1 1
1125,4 7
668,5 1
1125,3 1
668,4 7
1125,2 5
668,3 1
1125,1 3
1486,1 1
83,4 1
668,2 4
83,3 3
668,1 4
307,1 3
83,2 4
855,1 2
83,1 2
44,4 5
44,3 25
1291,1 1
44,2 26
44,1 7
1252,1 1
247,1 4
795,1 2
621,1 1
1387,1 1
569,2 2
569,1 2
208,1 2
756,1 3
187,1 1
717,2 1
1192,1 1
717,1 1
1309,2 2
1309,1 1
1153,1 1
696,3 1
148,1 3
696,2 8
696,1 2
335,1 1
522,1 1
1475,1 1
844,1 1
140,2 2
72,1 1
140,1 1
1093,5 1
1249,1 3
1093,4 7
1093,3 1
1093,2 5
618,2 2
1093,1 1
1280,2 1
618,1 5
1280,1 1
275,1 2
462,1 1
1054,1 1
236,2 3
597,1 1
236,1 3
784,1 2
971,1 2
1189,1 1
706,4 1
706,3 2
1524,1 1
519,1 1
706,2 2
176,1 2
1181,1 4
706,1 1
363,1 1
550,1 1
685,1 1
511,1 3
1464,2 1
1464,1 1
61,3 1
61,2 7
833,1 1
61,1 1
490,1 2
1082,1 2
22,1 1
399,1 2
929,1 1
1230,1 1
412,1 1
1178,2 1
960,1 2
1178,1 1
734,1 1
1139,1 1
508,2 1
1513,1 1
97,1 1
508,1 2
1,4 1
869,1 1
165,1 2
1,3 1
1,2 2
1,1 2
352,1 2
1131,3 1
58,2 3
487,2 2
126,2 3
1131,2 1
58,1 2
126,1 1
1492,1 1
487,1 1
1131,1 1
313,1 2
674,1 2
500,1 1
1266,1 1
19,1 5
1453,1 1
292,2 1
996,1 2
822,3 1
292,1 5
1227,4 1
822,2 2
822,1 1
1227,3 7
50,1 2
1227,2 1
1227,1 1
253,1 3
440,1 3
388,1 2
918,2 5
918,1 1
214,1 1
762,1 2
1354,1 2
349,1 1
723,4 2
897,1 1
193,2 2
723,3 5
193,1 5
723,2 1
723,1 2
380,1 1
1315,1 1
154,2 1
1502,1 1
86,1 3
154,1 2
289,4 1
289,3 7
289,2 1
289,1 3
47,1 1
819,1 2
476,2 1
1120,2 1
1481,1 1
476,1 1
1120,1 1
663,1 1
1442,4 1
1255,1 1
1442,3 7
1442,2 1
1442,1 1
811,1 1
1029,1 1
759,3 1
1216,1 2
759,2 3
759,1 1
790,5 1
790,4 1
790,3 2
790,2 2
790,1 2
377,1 1
203,2 2
203,1 9
338,1 5
886,3 1
886,2 2
886,1 2
525,1 2
712,1 3
1117,2 5
1117,1 1
1478,1 1
847,2 2
847,1 8
691,1 1
1439,1 1
36,3 3
36,2 17
278,1 4
104,3 1
36,1 23
104,2 1
104,1 2
1470,1 1
652,2 1
652,1 2
1057,1 1
239,1 1
1431,1 1
270,1 1
800,1 3
1379,1 2
1205,1 1
748,2 6
748,1 3
592,1 4
1527,1 1
1184,1 1
366,1 1
1371,1 1
553,1 1
327,2 2
688,1 1
327,1 2
875,1 1
514,1 2
1467,1 1
64,1 4
493,1 2
1428,1 2
1272,1 1
454,1 3
1046,1 1
1233,1 1
589,1 3
776,1 2
963,2 1
963,1 2
602,1 1
1368,1 1
394,1 5
924,2 8
581,2 1
924,1 4
581,1 3
220,1 2
355,4 1
542,5 1
355,3 7
355,2 4
542,4 2
4,1 1
1360,1 1
355,1 4
542,3 4
542,2 6
542,1 6
1134,2 1
1134,1 2
129,1 2
92,3 1
92,2 3
160,2 2
864,1 1
92,1 9
160,1 7
1269,1 2
638,1 3
295,2 3
825,2 1
295,1 4
825,1 3
482,1 6
1417,1 1
256,3 2
1074,1 2
1261,2 3
256,2 3
1261,1 1
256,1 5
14,1 6
1396,5 1
1396,4 7
991,1 1
1396,3 1
1396,2 2
1396,1 1
1222,2 1
217,1 3
1222,1 1
765,2 1
404,2 5
404,1 5
765,1 1
913,1 1
157,1 1
1162,1 1
344,1 6
1297,3 2
892,1 2
1297,2 5
1297,1 1
1484,1 1
1123,1 2
118,1 2
305,2 1
305,1 2
1258,1 1
988,4 1
988,3 7
1445,1 1
988,2 1
988,1 3
627,1 4
284,1 2
42,1 1
471,2 1
1219,3 1
110,1 1
471,1 1
1219,2 7
1219,1 1
1063,1 1
245,1 4
793,1 3
1198,1 2
1385,1 1
567,1 1
206,1 2
1211,1 2
754,1 1
1346,1 1
372,1 1
333,1 3
520,2 5
520,1 1
39,1 2
468,1 1
655,1 3
70,1 1
842,1 1
429,1 1
977,2 1
1091,1 2
616,1 1
977,1 1
273,1 1
460,1 4
1208,1 3
938,5 1
938,4 7
938,3 1
938,2 2
938,1 2
234,1 2
595,1 3
369,2 1
369,1 1
556,1 1
1200,1 1
743,1 1
517,1 2
704,1 1
361,1 1
1109,1 1
839,2 5
839,1 1
683,3 1
683,2 1
683,1 1
322,1 6
1088,1 1
1275,1 1
28,2 5
28,1 1
457,1 1
1462,1 1
644,1 1
1236,1 1
418,3 1
418,2 1
262,5 1
262,4 7
418,1 8
262,3 1
262,2 8
262,1 1
20,2 2
20,1 14
1041,1 1
927,1 1
584,1 1
410,1 1
1176,1 2
1363,1 1
867,1 1
163,1 1
56,1 6
124,1 2
311,2 2
311,1 9
1077,1 1
1264,3 2
1264,2 5
259,1 1
1264,1 1
446,1 2
994,1 1
290,1 2
1399,1 1
820,1 1
251,5 1
768,1 1
251,4 7
251,3 1
955,1 1
251,2 2
251,1 4
199,1 2
729,2 1
729,1 1
386,2 2
573,3 1
1391,1 1
386,1 1
573,2 4
573,1 5
760,1 1
1165,1 1
347,1 2
534,2 7
895,1 2
534,1 9
191,1 2
1126,3 1
721,1 1
1126,2 2
1126,1 2
84,3 1
84,2 1
84,1 7
152,1 1
287,1 2
817,1 1
113,1 4
474,1 2
300,1 1
661,1 1
435,5 1
435,4 2
435,3 4
435,2 3
435,1 2
1440,1 1
622,2 1
622,1 1
983,1 2
1027,1 3
1388,1 1
1401,1 1
944,1 1
240,1 8
1349,1 1
188,1 2
718,1 2
375,1 2
562,3 4
201,2 1
562,2 6
201,1 2
562,1 2
1154,1 2
1341,2 1
1341,1 2
336,1 3
180,2 1
884,1 3
180,1 1
710,1 2
1115,2 1
658,3 4
1115,1 1
658,2 2
658,1 1
1302,1 3
141,1 2
1437,1 1
1094,1 1
276,1 1
463,2 8
34,1 1
102,1 3
463,1 3
785,2 1
785,1 1
611,1 3
1377,1 1
559,1 1
933,1 2
590,2 1
590,1 1
1338,1 3
707,3 1
707,2 2
707,1 2
138,4 1
138,3 7
138,2 1
1143,1 1
499,1 1
138,1 5
325,2 5
325,1 1
686,1 3
512,1 2
1104,1 1
1465,1 1
647,1 1
62,1 8
1270,5 1
1426,1 1
1270,4 7
1270,3 1
969,1 1
1270,2 3
1270,1 2
265,1 1
452,1 1
1231,4 1
1231,3 2
1044,1 2
1231,2 1
226,1 2
587,1 1
1231,1 1
774,1 3
1179,3 2
600,2 1
1179,2 5
1179,1 1
600,1 4
1366,1 2
1005,1 6
392,1 2
98,5 1
922,1 2
98,4 7
98,3 1
98,2 2
509,1 4
98,1 4
2,1 1
1132,2 2
59,1 3
127,1 2
1132,1 1
488,1 2
90,3 2
90,2 2
501,1 3
862,1 2
90,1 8
449,1 1
636,1 3
823,1 8
480,1 1
1072,4 1
1228,1 1
1072,3 3
1415,1 1
1072,2 3
1072,1 1
958,1 1
254,1 1
12,1 3
215,5 1
215,4 7
1394,1 1
919,2 6
215,3 1
919,1 5
215,2 2
1220,1 1
215,1 4
402,2 1
763,1 2
402,1 5
950,1 1
1129,4 1
1129,3 7
1129,2 1
1129,1 1
911,1 2
1503,1 1
342,3 2
342,2 5
342,1 5
48,4 1
48,3 7
48,2 1
1295,1 1
1121,3 1
1121,2 1
48,1 4
1121,1 1
477,1 1
303,1 6
851,1 1
799,1 1
438,1 5
282,3 1
986,1 1
282,2 1
625,1 4
282,1 7
1217,1 2
243,1 4
1196,1 1
1383,2 5
1383,1 1
1022,1 1
565,1 1
752,2 1
752,1 2
1344,1 1
887,1 1
370,1 1
900,1 4
848,1 2
692,2 2
692,1 1
331,1 2
37,2 1
1284,1 1
37,1 6
105,2 1
1471,1 1
466,1 3
105,1 1
653,1 1
1058,1 1
427,3 1
1245,1 1
427,2 2
427,1 2
614,2 1
614,1 1
1050,1 1
936,1 1
232,2 1
232,1 1
593,1 2
780,1 2
367,1 2
1011,1 2
554,1 1
741,1 1
1333,2 1
1333,1 1
172,1 5
702,1 2
1468,1 1
133,1 2
681,1 3
320,1 2
1429,1 1
1086,1 2
1273,1 1
268,1 3
26,1 1
1460,1 1
642,1 1
416,2 1
777,1 1
416,1 6
1008,1 1
925,1 1
1000,1 2
730,1 1
1135,1 2
317,1 2
504,2 1
504,1 2
1457,1 1
54,4 1
639,1 1
54,3 3
54,2 1
54,1 4
122,1 3
1262,4 1
1418,1 1
1075,1 1
1262,3 7
1262,2 1
1262,1 3
444,1 3
579,3 2
579,2 3
579,1 8
766,1 2
197,2 1
727,2 2
197,1 8
384,2 1
727,1 2
384,1 1
571,2 3
210,1 1
571,1 1
1319,1 1
532,1 1
1298,1 1
82,5 1
667,2 1
82,4 2
306,1 1
667,1 1
1311,1 1
82,3 4
854,2 5
82,2 3
854,1 1
82,1 2
150,1 1
1259,1 1
989,1 1
1290,2 1
1290,1 1
815,1 1
472,1 1
111,1 3
1251,2 1
1251,1 1
433,1 3
981,1 1
1386,1 1
1212,1 1
942,1 4
529,2 8
529,1 4
716,1 1
903,1 1
1308,2 1
1308,1 1
695,5 1
79,1 3
695,4 7
695,3 1
1152,1 1
695,2 5
695,1 3
521,2 2
882,1 1
521,1 3
1300,1 2
656,1 1
843,1 1
1435,4 1
1435,3 7
1435,2 1
1435,1 1
978,1 2
804,1 1
32,1 1
100,1 2
1053,2 1
1053,1 1
939,1 1
1240,2 2
1240,1 1
422,1 4
1014,1 1
1375,1 1
557,2 3
557,1 3
744,1 1
931,1 2
1336,3 3
1336,2 4
1336,1 1
879,1 1
1180,1 2
136,4 2
1141,3 7
136,3 4
1141,2 9
68,1 2
136,2 8
497,1 1
1141,1 1
136,1 15
684,2 1
684,1 1
323,1 1
