[1043, 110]
[295, 86]
[737, 738]
[1389, 306]
[465, 466]
[501, 1102]
[523, 75, 741]
[693, 880]
[561, 153]
[671, 132, 100, 101, 1046, 1064]
[1193, 101]
[130, 240]
[399, 189, 190]
[446, 1303]
[970, 1162]
[220, 755]
[1156, 109]
[1265, 1269]
[904, 557, 558, 1485]
[1193, 101, 142]
[1305, 210, 227, 597]
[632, 981]
[818, 1002]
[376, 377]
[1059, 132, 145]
[124, 66]
[39, 30, 628]
[316, 190]
[193, 194]
[495, 864]
[1014, 1015]
[1116, 523, 204]
[316, 320, 139]
[779, 429]
[1426, 362]
[702, 339]
[523, 1456]
[1262, 183, 195, 831]
[140, 1318]
[518, 205, 607]
[52, 1131]
[1265, 1266]
[495, 864, 496]
[563, 510, 342, 343]
[69, 70]
[803, 1100]
[1097, 798, 822]
[289, 290]
[172, 195]
[852, 853]
[237, 139]
[224, 770]
[198, 199]
[308, 309]
[868, 869]
[201, 202, 100, 101, 1046]
[864, 496]
[1327, 110]
[240, 592]
[636, 637, 229, 559]
[390, 362]
[100, 101, 142]
[138, 369]
[1116, 523, 1456]
[418, 419, 0, 633]
[527, 39, 30, 364]
[826, 168]
[214, 303]
[287, 288]
[262, 880]
[736, 665]
[903, 803, 100]
[287, 373]
[210, 227, 597]
[79, 191, 268, 1010]
[970, 1032]
[685, 686]
[295, 195, 992]
[1101, 100, 101, 1472]
[739, 740]
[671, 132, 100, 101, 457]
[715, 5]
[172, 195, 992]
[1413, 1414]
[357, 305, 306]
[75, 741, 495, 864]
[53, 947]
[360, 361]
[671, 132, 100, 101, 1298]
[762, 918]
[262, 310]
[904, 905]
[1085, 242]
[235, 202, 100, 101, 1298]
[30, 266, 1293]
[0, 689, 690]
[761, 1, 1206, 633, 346, 347]
[16, 817, 537]
[451, 195]
[1093, 1158, 66]
[1155, 911]
[1214, 293]
[156, 244]
[195, 992]
[395, 79, 191, 526]
[460, 461]
[1116, 523, 75, 184]
[399, 385]
[1116, 523, 1369]
[203, 204]
[74, 0, 1, 1206]
[857, 858]
[1306, 110]
[371, 596]
[885, 272]
[698, 1154, 381]
[283, 1033]
[83, 554]
[1190, 1191]
[130, 158]
[698, 1154, 381, 781]
[660, 492]
[36, 37, 174]
[1233, 110]
[130, 110]
[594, 1326]
[1097, 798, 822, 823]
[132, 100, 101, 1400]
[547, 548, 558]
[107, 339]
[1419, 1420]
[1093, 132]
[1059, 132, 100]
[39, 30, 17, 1034]
[606, 582, 228]
[794, 1255]
[790, 29]
[574, 575, 439]
[659, 660, 492, 493]
[680, 681]
[140, 141]
[1188, 25]
[450, 75, 741, 495]
[30, 38]
[119, 47, 1006]
[1193, 101, 1400]
[1083, 1084]
[382, 605, 3]
[26, 27]
[169, 170]
[156, 157]
[418, 419, 0]
[548, 980]
[527, 39, 30, 1187]
[892, 75, 270]
[610, 100, 101, 1298]
[519, 520]
[390, 458, 362, 363]
[16, 17, 589]
[476, 477]
[606, 582, 227]
[523, 1369]
[30, 17, 1034]
[87, 49, 733, 798]
[764, 132]
[148, 149, 500, 873]
[736, 318]
[1093, 132, 100, 101, 1472]
[428, 429]
[32, 202]
[327, 385]
[424, 405]
[170, 236]
[65, 66]
[530, 381, 811, 1282]
[107, 204]
[554, 1087]
[972, 82]
[896, 286]
[235, 202, 100, 101, 1472]
[205, 301]
[390, 458]
[506, 507]
[610, 1008]
[39, 79, 191, 268, 1010]
[16, 817]
[130, 578, 484, 9]
[202, 100, 101, 1046]
[293, 294]
[85, 129]
[395, 79, 191, 268, 269]
[907, 272]
[130, 578, 484]
[1214, 293, 294]
[293, 956]
[161, 882]
[187, 188]
[248, 610, 100, 101, 1046, 1064]
[105, 1324]
[593, 84]
[407, 183, 195]
[854, 950]
[622, 163]
[1214, 293, 956]
[1059, 132, 100, 101, 142]
[149, 500, 455]
[696, 697]
[765, 339]
[523, 495, 635]
[386, 25]
[185, 186, 721]
[79, 191]
[1357, 803, 100]
[227, 583]
[74, 0, 1, 1206, 633, 346]
[672, 185, 556]
[601, 339]
[1359, 437]
[404, 168]
[450, 75, 741, 495, 864]
[726, 727]
[149, 500, 456]
[523, 75]
[39, 30, 31, 58]
[43, 44]
[206, 1051]
[73, 761, 1, 689]
[100, 101, 1046, 1064]
[130, 1439]
[275, 1259]
[1116, 523, 75, 741, 495, 635]
[510, 152]
[761, 1120]
[1304, 557, 558, 1247]
[311, 195]
[320, 190]
[423, 132, 100, 101, 1298]
[52, 431]
[604, 110]
[910, 911]
[87, 680, 681, 798]
[1201, 100, 101, 1472]
[532, 533]
[668, 360, 361]
[132, 1228]
[978, 1, 689]
[450, 75, 741, 495, 864, 496]
[464, 170]
[407, 183, 1402]
[12, 1036]
[1050, 66]
[582, 1030]
[338, 100, 101]
[214, 215]
[1481, 585]
[1447, 1448]
[39, 30, 31, 56]
[87, 49, 733]
[224, 110]
[30, 31]
[274, 267]
[921, 405]
[285, 58]
[1067, 504]
[372, 1212]
[395, 79]
[87, 680, 681, 798, 822]
[421, 638]
[224, 56]
[273, 100]
[1188, 25, 1371]
[610, 100, 101, 167]
[74, 0]
[530, 680, 681, 798]
[1, 689]
[130, 240, 510, 152, 153]
[970, 1209]
[295, 173]
[390, 362, 363]
[386, 808]
[794, 967]
[1, 689, 690]
[201, 95]
[1203, 1249]
[1098, 267]
[791, 272]
[16, 17, 807]
[55, 385]
[307, 25, 475]
[87, 49, 1294]
[829, 1358]
[527, 39, 30, 38]
[39, 79, 191]
[120, 121]
[0, 1, 689, 690]
[606, 582, 227, 583]
[275, 495, 864]
[423, 132, 100, 101, 1472]
[317, 665]
[18, 1384]
[189, 190]
[395, 79, 1480]
[1059, 132, 100, 101, 1046]
[667, 155]
[214, 100, 101, 1046]
[601, 195, 992]
[240, 510, 342, 343]
[98, 1109]
[138, 190]
[1201, 100, 101, 1298]
[895, 9]
[1061, 298]
[399, 189, 1340]
[681, 801]
[796, 797]
[892, 75, 766]
[578, 484, 9]
[260, 133]
[1029, 731]
[509, 25, 213]
[30, 628]
[652, 653]
[892, 495]
[671, 132, 100, 101, 142]
[247, 248, 610, 611]
[399, 1022]
[30, 384, 152]
[338, 100, 101, 142]
[299, 1149]
[1001, 1002]
[189, 1340]
[205, 600]
[73, 74, 0, 633, 346]
[527, 39]
[1310, 1000]
[467, 732]
[451, 195, 831]
[482, 483]
[903, 803, 100, 101, 1472]
[1106, 195, 831]
[212, 110]
[1116, 523, 9]
[809, 25, 236]
[724, 224]
[986, 391, 392]
[1093, 132, 100, 101, 1046, 1064]
[291, 292]
[527, 39, 30, 384, 152, 153]
[1151, 272]
[214, 100, 101, 1400]
[235, 202, 100, 101, 142]
[1, 1206, 633, 346, 347]
[30, 384, 56]
[105, 106]
[694, 695]
[1352, 298]
[719, 720]
[0, 1, 1206]
[202, 100, 101]
[838, 286]
[130, 646]
[1275, 1276]
[295, 400]
[561, 1408]
[672, 185, 649]
[509, 25, 1371]
[12, 494]
[606, 582, 1030]
[547, 548, 558, 1485]
[498, 909]
[178, 1166]
[453, 341]
[450, 75, 76]
[307, 25, 213]
[220, 37]
[724, 224, 110]
[1042, 9]
[527, 39, 30, 1319]
[1156, 938]
[746, 747]
[841, 5]
[25, 1040]
[85, 195, 992]
[527, 902]
[1256, 91, 329]
[1116, 523, 75]
[87, 1145]
[395, 190]
[657, 658]
[1320, 25, 1371]
[764, 132, 1228]
[386, 25, 213]
[657, 525]
[325, 326]
[317, 318]
[419, 0, 633, 346, 347]
[1089, 571, 402]
[1256, 91]
[497, 250]
[563, 1473]
[130, 1390]
[100, 101, 1298]
[1377, 448]
[886, 421, 15]
[134, 135]
[1089, 571]
[1378, 912]
[393, 394]
[240, 778]
[0, 1, 1206, 633, 346, 347]
[530, 381]
[527, 39, 30, 31]
[1325, 979]
[757, 758]
[671, 132, 1228]
[316, 320]
[395, 79, 191]
[1330, 1161]
[271, 29]
[509, 25, 475]
[390, 458, 362]
[530, 381, 1407]
[741, 495, 864, 496]
[1357, 803, 100, 101, 1298]
[124, 588]
[10, 341]
[443, 444]
[1317, 483]
[149, 340]
[210, 597]
[132, 100, 101, 1046]
[977, 363]
[856, 798, 822]
[1065, 1066]
[1193, 101, 1046]
[17, 807]
[1116, 523, 5]
[1426, 362, 363]
[761, 1, 1206, 633, 346]
[1193, 101, 457]
[545, 546]
[1097, 801]
[1057, 9]
[0, 633, 346]
[451, 102]
[1346, 25, 236]
[527, 39, 30, 266, 452]
[74, 0, 1, 689, 690]
[87, 680, 681, 801]
[115, 1241]
[165, 166]
[760, 134, 135]
[285, 9]
[978, 1, 1206, 633, 690]
[671, 132, 133]
[1205, 1206, 633, 346, 347]
[1210, 1211]
[247, 248, 610, 100, 101, 1298]
[724, 445]
[87, 343]
[39, 30, 665]
[825, 25, 1371]
[39, 30, 266, 267]
[395, 79, 191, 256]
[892, 75, 741, 495, 864]
[39, 79]
[1206, 633]
[79, 191, 268]
[886, 421, 928]
[6, 850]
[529, 195]
[698, 1154, 381, 811, 1215]
[94, 202, 100, 101]
[39, 996]
[527, 39, 30, 31, 58]
[247, 248, 610]
[897, 1478]
[527, 1277]
[423, 132, 133]
[866, 867]
[386, 25, 475]
[1304, 557, 558, 1025]
[39, 30]
[214, 100, 101, 142]
[416, 688]
[541, 29]
[839, 840]
[41, 42, 367]
[371, 1454]
[713, 265]
[485, 267]
[870, 82]
[606, 582, 227, 228]
[594, 595]
[1203, 1018, 1019]
[1305, 210]
[479, 123]
[934, 679]
[582, 227, 1030]
[391, 392]
[30, 384, 58]
[903, 803, 100, 101, 167]
[960, 1365]
[1233, 100, 101, 167]
[100, 101, 1472]
[138, 56]
[32, 33]
[224, 163]
[1114, 1115]
[647, 202, 100, 101, 167]
[73, 74, 0, 633, 346, 347]
[376, 1295]
[978, 1, 1206, 633, 346, 347]
[1, 1206]
[338, 100, 101, 1400]
[1305, 210, 597]
[527, 39, 79, 191, 268]
[75, 1376]
[43, 100, 101, 1472]
[248, 610, 66]
[39, 30, 384, 385]
[348, 654]
[671, 132, 100, 101, 1472]
[1332, 637]
[644, 1087]
[87, 919]
[266, 944]
[565, 566]
[974, 141]
[39, 30, 178]
[563, 1163]
[124, 59, 1461]
[794, 795]
[527, 39, 30, 31, 56]
[547, 548, 515]
[782, 1172]
[692, 234]
[374, 375]
[523, 495, 496]
[418, 978, 1]
[480, 481]
[1251, 1252]
[1341, 400]
[348, 522]
[883, 884]
[172, 851]
[229, 559]
[130, 1130]
[1105, 596, 371]
[382, 383]
[523, 75, 741, 495, 864]
[30, 266, 452]
[98, 150]
[149, 1405]
[181, 204]
[467, 468]
[1230, 66]
[994, 995]
[571, 402]
[803, 100, 101, 1298]
[1357, 803, 100, 101, 142]
[17, 589]
[1116, 523, 75, 270]
[247, 248]
[1053, 504]
[315, 163]
[827, 82]
[888, 889]
[348, 56]
[596, 371]
[978, 1, 1206, 633, 346]
[85, 296]
[518, 205, 600]
[18, 432]
[247, 248, 610, 100, 101, 1472]
[547, 877]
[1416, 1417]
[149, 455, 456]
[201, 202, 100, 101, 167]
[726, 5]
[1201, 100, 101, 167]
[16, 17, 1034]
[73, 74, 0, 633, 690]
[530, 680, 681, 798, 822, 823]
[1193, 101, 1046, 1064]
[365, 366]
[756, 602, 385]
[260, 261]
[214, 100, 101, 457]
[273, 100, 101, 142]
[12, 104]
[764, 132, 100, 101]
[307, 25, 1371]
[534, 232]
[395, 29]
[467, 684]
[1190, 1331]
[610, 100, 101, 1472]
[997, 998]
[154, 155]
[41, 42]
[407, 183, 670]
[368, 362]
[39, 30, 266]
[159, 549]
[283, 65, 66]
[530, 680, 681, 801]
[14, 367]
[530, 381, 1142]
[205, 607]
[1093, 132, 100, 101, 1298]
[304, 908]
[18, 257]
[423, 132, 261]
[776, 777]
[0, 633, 690]
[183, 204]
[16, 324]
[338, 537]
[43, 100, 101, 1298]
[1011, 1012]
[386, 1007]
[266, 178, 1166]
[647, 202, 1075]
[395, 79, 191, 607]
[423, 132, 100, 101]
[903, 803, 100, 101, 1298]
[65, 109]
[47, 1006]
[724, 224, 770]
[254, 255]
[681, 798]
[235, 202, 100, 101, 457]
[240, 510]
[892, 495, 496]
[966, 487]
[514, 129]
[1059, 132, 100, 101, 1400]
[450, 75, 766]
[920, 354, 89]
[31, 385]
[421, 367]
[271, 272]
[698, 1154, 381, 1415]
[362, 363]
[384, 58]
[1233, 1248]
[527, 39, 30, 178, 1166]
[997, 996]
[674, 675]
[676, 677]
[1273, 1274, 1307]
[354, 355]
[838, 56]
[1235, 183, 1402]
[803, 100, 101, 457]
[83, 554, 634, 1148]
[382, 605]
[536, 82]
[1262, 183]
[247, 248, 610, 261]
[647, 943, 979]
[332, 1168]
[680, 681, 798]
[338, 317]
[672, 185, 1195]
[900, 655]
[132, 100, 101, 167]
[883, 1254]
[942, 362, 363]
[785, 786]
[149, 164]
[557, 558]
[245, 246]
[803, 100, 101, 1472]
[214, 100, 101]
[573, 770]
[1444, 1081]
[814, 163]
[136, 137]
[582, 583]
[530, 919]
[1101, 100, 101, 142]
[262, 263]
[1023, 1024, 1148]
[338, 100, 101, 457]
[527, 39, 30, 384, 152]
[198, 33]
[574, 575]
[1112, 851]
[24, 25]
[181, 339]
[1154, 381, 811]
[451, 851]
[30, 364]
[105, 1180]
[681, 798, 801]
[764, 132, 100, 101, 1298]
[510, 342, 343]
[178, 1166, 1167]
[273, 100, 101, 1046, 1064]
[384, 56]
[376, 1169]
[1278, 1279]
[448, 449]
[1055, 546]
[1101, 100, 101, 1298]
[761, 1, 1206, 633, 690]
[295, 296]
[418, 419, 0, 1]
[1113, 1006]
[1188, 25, 213]
[39, 30, 266, 944]
[881, 882]
[53, 806]
[761, 1, 1206, 633]
[527, 39, 30, 266, 944]
[647, 202, 100, 101]
[83, 103]
[680, 681, 801]
[1233, 100, 101, 457]
[529, 452]
[671, 66]
[1044, 766]
[440, 1068]
[803, 100]
[268, 1010]
[130, 240, 510, 152]
[865, 100, 101, 1046, 1064]
[68, 171]
[1086, 25, 1040]
[45, 916]
[201, 860]
[1107, 82]
[479, 614]
[51, 111]
[818, 196, 727]
[117, 118]
[384, 385]
[1232, 558, 1485]
[450, 5]
[698, 699]
[201, 202, 100, 101, 1472]
[488, 241]
[548, 558, 1247]
[24, 25, 1371]
[94, 202, 100, 101, 167]
[1184, 173]
[818, 196, 197]
[798, 822]
[79, 191, 526]
[1287, 82]
[282, 272]
[1124, 129]
[185, 186]
[418, 978, 1, 1206, 633, 690]
[750, 751]
[205, 1297]
[1, 1206, 633, 690]
[459, 82]
[637, 229, 559]
[787, 788]
[464, 170, 236]
[227, 228]
[149, 500]
[442, 5]
[605, 1048]
[755, 318]
[235, 202]
[954, 955]
[338, 317, 318]
[681, 798, 799]
[929, 1024]
[205, 906]
[1001, 1182]
[547, 548, 129]
[970, 971]
[1116, 523, 75, 76]
[771, 772]
[978, 394]
[399, 286]
[338, 100, 101, 1046, 1064]
[1037, 1038]
[51, 52, 1131]
[325, 381]
[440, 1370]
[283, 65]
[1116, 523]
[75, 741, 495, 635]
[30, 31, 42]
[569, 570]
[49, 733, 798, 801]
[175, 110]
[865, 100, 101, 1400]
[1154, 381, 1415]
[1330, 938]
[970, 1153]
[1129, 303]
[450, 495, 864]
[497, 775]
[49, 50]
[1257, 1258]
[728, 876]
[779, 95]
[43, 110]
[304, 272]
[523, 75, 741, 495, 864, 496]
[1110, 1486]
[530, 531]
[978, 1]
[1116, 523, 495, 635]
[717, 665]
[620, 3]
[909, 9]
[92, 723]
[548, 558, 1025]
[14, 209]
[764, 132, 100]
[734, 735]
[1134, 683]
[1309, 1216, 1217]
[1363, 1249]
[285, 139]
[530, 680, 681, 798, 799]
[1185, 1186]
[462, 463]
[22, 23]
[1116, 523, 495, 864, 496]
[77, 334]
[1059, 132, 100, 101]
[548, 558]
[201, 202]
[897, 898]
[450, 75, 184]
[527, 39, 30, 1064]
[1395, 1396]
[672, 185, 780]
[39, 30, 384, 152]
[258, 259]
[352, 353]
[283, 1021]
[811, 1282]
[30, 665]
[1082, 362, 363]
[94, 202, 100, 101, 1046]
[247, 248, 610, 1008]
[124, 1265]
[201, 202, 100, 101, 142]
[57, 56]
[424, 1337]
[657, 924]
[370, 371, 596]
[760, 134, 135, 1468]
[395, 79, 191, 600]
[929, 1024, 1148]
[693, 567]
[73, 74, 0, 689, 690]
[311, 312]
[518, 205, 1297]
[172, 296]
[637, 23]
[527, 39, 30, 286]
[640, 641]
[604, 385]
[527, 39, 30, 901]
[39, 396]
[1154, 381, 811, 1282]
[338, 317, 665]
[514, 515]
[283, 65, 109]
[419, 0, 1]
[161, 1160]
[1240, 752]
[87, 49, 733, 798, 822, 823]
[148, 149]
[242, 243]
[418, 419, 0, 1, 1206, 633]
[1097, 798]
[273, 100, 101]
[39, 30, 56]
[117, 1409]
[1237, 82]
[39, 79, 191, 268]
[527, 39, 79, 1480]
[1346, 25, 1371]
[74, 0, 633, 346, 347]
[130, 560]
[148, 149, 164]
[1270, 1271]
[418, 978, 1, 1206, 633, 346]
[132, 133]
[374, 621]
[418, 978, 1, 689]
[803, 100, 101, 142]
[39, 30, 522]
[124, 372, 420]
[1207, 1208]
[30, 266, 178, 1166, 1167]
[43, 100, 101, 142]
[73, 74]
[1357, 803, 100, 101, 1472]
[248, 610, 1008]
[527, 39, 30, 1466]
[119, 47]
[183, 195]
[307, 25]
[523, 495, 864]
[1059, 132]
[397, 824]
[235, 202, 1075]
[1304, 557, 558]
[148, 149, 500, 455, 456]
[1320, 25, 236]
[606, 582, 227, 597]
[671, 132, 100, 101]
[904, 557, 558]
[1093, 132, 100, 101, 167]
[1262, 183, 195, 992]
[399, 190]
[132, 100, 101, 457]
[332, 333]
[338, 100]
[845, 846]
[39, 30, 31, 42, 367]
[527, 39, 30, 334]
[74, 0, 1, 1206, 633]
[825, 25]
[1093, 132, 100, 101, 1400]
[591, 473, 474]
[1235, 183, 204]
[12, 725]
[79, 191, 268, 269]
[652, 489]
[1332, 637, 229, 400]
[75, 741]
[662, 663]
[201, 202, 100, 101, 1046, 1064]
[0, 689]
[450, 75, 270]
[1305, 210, 227, 1030]
[896, 385]
[575, 439]
[818, 5]
[1156, 1157]
[1283, 298]
[557, 558, 1485]
[1338, 1339]
[30, 384, 190]
[530, 680, 681]
[554, 634, 1148]
[149, 455]
[1403, 100, 101, 1400]
[191, 526]
[327, 110]
[275, 495]
[6, 1003]
[527, 39, 79, 191, 192]
[1116, 523, 495]
[148, 456]
[315, 445]
[39, 30, 384, 190]
[558, 1247]
[527, 39, 79, 191, 940]
[1101, 100, 101, 457]
[565, 931]
[920, 354, 355, 1127]
[235, 202, 100, 101]
[338, 100, 101, 1046]
[625, 626]
[1433, 29]
[552, 553]
[672, 185, 1475]
[273, 100, 101, 1400]
[887, 12, 572]
[1340, 928]
[724, 224, 163]
[1152, 91]
[1139, 684]
[886, 421, 367]
[426, 427]
[892, 75, 1376]
[872, 665]
[325, 381, 781]
[43, 100, 101, 1400]
[1242, 1243]
[761, 1, 689]
[794, 1063]
[55, 286]
[903, 803]
[518, 638]
[1233, 100, 101, 1298]
[130, 163]
[680, 681, 798, 822]
[275, 1488]
[124, 561, 153]
[235, 202, 100, 101, 1046, 1064]
[124, 59, 60]
[247, 248, 610, 100, 101, 167]
[32, 202, 100, 101, 457]
[87, 152, 153]
[201, 202, 100, 101, 1298]
[18, 1398]
[227, 1030]
[1401, 911]
[124, 709]
[132, 261]
[569, 703]
[1112, 267]
[1, 1206, 633, 346]
[506, 912]
[1105, 596]
[195, 831]
[865, 100, 101, 1046]
[1116, 523, 75, 766]
[91, 329]
[206, 207]
[122, 1159]
[761, 1, 1206]
[741, 495, 496]
[965, 504]
[1158, 66]
[724, 56]
[39, 30, 17]
[1476, 1477]
[28, 29]
[124, 59]
[755, 665]
[1367, 1368]
[200, 1099]
[1173, 1174]
[277, 1280]
[746, 95]
[606, 582, 583]
[75, 741, 495]
[30, 1187]
[386, 25, 1040]
[523, 627]
[681, 798, 822, 823]
[856, 798, 822, 823]
[903, 803, 100, 101, 1400]
[582, 227, 228]
[558, 1025]
[87, 680, 681, 798, 822, 823]
[248, 610, 611]
[489, 597]
[903, 803, 100, 101, 1046, 1064]
[818, 9]
[1026, 402]
[1348, 362, 363]
[550, 551]
[964, 504]
[75, 76]
[275, 495, 635]
[132, 100, 101]
[418, 419, 0, 633, 346]
[530, 680, 681, 798, 801]
[1058, 665]
[295, 1125]
[24, 25, 236]
[822, 823]
[248, 610, 133]
[386, 567]
[469, 82]
[159, 712]
[198, 226]
[615, 988]
[652, 489, 1080]
[978, 1, 1206]
[1233, 100, 101, 1472]
[659, 660]
[32, 1197]
[1262, 183, 184]
[289, 290, 1343]
[633, 346]
[85, 851]
[1305, 210, 871]
[450, 75]
[418, 978, 394]
[446, 9]
[773, 502]
[380, 261]
[83, 639]
[440, 441]
[1152, 91, 329]
[200, 29]
[205, 940]
[656, 362]
[39, 30, 17, 589]
[55, 324]
[662, 1123]
[676, 209]
[803, 100, 101]
[764, 132, 100, 101, 167]
[330, 331]
[335, 454]
[451, 339]
[248, 610, 100, 101, 457]
[240, 510, 342]
[266, 29]
[39, 30, 1187]
[79, 80]
[1309, 9]
[610, 100, 101, 457]
[30, 31, 1229]
[518, 205, 301]
[388, 389]
[903, 803, 100, 101, 1046]
[30, 266, 178]
[32, 202, 100, 101]
[825, 25, 236]
[832, 632]
[527, 39, 30, 31, 359]
[647, 943]
[498, 499]
[742, 1489]
[41, 385]
[397, 1308]
[39, 30, 266, 452]
[302, 504]
[634, 1087]
[357, 305]
[240, 510, 125]
[273, 110]
[186, 721]
[0, 633, 346, 347]
[220, 221]
[419, 0, 1, 1206]
[1281, 1211]
[1301, 362, 363]
[1093, 132, 145]
[563, 510, 152]
[73, 74, 0, 1]
[450, 495, 864, 496]
[518, 15]
[1059, 132, 100, 101, 1046, 1064]
[1097, 798, 799]
[767, 774]
[803, 100, 101, 1046, 1064]
[31, 56]
[1058, 318]
[989, 990]
[148, 149, 789]
[87, 680, 681]
[311, 195, 992]
[1387, 110]
[395, 79, 191, 906]
[1090, 660]
[1406, 383]
[73, 761, 1, 1206, 633]
[419, 0, 689, 690]
[527, 39, 30, 337]
[1005, 1006]
[1196, 234, 269]
[248, 610, 261]
[671, 132, 100]
[674, 1133]
[316, 139]
[1189, 35]
[832, 981]
[892, 75, 204]
[39, 40]
[473, 474, 493]
[527, 39, 30, 17, 778]
[1103, 1104]
[832, 632, 981]
[1116, 523, 495, 496]
[446, 5]
[1487, 894]
[148, 149, 873]
[1219, 1220]
[1205, 1206, 633, 346]
[1272, 575]
[518, 205]
[185, 328]
[201, 202, 100, 101]
[1342, 385]
[1403, 100, 101]
[913, 1070]
[202, 100, 101, 167]
[623, 624]
[671, 132, 145]
[43, 100, 101]
[30, 31, 42, 367]
[205, 192]
[380, 133]
[31, 58]
[547, 548, 1441]
[702, 195]
[39, 30, 384, 152, 153]
[1093, 132, 100]
[1052, 9]
[49, 733, 798, 799]
[85, 195]
[527, 39, 396]
[79, 191, 256]
[321, 29]
[73, 74, 0, 1, 1206, 633, 346, 347]
[826, 337]
[30, 266, 267]
[79, 191, 1297]
[202, 100, 101, 1400]
[31, 359]
[277, 150]
[737, 1299]
[41, 58]
[771, 1421]
[500, 873]
[892, 75, 741, 495, 635]
[36, 570]
[1357, 803, 100, 101, 1046]
[423, 132, 100, 101, 167]
[634, 828]
[1098, 29]
[1116, 523, 75, 1376]
[388, 564]
[94, 202, 100, 101, 1400]
[266, 178, 1166, 1167]
[668, 360, 1345]
[32, 1375]
[87, 680]
[669, 782]
[57, 58]
[809, 25, 1371]
[1093, 132, 100, 101, 1046]
[30, 17, 778]
[247, 248, 610, 100, 101, 1046]
[73, 761, 1, 1206, 633, 690]
[185, 581]
[1181, 445]
[527, 39, 30, 384, 385]
[30, 1319]
[633, 690]
[523, 75, 741, 495, 635]
[1201, 100]
[1231, 29]
[1483, 190]
[30, 266, 29]
[480, 298]
[1306, 1252]
[39, 30, 384]
[248, 610, 100, 101, 1472]
[794, 1366]
[37, 174]
[794, 1451]
[32, 202, 100]
[1105, 596, 371, 1454]
[404, 405]
[94, 843]
[576, 385]
[0, 1, 689]
[820, 821]
[1403, 100, 101, 1046]
[451, 195, 992]
[74, 0, 1, 689]
[120, 754]
[865, 100, 101, 167]
[1108, 505]
[43, 385]
[813, 487]
[32, 202, 100, 101, 142]
[538, 171]
[1393, 1123]
[316, 923]
[951, 952]
[710, 711]
[407, 183, 195, 992]
[523, 495]
[39, 30, 385]
[41, 56]
[148, 149, 340]
[273, 100, 101, 1046]
[75, 741, 495, 864, 496]
[534, 1452]
[1085, 242, 243]
[90, 91, 329]
[505, 301]
[433, 939]
[498, 630]
[1245, 1246]
[1235, 183, 195, 831]
[25, 236]
[348, 44]
[43, 100, 101, 1046]
[503, 303]
[418, 978, 1, 1206, 633, 346, 347]
[39, 30, 168]
[73, 761, 1, 1206, 633, 346, 347]
[183, 670]
[913, 914]
[761, 1]
[55, 987]
[51, 52]
[138, 385]
[1240, 445]
[191, 268]
[1108, 190]
[1321, 1479]
[96, 935]
[563, 1041]
[804, 805]
[733, 798, 801]
[418, 419, 0, 633, 690]
[1233, 100]
[957, 110]
[30, 178]
[39, 30, 1319]
[975, 642, 643]
[1059, 132, 100, 101, 457]
[1403, 100, 101, 1046, 1064]
[320, 385]
[124, 561, 1408]
[1336, 665]
[112, 723]
[419, 0, 1, 689]
[214, 100, 101, 1046, 1064]
[915, 298]
[235, 95]
[403, 82]
[1437, 5]
[698, 1154]
[101, 1400]
[1349, 341]
[1306, 1163]
[51, 52, 984]
[1093, 132, 100, 101]
[1116, 523, 627]
[14, 15]
[248, 610, 100, 101, 1298]
[680, 681, 798, 822, 823]
[1216, 1217]
[1205, 1206, 633, 690]
[1314, 1315]
[1116, 523, 75, 741, 495, 496]
[1062, 129]
[43, 100, 101, 457]
[39, 30, 17, 807]
[1309, 1216]
[264, 824]
[399, 56]
[77, 168]
[36, 703]
[669, 216]
[1262, 183, 1402]
[682, 82]
[554, 634]
[208, 11]
[1164, 339]
[511, 512]
[748, 496]
[61, 537]
[101, 167]
[730, 731]
[43, 100, 101, 1046, 1064]
[49, 733]
[407, 183, 204]
[1332, 637, 229, 230]
[248, 610, 100, 101, 142]
[960, 106]
[130, 240, 592]
[73, 74, 1120]
[31, 42, 367]
[87, 153]
[548, 515]
[1403, 100, 101, 167]
[176, 9]
[495, 635]
[542, 489, 1080]
[978, 1, 689, 690]
[413, 82]
[907, 5]
[1086, 25, 236]
[1095, 1096]
[295, 129]
[1201, 100, 101]
[87, 49, 733, 798, 822]
[30, 266]
[527, 39, 79, 191]
[73, 761, 1, 1206, 633, 346]
[61, 535]
[87, 152]
[887, 12, 1036]
[401, 402]
[932, 933]
[1082, 362]
[231, 1094]
[39, 30, 266, 1293]
[818, 171]
[1118, 1119]
[281, 96, 935]
[1305, 210, 211]
[1201, 100, 101, 1046, 1064]
[835, 9]
[83, 241]
[419, 0, 689]
[399, 58]
[605, 3]
[892, 75, 76]
[348, 225]
[119, 47, 759]
[516, 58]
[1071, 1077]
[1193, 101, 167]
[1140, 1141]
[527, 39, 30, 266, 178, 1166]
[819, 48]
[30, 31, 56]
[30, 31, 359]
[610, 145]
[1134, 35]
[1474, 1467]
[409, 410]
[172, 173]
[527, 39, 30, 385]
[73, 74, 0]
[397, 398]
[718, 35]
[669, 216, 217, 398]
[1463, 1464]
[30, 1064]
[548, 129]
[69, 102]
[354, 89, 5]
[904, 557, 558, 1025]
[1364, 1003]
[130, 131]
[1223, 1300]
[83, 554, 634, 1087]
[1296, 171]
[30, 17, 589]
[631, 1176]
[664, 533]
[1357, 803, 1100]
[847, 848]
[1235, 183]
[101, 1046]
[453, 11]
[527, 39, 30, 168]
[764, 132, 100, 101, 1046]
[325, 708]
[14, 301]
[700, 830]
[538, 5]
[85, 178, 1166]
[148, 149, 500, 455]
[1353, 1354]
[350, 351]
[789, 1459]
[419, 0, 633, 346]
[100, 101, 167]
[43, 100]
[1156, 1161]
[100, 101, 1400]
[991, 894]
[617, 155]
[124, 1265, 1266]
[266, 178]
[1086, 25, 475]
[892, 9]
[94, 95]
[224, 225]
[356, 209]
[1136, 1137]
[903, 803, 100, 101, 457]
[596, 371, 1454]
[132, 100, 101, 1046, 1064]
[191, 607]
[148, 149, 500, 456]
[760, 134]
[856, 798, 799]
[247, 248, 610, 145]
[355, 1127]
[426, 1079]
[1284, 1285]
[146, 147]
[399, 189]
[179, 180]
[52, 984]
[149, 500, 455, 456]
[527, 39, 30, 178, 1166, 1167]
[18, 1013]
[818, 609]
[313, 314]
[486, 487]
[418, 419, 0, 1, 1206, 633, 690]
[289, 1411]
[563, 716]
[527, 39, 79, 80]
[418, 419]
[1020, 50]
[907, 916]
[281, 96, 97]
[384, 152]
[1106, 195]
[610, 938]
[687, 1039]
[201, 202, 100]
[191, 268, 1010]
[637, 229, 851]
[73, 761]
[527, 39, 30, 266, 1344]
[577, 104]
[899, 525]
[224, 445]
[39, 30, 31, 385]
[742, 743]
[1227, 168]
[636, 637, 229, 400]
[1116, 523, 495, 864]
[2, 3]
[124, 1265, 1269]
[470, 471]
[527, 39, 30, 31, 385]
[17, 778]
[1233, 100, 101, 1046, 1064]
[39, 30, 384, 56]
[700, 701]
[1236, 1012]
[1357, 803, 100, 101, 1400]
[68, 9]
[262, 684]
[479, 84]
[602, 385]
[999, 1000]
[865, 100, 101, 457]
[563, 1091]
[636, 637, 23]
[646, 484, 9]
[685, 753]
[1143, 1144]
[247, 248, 610, 100]
[793, 497, 775]
[892, 495, 864, 496]
[936, 937]
[1067, 303]
[30, 31, 58]
[418, 419, 0, 689, 690]
[247, 248, 610, 100, 101, 1400]
[266, 267]
[530, 381, 811]
[527, 39, 30, 1031]
[16, 62]
[892, 5]
[527, 784]
[539, 385]
[79, 191, 600]
[527, 39, 79, 191, 607]
[75, 204]
[130, 222]
[151, 5]
[299, 300]
[629, 630]
[659, 660, 492]
[395, 79, 191, 940]
[473, 474, 1311]
[887, 12, 104]
[250, 251]
[479, 406]
[523, 75, 766]
[31, 1229]
[547, 548, 400]
[733, 798, 799]
[1336, 11]
[421, 301]
[694, 1397]
[698, 1154, 381, 811, 1282]
[1097, 798, 801]
[792, 145]
[53, 619]
[87, 680, 681, 798, 799]
[817, 537]
[1184, 296]
[395, 79, 191, 192]
[1126, 298]
[39, 30, 384, 58]
[741, 495]
[39, 79, 191, 256]
[892, 75, 741, 495, 496]
[297, 298]
[419, 0, 1, 1206, 633, 346, 347]
[527, 39, 30, 384]
[1201, 100, 101, 457]
[0, 1, 1206, 633]
[94, 202, 100, 101, 1298]
[604, 56]
[83, 84]
[903, 985]
[18, 714]
[132, 145]
[887, 1054]
[30, 17, 807]
[279, 280]
[527, 39, 79, 191, 600]
[1076, 29]
[458, 362, 363]
[247, 248, 610, 100, 101]
[1423, 268]
[73, 74, 0, 689]
[1346, 25, 475]
[488, 103]
[220, 755, 318]
[32, 202, 100, 101, 1298]
[586, 587]
[527, 528]
[1116, 523, 75, 204]
[1305, 210, 227, 228]
[527, 39, 996]
[179, 1438]
[85, 195, 831]
[450, 75, 1376]
[794, 859]
[53, 54]
[523, 75, 741, 495, 496]
[1059, 132, 100, 101, 167]
[79, 191, 607]
[386, 387]
[647, 202, 100, 101, 1046, 1064]
[55, 56]
[500, 455]
[115, 116]
[604, 58]
[618, 133]
[1155, 102]
[338, 100, 101, 1298]
[183, 184]
[617, 810]
[771, 1467]
[381, 811, 1282]
[30, 178, 1166]
[205, 677]
[617, 507]
[666, 667, 155]
[1188, 25, 1040]
[266, 1293]
[423, 132, 100, 101, 1046, 1064]
[642, 643]
[130, 969]
[1071, 392]
[1050, 129]
[500, 456]
[32, 202, 100, 101, 1046, 1064]
[325, 381, 811, 1215]
[134, 135, 329]
[247, 248, 610, 100, 101, 1046, 1064]
[803, 100, 101, 1400]
[214, 100]
[220, 37, 174]
[41, 139]
[68, 29]
[849, 850]
[18, 800]
[836, 837]
[55, 58]
[87, 680, 681, 798, 801]
[527, 39, 30, 384, 56]
[191, 600]
[0, 1]
[372, 420]
[148, 149, 500]
[159, 472]
[527, 39, 30, 17]
[39, 30, 266, 29]
[185, 1195]
[30, 522]
[285, 385]
[384, 152, 153]
[430, 9]
[74, 0, 1, 1206, 633, 346, 347]
[295, 195]
[687, 417]
[424, 425]
[1262, 183, 670]
[18, 976]
[277, 278]
[39, 30, 266, 1344]
[130, 240, 510]
[247, 1200]
[812, 665]
[338, 100, 101, 1472]
[83, 406]
[189, 1340, 928]
[1235, 183, 670]
[73, 74, 0, 1, 1206, 633]
[610, 100, 101]
[378, 1465]
[277, 1290]
[350, 1457]
[450, 495, 635]
[904, 557, 558, 1247]
[1267, 590]
[832, 1176]
[887, 12, 494]
[610, 100]
[210, 871]
[892, 495, 864]
[1332, 637, 229, 851]
[191, 268, 269]
[210, 227, 228]
[220, 755, 665]
[527, 39, 30, 266, 29]
[421, 15]
[450, 495]
[538, 9]
[527, 39, 30, 384, 58]
[418, 978, 1, 1206, 633]
[647, 202]
[79, 1480]
[30, 56]
[354, 89, 441]
[422, 82]
[208, 665]
[407, 183]
[606, 582]
[644, 645]
[87, 95]
[130, 240, 778]
[381, 781]
[248, 610]
[1093, 132, 261]
[0, 633]
[433, 434]
[610, 100, 101, 142]
[39, 79, 191, 607]
[1233, 100, 101, 1046]
[1320, 25, 1040]
[161, 1047]
[242, 243, 1311]
[764, 132, 100, 101, 1400]
[825, 25, 475]
[316, 1449]
[399, 189, 1340, 928]
[865, 100, 101, 1472]
[903, 803, 100, 101]
[671, 132]
[453, 1034]
[16, 1222]
[418, 419, 0, 1, 689, 690]
[671, 1230, 66]
[1016, 1017]
[130, 240, 510, 342, 343]
[327, 369]
[809, 25, 213]
[8, 9]
[1442, 1226]
[374, 1081]
[578, 484]
[669, 782, 1172]
[248, 610, 145]
[113, 114]
[338, 100, 101, 167]
[407, 183, 195, 831]
[273, 917]
[172, 129]
[423, 132, 1228]
[381, 1407]
[79, 191, 906]
[509, 25, 236]
[530, 95]
[231, 1323]
[671, 132, 100, 101, 167]
[892, 75, 741]
[49, 733, 798, 822, 823]
[548, 1441]
[762, 763]
[346, 347]
[636, 637, 229, 230]
[1154, 381, 1142]
[201, 202, 100, 101, 457]
[902, 1418]
[1225, 1226]
[958, 959]
[764, 132, 100, 101, 1046, 1064]
[854, 922]
[809, 25]
[92, 93]
[130, 973]
[1332, 637, 229]
[767, 768]
[17, 1034]
[386, 25, 236]
[235, 202, 100, 101, 167]
[825, 25, 1040]
[39, 30, 334]
[1316, 84]
[495, 496]
[1116, 523, 75, 741, 495, 864, 496]
[510, 125]
[1235, 183, 195, 992]
[1430, 298]
[130, 240, 435]
[416, 1056]
[547, 548, 558, 1025]
[1101, 100]
[698, 1154, 381, 811]
[31, 42]
[39, 30, 17, 665]
[527, 39, 79, 191, 268, 269]
[903, 803, 1100]
[1328, 1329]
[565, 362]
[591, 473, 474, 1311]
[691, 145]
[283, 284]
[18, 67]
[510, 342]
[829, 830]
[311, 195, 831]
[584, 585]
[1053, 303]
[57, 110]
[252, 253]
[479, 103]
[32, 843]
[936, 766]
[1093, 132, 133]
[307, 25, 236]
[1305, 210, 227]
[126, 127]
[418, 419, 0, 1, 1206, 633, 346, 347]
[1043, 56]
[39, 79, 1480]
[210, 227]
[577, 725]
[865, 100, 101, 1298]
[185, 556]
[1357, 803, 100, 101, 1046, 1064]
[320, 139]
[214, 100, 101, 167]
[295, 1226]
[18, 544]
[275, 276]
[636, 637, 229]
[218, 219]
[273, 100, 101, 167]
[75, 741, 495, 496]
[865, 100]
[397, 217, 398]
[1346, 25, 213]
[631, 632, 981]
[887, 12, 13]
[248, 610, 938]
[527, 39, 1484]
[1425, 398]
[39, 30, 1064]
[1233, 100, 101, 142]
[233, 234]
[1263, 1264]
[32, 408]
[523, 204]
[527, 39, 30, 56]
[83, 554, 634, 828]
[32, 202, 100, 101, 1472]
[547, 548]
[542, 489]
[983, 487]
[12, 13]
[426, 478]
[510, 152, 153]
[887, 12]
[217, 398]
[316, 320, 190]
[802, 204]
[39, 30, 337]
[678, 679]
[73, 74, 0, 1, 689, 690]
[660, 492, 493]
[516, 190]
[652, 549]
[760, 134, 135, 329]
[382, 605, 1048]
[25, 1371]
[563, 510, 152, 153]
[811, 1215]
[890, 891]
[181, 182]
[856, 798, 801]
[1332, 637, 23]
[710, 1261]
[1435, 1436]
[36, 37]
[419, 0, 1, 689, 690]
[474, 1311]
[793, 497, 250]
[397, 713, 265]
[529, 195, 992]
[39, 79, 80]
[547, 548, 558, 1247]
[492, 493]
[30, 384, 152, 153]
[32, 1292]
[39, 79, 191, 526]
[606, 543]
[647, 202, 100, 101, 1400]
[903, 803, 100, 101, 142]
[647, 202, 100, 101, 457]
[818, 863]
[1342, 110]
[55, 139]
[237, 190]
[307, 25, 1040]
[1304, 557, 558, 1485]
[335, 336]
[527, 39, 40]
[1023, 1024]
[390, 1335]
[397, 1425]
[489, 1080]
[582, 227, 583]
[458, 362]
[601, 195, 831]
[124, 125]
[360, 1345]
[218, 435]
[1458, 619]
[527, 39, 30, 522]
[647, 648]
[124, 561]
[1101, 100, 101, 1046, 1064]
[16, 17]
[1313, 267]
[793, 497, 250, 251]
[749, 267]
[325, 747]
[610, 66]
[527, 39, 30, 1291]
[929, 930]
[446, 447]
[997, 1372]
[1357, 803, 100, 101]
[8, 769]
[418, 419, 0, 633, 346, 347]
[647, 202, 100, 101, 1046]
[30, 385]
[181, 532]
[304, 1450]
[81, 82]
[606, 549]
[49, 655]
[55, 537]
[224, 752]
[202, 100]
[724, 224, 752]
[47, 48]
[61, 62]
[1357, 803, 100, 101, 167]
[875, 876]
[1101, 100, 101]
[169, 170, 236]
[694, 1088]
[418, 419, 0, 1, 1206, 633, 346]
[1205, 1206]
[395, 79, 80]
[467, 880]
[593, 639]
[238, 239]
[943, 979]
[672, 185, 186]
[892, 75, 741, 495, 864, 496]
[1154, 381]
[344, 345]
[524, 1078]
[652, 489, 490]
[1194, 1195]
[240, 510, 152, 153]
[542, 489, 490]
[30, 168]
[1288, 1356]
[1201, 100, 101, 142]
[130, 577]
[94, 202, 100, 101, 1472]
[1434, 627]
[240, 510, 152]
[370, 371]
[455, 456]
[527, 39, 30, 266, 1293]
[73, 74, 0, 1, 689]
[467, 310]
[112, 93]
[214, 504]
[264, 265]
[202, 1075]
[135, 1468]
[705, 168]
[1146, 1147]
[1403, 100, 101, 1298]
[746, 1482]
[418, 978, 1, 1206]
[484, 9]
[6, 7]
[960, 993]
[661, 405]
[647, 202, 100, 101, 142]
[702, 195, 831]
[243, 1311]
[783, 502]
[30, 384]
[943, 408]
[74, 0, 633, 346]
[191, 256]
[764, 132, 145]
[273, 100, 101, 1298]
[419, 0, 633]
[671, 1230]
[198, 1175]
[886, 421, 638]
[438, 439]
[1302, 383]
[509, 25]
[126, 699]
[210, 227, 1030]
[395, 79, 191, 268, 1010]
[563, 510, 342]
[450, 75, 741]
[629, 499]
[523, 75, 204]
[704, 705, 168]
[325, 381, 1415]
[397, 217]
[647, 202, 100]
[152, 153]
[925, 298]
[419, 0, 1, 1206, 633]
[474, 493]
[73, 761, 1, 1206]
[497, 250, 251]
[681, 798, 822]
[1428, 1429]
[878, 879]
[87, 49]
[74, 0, 689, 690]
[327, 190]
[1233, 100, 101, 1400]
[1188, 25, 475]
[165, 844]
[49, 733, 798]
[130, 578]
[724, 224, 445]
[573, 445]
[231, 963]
[1092, 35]
[563, 510, 125]
[248, 610, 100]
[1204, 858]
[316, 1132]
[74, 0, 633, 690]
[893, 894]
[1059, 132, 261]
[1301, 362]
[666, 667]
[132, 100, 101, 142]
[96, 97]
[576, 110]
[899, 1120]
[161, 162]
[1262, 183, 195]
[509, 25, 1040]
[473, 474]
[148, 149, 1405]
[794, 1009]
[1101, 100, 101, 167]
[941, 842]
[4, 5]
[1235, 183, 195]
[348, 369]
[1445, 1446]
[16, 17, 778]
[1403, 100, 101, 1472]
[248, 610, 100, 101, 1046]
[527, 39, 79, 191, 906]
[183, 195, 831]
[1357, 803]
[275, 495, 496]
[741, 495, 635]
[523, 75, 741, 495]
[920, 1379]
[676, 301]
[527, 39, 79, 191, 1297]
[513, 1380]
[724, 224, 225]
[887, 1443]
[866, 1388]
[498, 9]
[948, 1385]
[53, 405]
[358, 267]
[1093, 1158]
[548, 980, 1386]
[183, 1402]
[223, 56]
[273, 100, 101, 1472]
[266, 1344]
[229, 400]
[488, 639]
[1014, 3]
[1154, 381, 1407]
[1122, 402]
[304, 916]
[32, 202, 1075]
[610, 133]
[74, 0, 633]
[907, 908]
[547, 548, 980]
[647, 943, 408]
[1391, 1077]
[101, 1472]
[672, 185, 581]
[1273, 1274]
[1154, 381, 781]
[87, 49, 50]
[191, 1297]
[964, 303]
[149, 873]
[201, 202, 1075]
[920, 354, 89, 5]
[689, 690]
[601, 195]
[573, 752]
[1188, 25, 236]
[1037, 48]
[1059, 132, 133]
[10, 1221]
[73, 74, 0, 1, 1206, 633, 690]
[214, 100, 101, 1298]
[1304, 557]
[1093, 132, 1228]
[637, 229, 400]
[342, 343]
[1422, 993]
[83, 554, 634]
[418, 978]
[30, 334]
[1223, 1311]
[122, 123]
[834, 261]
[249, 9]
[942, 362]
[1018, 1019]
[886, 421, 301]
[18, 1462]
[479, 639]
[143, 144]
[636, 637, 229, 851]
[73, 761, 1]
[513, 351]
[527, 39, 30, 266]
[404, 334]
[491, 177]
[16, 17, 665]
[524, 690]
[527, 861]
[1232, 558, 1247]
[637, 229]
[523, 5]
[1183, 9]
[247, 248, 610, 133]
[285, 110]
[0, 1, 1206, 633, 346]
[305, 306]
[1232, 558]
[1305, 210, 227, 583]
[138, 139]
[1364, 71, 72]
[90, 91]
[1166, 1167]
[281, 9]
[932, 1049]
[149, 789]
[224, 369]
[30, 1291]
[591, 473]
[986, 391]
[94, 860]
[1234, 1208]
[764, 132, 100, 101, 1472]
[1223, 1224]
[1262, 183, 204]
[216, 217, 398]
[809, 25, 1040]
[672, 673]
[0, 1, 1206, 633, 690]
[39, 30, 31]
[527, 39, 79, 191, 268, 1010]
[216, 217]
[548, 400]
[1274, 1307]
[18, 1117]
[1110, 1111]
[591, 473, 474, 493]
[376, 1170]
[518, 205, 192]
[798, 801]
[548, 558, 1485]
[98, 99]
[1403, 100, 101, 457]
[30, 337]
[87, 49, 733, 798, 799]
[467, 263]
[980, 1386]
[1361, 1362]
[1086, 25, 1371]
[419, 0, 1, 1206, 633, 346]
[610, 261]
[527, 39, 30, 384, 190]
[130, 240, 1165]
[24, 25, 1040]
[39, 30, 31, 1229]
[130, 646, 484, 9]
[1364, 71]
[527, 39, 30, 17, 807]
[886, 421]
[87, 88]
[247, 248, 610, 100, 101, 457]
[1272, 575, 439]
[523, 1355]
[1046, 1064]
[210, 227, 583]
[1320, 25]
[1183, 5]
[1357, 803, 100, 101, 457]
[436, 437]
[381, 1142]
[74, 1120]
[235, 202, 100, 101, 1046]
[94, 202, 100, 101, 142]
[1206, 633, 346]
[756, 602]
[39, 30, 1466]
[1151, 29]
[1232, 558, 1025]
[18, 177]
[680, 681, 798, 799]
[202, 100, 101, 1298]
[234, 269]
[39, 79, 191, 906]
[87, 1291]
[647, 202, 100, 101, 1298]
[1090, 660, 492]
[275, 495, 864, 496]
[687, 688]
[196, 197]
[39, 30, 901]
[124, 1069]
[181, 532, 533]
[656, 362, 363]
[252, 608]
[203, 129]
[1116, 523, 1355]
[196, 727]
[138, 1229]
[527, 39, 30, 178]
[39, 30, 286]
[248, 610, 100, 101]
[79, 191, 192]
[79, 191, 940]
[358, 445]
[1288, 1289]
[227, 597]
[338, 3]
[119, 47, 48]
[672, 185, 186, 721]
[290, 1343]
[63, 64]
[191, 192]
[1320, 25, 213]
[83, 554, 1087]
[407, 183, 184]
[650, 651]
[191, 940]
[124, 1060]
[39, 79, 191, 940]
[317, 1222]
[322, 982]
[181, 609]
[1129, 504]
[1106, 195, 992]
[1177, 29]
[378, 379]
[304, 956]
[386, 25, 1371]
[1196, 234]
[1116, 523, 75, 741, 495]
[542, 549]
[1086, 25]
[101, 1046, 1064]
[1392, 735]
[107, 108]
[652, 597]
[85, 178, 1166, 1167]
[856, 798]
[39, 79, 191, 192]
[423, 132, 100, 101, 1046]
[45, 46]
[268, 269]
[530, 381, 1415]
[568, 9]
[557, 558, 1025]
[203, 877]
[518, 1404]
[134, 135, 1468]
[508, 5]
[518, 205, 906]
[561, 562]
[601, 851]
[202, 100, 101, 1472]
[132, 100, 101, 1472]
[1373, 1374]
[89, 5]
[229, 230]
[30, 31, 385]
[1333, 1334]
[30, 178, 1166, 1167]
[10, 11]
[1093, 132, 100, 101, 142]
[892, 75]
[451, 452]
[693, 1427]
[101, 457]
[128, 82]
[527, 603]
[308, 555]
[803, 100, 101, 167]
[1181, 163]
[30, 266, 944]
[75, 766]
[527, 39, 190]
[397, 713]
[107, 1394]
[1092, 683]
[266, 452]
[1059, 132, 1228]
[527, 39, 30, 266, 178, 1166, 1167]
[39, 30, 266, 178]
[798, 799]
[961, 1121]
[1346, 25, 1040]
[43, 100, 101, 167]
[476, 1460]
[527, 39, 30, 31, 42, 367]
[295, 195, 831]
[185, 649]
[680, 681, 798, 801]
[968, 567]
[450, 75, 741, 495, 635]
[1116, 523, 75, 741, 495, 864]
[809, 25, 475]
[172, 195, 831]
[633, 346, 347]
[576, 190]
[85, 400]
[1116, 523, 75, 741]
[57, 385]
[818, 204]
[161, 540]
[322, 323]
[419, 0, 1, 1206, 633, 690]
[1024, 1148]
[1332, 637, 229, 559]
[672, 185, 328]
[547, 548, 980, 1386]
[765, 106]
[1320, 25, 475]
[668, 360]
[200, 5]
[1027, 1192]
[18, 19]
[231, 232]
[1267, 253]
[32, 95]
[39, 30, 31, 359]
[39, 30, 17, 778]
[115, 1455]
[404, 901]
[39, 30, 38]
[248, 610, 100, 101, 1400]
[237, 58]
[1059, 132, 100, 101, 1298]
[671, 132, 261]
[1178, 1179]
[397, 1425, 398]
[948, 949]
[214, 100, 101, 1472]
[557, 558, 1247]
[650, 874]
[779, 708]
[327, 58]
[829, 1410]
[20, 21]
[30, 1031]
[148, 149, 789, 1459]
[606, 582, 227, 1030]
[1391, 392]
[1201, 100, 101, 1046]
[892, 495, 635]
[636, 637]
[285, 286]
[598, 599]
[325, 381, 1142]
[85, 86]
[201, 843]
[527, 39, 30, 17, 589]
[416, 417]
[728, 729]
[273, 100, 101, 457]
[765, 104]
[523, 75, 270]
[527, 39, 79, 191, 526]
[529, 195, 831]
[692, 234, 269]
[744, 745]
[39, 30, 31, 42]
[124, 372]
[523, 9]
[834, 133]
[193, 1138]
[130, 577, 104]
[1093, 66]
[558, 1485]
[101, 1298]
[975, 642]
[395, 396]
[1203, 1018]
[523, 75, 184]
[669, 216, 217]
[130, 646, 484]
[149, 789, 1459]
[74, 0, 1]
[634, 1148]
[327, 56]
[1101, 100, 101, 1400]
[94, 202]
[1, 1206, 633]
[854, 855]
[542, 543]
[1045, 487]
[18, 1072]
[582, 227]
[1267, 1268]
[945, 946]
[904, 1135]
[523, 495, 864, 496]
[887, 106]
[39, 1484]
[75, 270]
[1453, 9]
[576, 369]
[89, 441]
[610, 611]
[489, 490]
[418, 978, 1, 689, 690]
[904, 557]
[631, 632]
[1193, 101, 1472]
[1347, 102]
[462, 9]
[733, 798, 822, 823]
[1403, 100, 101, 142]
[1059, 132, 100, 101, 1472]
[582, 227, 597]
[523, 75, 1376]
[726, 366]
[521, 522]
[418, 419, 0, 1, 689]
[87, 49, 655]
[1431, 1432]
[30, 1466]
[39, 30, 266, 178, 1166, 1167]
[247, 248, 610, 100, 101, 142]
[698, 1154, 381, 1142]
[527, 902, 1418]
[384, 190]
[1085, 242, 243, 1311]
[1233, 100, 101]
[451, 400]
[718, 683]
[793, 497]
[527, 39, 30, 17, 665]
[94, 202, 100]
[601, 452]
[565, 362, 363]
[414, 415]
[30, 266, 1344]
[148, 149, 455, 456]
[32, 1175]
[498, 909, 9]
[1027, 1028]
[524, 525]
[647, 95]
[59, 60]
[354, 355, 1127]
[702, 195, 992]
[159, 160]
[212, 1218]
[764, 132, 100, 101, 142]
[1004, 267]
[411, 412]
[235, 202, 100]
[235, 202, 100, 101, 1400]
[24, 25, 475]
[75, 184]
[865, 133]
[376, 517]
[187, 1094]
[450, 495, 496]
[74, 0, 1, 1206, 633, 690]
[518, 205, 677]
[542, 489, 597]
[606, 1239]
[39, 30, 1031]
[148, 149, 455]
[896, 56]
[1090, 660, 492, 493]
[601, 102]
[825, 25, 213]
[39, 79, 191, 268, 269]
[418, 419, 0, 1, 1206]
[761, 1, 689, 690]
[530, 88]
[39, 30, 266, 178, 1166]
[381, 1415]
[862, 261]
[887, 12, 725]
[479, 241]
[615, 616]
[172, 86]
[42, 367]
[1381, 9]
[1346, 25]
[14, 928]
[51, 52, 431]
[172, 400]
[73, 74, 0, 633]
[593, 1250]
[233, 234, 269]
[724, 224, 56]
[1193, 101, 1298]
[989, 1213]
[527, 39, 30]
[132, 100]
[1260, 831]
[252, 590]
[965, 303]
[672, 185]
[430, 431]
[961, 962]
[39, 30, 178, 1166, 1167]
[671, 132, 100, 101, 1400]
[100, 101, 1046]
[1108, 505, 301]
[16, 537]
[615, 703]
[281, 96]
[527, 39, 30, 665]
[348, 110]
[637, 229, 230]
[423, 132, 100]
[1150, 766]
[132, 100, 101, 1298]
[135, 329]
[798, 822, 823]
[395, 79, 191, 268]
[287, 867]
[183, 195, 992]
[100, 101]
[73, 74, 0, 1, 1206]
[395, 79, 191, 1297]
[423, 132, 100, 101, 142]
[530, 381, 781]
[1189, 683]
[34, 683]
[1093, 132, 100, 101, 457]
[32, 202, 100, 101, 1046]
[16, 318]
[77, 78]
[338, 317, 1222]
[247, 248, 610, 66]
[423, 132, 145]
[554, 634, 1087]
[1399, 911]
[582, 228]
[856, 801]
[887, 1253]
[202, 100, 101, 142]
[349, 3]
[12, 572]
[295, 851]
[978, 1, 1206, 633]
[24, 25, 213]
[610, 100, 101, 1400]
[30, 384, 385]
[890, 1471]
[172, 312]
[16, 535]
[652, 489, 597]
[1205, 1206, 633]
[39, 79, 191, 600]
[865, 100, 101]
[1154, 381, 811, 1215]
[94, 202, 1075]
[149, 500, 873]
[210, 211]
[354, 89]
[865, 100, 101, 142]
[71, 72]
[926, 927]
[154, 912]
[235, 842]
[450, 75, 204]
[302, 303]
[803, 100, 101, 1046]
[892, 75, 184]
[325, 381, 1407]
[527, 39, 79, 191, 256]
[1424, 385]
[892, 75, 741, 495]
[316, 320, 385]
[85, 173]
[229, 851]
[1423, 268, 269]
[646, 484]
[612, 613]
[130, 240, 510, 342]
[319, 5]
[530, 381, 811, 1215]
[32, 202, 100, 101, 1400]
[563, 778]
[722, 723]
[17, 665]
[124, 372, 1212]
[527, 39, 30, 266, 178]
[248, 610, 100, 101, 167]
[610, 100, 101, 1046]
[1235, 183, 184]
[25, 213]
[39, 30, 1291]
[698, 1154, 381, 1407]
[1350, 1351]
[202, 100, 101, 1046, 1064]
[87, 49, 733, 798, 801]
[30, 901]
[1423, 268, 1010]
[32, 202, 100, 101, 167]
[30, 17]
[325, 381, 811, 1282]
[124, 561, 562]
[523, 75, 76]
[671, 132, 100, 101, 1046]
[381, 811, 1215]
[368, 362, 363]
[647, 202, 100, 101, 1472]
[16, 665]
[30, 286]
[191, 906]
[94, 202, 100, 101, 457]
[527, 39, 30, 31, 42]
[527, 39, 79]
[706, 707]
[428, 747]
[450, 75, 741, 495, 496]
[419, 0, 633, 690]
[554, 634, 828]
[1128, 454]
[325, 381, 811]
[1313, 29]
[39, 190]
[325, 1412]
[202, 100, 101, 457]
[1382, 1383]
[423, 132, 100, 101, 1400]
[130, 240, 510, 125]
[73, 74, 0, 1, 1206, 633, 346]
[518, 205, 940]
[764, 132, 133]
[527, 39, 30, 17, 1034]
[1321, 1322]
[530, 680]
[74, 0, 689]
[1206, 633, 690]
[30, 17, 665]
[1202, 298]
[59, 1461]
[527, 39, 30, 31, 1229]
[247, 248, 610, 938]
[764, 132, 261]
[49, 733, 798, 822]
[39, 30, 364]
[201, 202, 100, 101, 1400]
[920, 354]
[733, 798, 822]
[764, 132, 100, 101, 457]
[399, 139]
[530, 680, 681, 798, 822]
[1101, 100, 101, 1046]
[185, 780]
[704, 705]
[728, 106]
[235, 1286]
[421, 928]
[39, 79, 191, 1297]
[1440, 621]
[423, 132, 100, 101, 457]
[527, 39, 30, 266, 267]
[240, 1165]
[87, 708]
[25, 475]
[501, 502]
[275, 833]
[503, 504]
[1377, 448, 449]
[304, 5]
[926, 1049]
[815, 816]
[953, 400]
[1198, 1199]
[322, 272]
[1348, 362]
[724, 224, 369]
[1403, 100]
[130, 577, 725]
[47, 759]
[1181, 770]
[1206, 633, 346, 347]
[1360, 385]
[30, 266, 178, 1166]
[49, 1294]
[101, 142]
[970, 1035]
[185, 1475]
[818, 196]
[977, 1075]
[1238, 1239]
[94, 202, 100, 101, 1046, 1064]
[100, 101, 457]
[563, 510]
[563, 861]
[862, 133]
[1073, 1074]
[73, 761, 1120]
[527, 39, 30, 628]
[500, 455, 456]
[85, 1226]
[419, 0]
[1171, 1172]
[1312, 1051]
[381, 811]
[610, 100, 101, 1046, 1064]
[722, 93]
[34, 35]
[418, 419, 0, 689]
[865, 261]
[920, 354, 89, 441]
[733, 798]
[1469, 1470]
[39, 30, 178, 1166]
[370, 371, 1454]
[423, 132]
[586, 263]
[1086, 25, 213]
[1244, 375]
[741, 495, 864]
[920, 354, 355]
[85, 178]
[579, 580]
[1201, 100, 101, 1400]
[428, 95]
[73, 761, 1, 689, 690]
[240, 435]
