0 1
2 3
4 5
6 7
8 9
10 11
12 13
14 15
16 17
18 19
20 21
22 23
24 25
26 27
28 29
30 31
32 33
10 34
35 36
37 38
32 39
40 41
42 43
44 45
46 47
48 49
50 51
52 53
54 55
56 57
58 59
60 61
62 63
64 65
66 67
68 69
20 70
71 72
73 31
74 75
76 77
78 79
80 81
82 83
84 85
86 87
88 89
90 91
92 93
94 95
40 32
96 97
98 99
100 101
57 102
71 103
86 104
16 105
106 107
108 109
68 110
46 111
52 112
113 114
115 116
117 118
119 48
120 121
122 123
124 125
126 127
128 85
88 129
130 131
132 133
134 135
136 137
138 139
140 141
102 142
143 144
132 145
146 147
148 149
98 150
151 152
153 5
154 155
156 157
130 158
159 160
161 162
130 163
149 164
165 166
56 167
102 168
169 170
80 171
73 172
173 174
38 175
176 111
177 9
20 178
32 179
180 181
182 183
184 185
186 187
188 189
190 191
192 193
173 194
195 196
197 198
199 200
201 31
46 57
202 203
204 205
206 193
207 208
209 13
14 210
211 212
213 111
214 215
27 216
217 218
219 220
221 222
223 224
130 225
226 59
227 228
199 229
230 231
232 233
234 235
236 237
238 95
170 239
73 9
240 139
241 242
130 243
86 244
245 246
156 247
248 249
250 251
252 9
253 254
255 256
257 258
192 259
20 260
261 262
263 264
265 266
267 268
269 270
271 272
273 274
78 275
276 277
278 111
279 272
280 281
106 205
282 283
284 96
285 277
286 287
288 289
290 291
292 293
294 295
296 297
298 299
300 301
302 303
14 304
305 306
307 277
308 27
309 310
311 312
267 313
314 315
316 317
318 163
319 191
78 185
320 321
211 230
322 5
323 191
324 31
18 325
326 327
328 111
186 329
93 330
138 59
80 331
332 333
334 335
10 95
336 337
32 338
182 339
340 3
149 341
342 343
12 344
345 346
347 348
349 228
350 3
351 352
353 309
354 210
355 272
33 356
357 358
359 360
361 362
32 363
364 365
14 366
367 361
138 368
10 369
370 371
124 372
307 5
290 373
374 375
376 377
378 379
380 381
382 133
326 383
384 385
58 139
386 387
388 389
390 391
392 361
10 393
394 395
396 397
398 399
88 174
400 387
401 402
296 403
404 405
406 85
407 408
86 409
410 184
10 411
412 413
414 415
416 417
418 85
419 420
421 422
372 423
424 366
425 85
18 321
426 132
427 428
429 430
431 432
433 434
20 435
221 436
437 438
439 440
441 442
443 444
445 5
318 446
447 448
449 78
450 451
452 453
454 13
336 455
456 457
400 59
458 361
102 459
460 85
461 462
463 464
465 170
466 467
468 469
470 471
472 85
473 474
159 475
449 5
476 477
27 478
479 480
429 481
482 244
483 484
485 486
427 408
487 9
488 272
489 490
491 244
492 493
494 178
495 496
16 497
498 253
499 500
501 456
502 503
504 505
506 304
507 508
509 5
510 27
243 511
314 194
512 513
514 352
515 516
517 61
380 518
519 206
520 521
522 523
42 59
524 78
525 526
199 527
528 529
192 530
232 403
531 194
532 533
534 535
536 235
64 537
538 85
130 111
400 191
539 540
340 541
542 172
543 5
544 387
542 9
161 545
546 31
547 548
549 550
20 551
10 203
552 553
159 554
237 274
217 505
555 556
557 558
86 559
58 61
40 191
186 560
561 562
499 9
232 563
130 564
565 566
567 511
390 568
569 570
388 571
572 9
284 9
573 574
524 5
575 405
16 576
577 446
578 579
580 387
130 581
582 487
583 584
585 586
186 587
588 589
590 591
592 593
124 594
263 133
19 595
255 596
597 476
580 111
243 598
199 369
599 87
600 601
371 602
492 603
604 605
192 606
607 339
199 608
609 387
528 610
58 289
412 498
611 59
384 612
532 91
613 614
615 548
192 616
255 617
182 618
58 387
619 620
482 621
622 623
240 61
328 61
624 155
625 5
626 133
54 627
628 3
374 629
630 163
631 632
382 264
633 634
524 635
32 636
581 105
637 467
638 639
640 347
386 59
559 641
642 643
644 645
519 646
482 647
470 268
602 371
648 649
650 651
652 653
130 654
655 656
186 657
658 659
660 661
296 174
662 663
607 453
50 664
349 665
666 361
667 668
669 670
671 408
672 673
674 535
32 675
676 677
678 359
679 219
184 680
681 132
682 683
684 685
686 687
688 689
690 691
355 446
692 85
35 693
267 694
695 696
697 698
699 700
199 238
701 145
702 237
703 571
704 705
706 707
708 709
710 711
712 194
622 713
714 715
716 717
124 718
326 719
720 721
722 723
159 724
401 725
20 726
727 5
567 728
729 675
90 95
730 693
187 731
732 733
734 59
16 735
736 737
10 527
738 739
740 741
742 743
470 744
124 62
50 745
746 747
748 321
749 750
751 752
753 754
755 756
757 642
758 759
760 761
532 95
762 272
149 501
227 763
424 304
695 764
90 152
120 765
766 321
607 194
767 609
768 769
48 770
771 134
772 1
230 603
613 773
774 132
611 387
775 339
101 361
78 776
777 778
8 779
577 780
781 503
782 783
407 171
777 784
386 151
498 785
786 787
19 788
33 61
789 432
186 790
19 675
383 791
734 227
679 792
793 503
528 794
795 796
288 387
797 798
149 799
800 31
801 277
447 5
802 145
491 647
803 498
804 805
547 554
124 69
806 807
20 808
691 809
810 205
811 812
813 57
814 815
54 816
278 57
580 191
388 817
19 818
819 27
202 95
624 820
383 821
88 179
392 458
33 43
822 675
823 490
824 163
825 826
827 205
18 828
829 49
830 831
398 31
607 103
832 833
401 834
78 757
835 27
836 171
837 85
641 838
78 205
839 840
841 639
194 842
280 843
844 133
845 9
846 847
848 289
849 850
173 315
851 5
238 852
94 853
165 854
855 856
90 690
857 858
859 860
619 145
88 861
573 713
328 59
862 863
483 301
864 865
866 809
867 868
288 9
94 869
804 870
223 766
528 871
42 387
872 264
827 873
874 264
875 876
477 496
877 878
806 832
60 59
801 879
880 85
827 618
881 882
211 883
296 89
884 675
615 554
686 210
501 885
660 886
887 888
204 889
890 891
90 343
173 89
892 893
267 584
894 895
896 897
898 277
899 424
900 109
740 888
901 902
903 904
905 9
906 907
611 111
908 9
909 59
173 861
482 123
910 911
912 913
914 526
915 664
32 916
184 205
917 467
227 446
528 918
919 813
662 492
511 125
920 921
206 922
923 924
730 36
619 264
925 926
499 927
655 95
154 928
929 930
32 387
619 133
931 301
923 932
278 933
613 934
449 642
579 440
90 935
936 408
864 937
319 938
517 191
939 301
667 940
941 942
14 943
388 27
944 945
569 946
703 947
948 949
950 689
581 735
96 951
952 953
619 954
10 955
712 339
206 956
957 852
958 361
655 959
271 960
961 962
54 963
964 965
864 966
967 968
654 487
969 403
577 763
400 289
238 203
580 368
232 861
58 541
307 970
971 972
567 871
973 111
828 541
974 975
976 977
978 109
755 150
319 323
979 306
234 980
981 306
827 197
982 490
804 983
58 325
984 571
199 955
130 985
986 987
988 85
130 989
56 264
990 141
340 57
991 650
992 362
20 993
421 994
725 270
959 995
553 996
841 997
553 403
998 490
422 0
53 999
919 1000
738 394
58 1001
622 1002
1003 1004
515 129
553 562
511 151
1005 907
56 1006
194 1007
978 1008
173 129
40 1009
1010 1011
400 139
1012 1013
1014 1015
286 68
6 1016
1017 272
1018 1019
388 1020
619 1021
804 1022
273 1023
1024 1025
20 1026
1027 1028
1029 1030
211 603
1031 1032
1033 51
286 1034
400 1035
1036 1037
562 1038
583 1039
1040 405
1041 743
33 387
230 1042
32 1043
986 1044
286 1045
454 1046
986 1047
16 1048
32 19
1049 1050
699 1051
407 331
182 534
197 737
528 40
567 1052
27 1053
0 1054
1055 9
1056 111
106 339
1057 776
874 57
1058 490
470 584
1059 358
715 171
710 840
102 1060
424 646
892 1061
161 1062
612 1063
745 806
941 1064
1065 69
296 861
207 1066
1067 1068
1069 9
900 1070
1071 306
206 687
1072 550
419 1073
1074 9
1075 321
138 191
124 1076
1077 132
1078 301
1079 129
32 171
804 1080
1060 1081
1082 1083
1084 306
441 1085
124 1086
1065 129
929 1087
1088 395
20 1089
1090 467
1075 675
1091 1092
42 61
192 956
206 616
32 1081
203 1093
881 1094
1095 31
923 5
612 3
1088 1096
525 1097
429 1098
374 1099
492 1100
1101 361
1027 3
280 642
18 541
482 104
1102 245
1103 27
1054 0
641 1104
704 1105
1106 575
1107 670
567 1108
1010 1009
1109 36
1110 132
234 1111
1112 1113
290 876
32 386
1114 809
138 387
1115 31
201 1116
775 109
813 1117
1118 57
524 9
386 191
844 264
199 34
502 1119
349 47
1120 602
909 387
1121 194
511 342
1122 85
1123 506
98 1124
1125 1126
1127 272
1128 1019
33 59
1129 1130
1131 524
20 1132
1133 1134
976 1135
772 1136
1137 405
667 526
645 25
298 970
672 1138
1139 129
296 1140
1141 301
340 320
607 861
1142 455
1143 306
419 700
130 1144
53 1145
319 1146
1147 36
684 1148
1149 1150
204 129
195 1151
1152 694
1153 1154
323 387
994 1
383 1155
1156 1157
90 1158
1159 167
1037 1160
230 589
227 368
288 111
243 436
320 675
302 1161
1162 776
848 59
452 339
1163 31
986 1164
1165 93
708 1166
1167 926
1168 1169
1170 69
122 1171
161 1172
1168 1173
986 1174
567 1175
1176 339
611 61
775 105
37 574
243 1177
334 1178
1179 1180
380 1181
48 1019
1182 1183
1184 1185
380 1186
1187 1188
199 1189
424 943
638 1190
1191 31
349 111
789 95
1192 1193
220 402
149 885
108 1194
1195 446
1014 1196
1197 5
736 5
1198 174
32 1199
1200 1201
655 203
271 31
588 231
452 403
1114 806
1202 27
1203 36
64 541
1204 1205
1206 102
90 719
1207 1208
944 1037
209 675
637 500
132 264
1209 237
10 1210
1211 1212
86 647
250 1213
691 806
6 858
1214 57
1215 301
1216 1031
1217 868
1218 1219
681 69
203 57
1220 1221
986 1222
827 172
37 713
1109 693
1195 163
1223 1224
740 109
0 640
372 1225
319 139
686 304
1226 298
1003 1227
173 297
821 1228
1198 297
454 344
559 1104
213 1229
1230 1231
1232 1233
135 330
12 1234
18 1235
1236 1237
1238 1239
1240 171
132 1241
33 1242
328 191
681 1243
699 420
1244 31
214 1245
1246 562
1247 57
240 191
748 675
1248 1221
1249 184
1250 1025
736 365
1251 85
1182 1252
1253 1254
1127 861
1255 763
53 434
217 57
326 761
307 932
1143 505
1256 1257
307 924
42 139
115 1258
90 151
1259 500
905 5
1260 1261
269 834
1262 375
1263 1264
482 1265
562 1266
126 709
565 152
1247 1267
1243 69
431 95
1216 1268
1059 1067
18 537
243 788
227 59
599 1269
1270 1271
288 139
827 9
881 1061
130 582
900 1272
896 1273
88 194
433 9
40 399
804 1274
227 780
1275 93
1276 1277
280 1278
1256 1279
1195 780
1280 842
722 1281
296 129
979 505
553 516
1282 184
1056 59
276 31
1110 69
18 65
1283 1284
90 50
615 588
1285 1286
1287 1288
32 289
766 675
1285 1289
524 642
124 1285
811 1290
1291 1292
407 916
1293 579
905 78
1294 1295
811 1296
1297 1298
528 1299
1300 1301
349 523
1302 1224
821 1303
1304 301
1305 1306
238 1307
1308 85
398 82
1071 505
32 1309
10 1310
271 1311
1163 277
400 190
50 1312
463 9
532 690
380 1313
1314 172
192 1315
677 155
60 387
102 1316
56 133
452 194
749 1317
1236 1318
1319 361
323 139
1320 385
1247 111
447 1321
662 554
1322 211
670 495
1323 1175
1295 1324
401 1325
1326 1230
202 869
1327 1013
872 133
477 1328
206 304
182 205
1329 1066
909 289
1168 954
1330 31
682 186
1084 505
1331 1332
100 87
86 1333
1167 103
32 523
138 1242
1334 486
179 1179
662 603
470 694
140 1335
881 1336
639 997
32 1337
1338 27
1339 1340
827 1015
234 1341
108 1342
431 761
1343 995
600 1344
311 720
1345 111
1346 1347
948 1064
1204 1348
1349 1173
1255 446
1350 1351
1352 645
392 1353
482 87
1354 1355
1356 13
524 205
427 1357
401 220
1358 1359
927 9
1197 9
1049 49
190 1360
1323 111
217 306
624 508
1361 403
952 776
1362 387
293 1363
1 697
271 1364
1236 1328
359 1365
1366 27
507 928
1367 103
1368 361
1369 344
1370 1371
452 103
206 606
90 1309
0 697
645 232
525 698
271 453
1372 301
188 1111
1373 1374
1115 272
524 1375
19 1046
1376 1377
1378 813
32 59
447 9
839 1379
1287 256
271 179
470 313
1380 387
1381 1382
1383 1268
1384 1016
40 82
978 1385
296 1239
569 361
82 192
804 1386
10 1189
619 69
1387 1388
184 194
524 1389
615 1254
441 1390
900 16
640 698
499 467
349 59
27 1391
288 61
1010 1392
1393 1394
10 1395
386 61
1330 272
78 1396
1 1219
1397 450
1398 928
305 505
1203 693
88 1239
619 57
1323 1271
514 1399
46 387
18 675
1400 9
1401 1402
60 111
10 853
88 403
149 456
20 1403
964 1404
452 861
532 383
77 1136
320 1235
996 1405
227 111
1406 111
43 366
875 1407
552 889
1408 310
130 1409
192 273
1362 111
1410 395
54 408
77 0
400 61
1411 747
1412 1138
161 895
1413 1414
106 1415
704 1416
592 268
44 932
504 306
20 1417
1418 926
94 203
102 1419
1166 383
1420 5
1168 110
1421 926
184 1422
132 57
192 922
959 411
1423 57
501 457
32 331
227 163
519 1424
149 1425
1426 385
383 1427
565 1428
117 1429
547 492
839 1430
292 1431
1287 596
326 1432
599 647
56 145
760 95
1433 1434
383 1435
918 1436
1437 1438
782 1439
1440 1008
1441 273
1219 640
1442 387
792 1185
789 719
641 1160
401 1443
1444 361
173 403
1445 1446
1447 301
829 1019
806 809
1448 1449
1326 9
1450 31
1451 635
1452 1453
1454 5
199 393
652 1104
567 788
251 619
22 1135
328 368
180 1455
130 1456
199 203
914 1136
1457 629
553 1458
866 806
1459 1239
900 1460
1360 943
1461 1099
88 297
841 1190
1462 1463
1464 1465
923 277
874 133
553 129
994 397
319 1466
734 446
307 1467
804 1468
536 1469
588 1042
583 571
1470 9
424 15
1147 693
201 5
482 409
371 1471
115 1472
531 453
542 5
524 1473
905 642
351 1474
1475 627
328 387
296 194
32 271
799 1476
1477 105
223 38
1349 954
1384 74
479 1478
1110 1170
62 1479
20 1480
1481 330
186 1208
836 338
1482 1483
378 1484
32 1485
246 1328
76 772
588 230
206 1315
124 565
782 1486
135 1487
398 191
613 95
532 935
903 1488
349 368
102 1489
519 15
27 239
567 1490
1491 1486
981 505
186 1492
1493 1494
1443 402
912 1495
1339 1496
1123 191
148 457
214 1497
82 1498
1499 591
760 1500
491 104
1356 675
1410 1096
658 1501
40 1502
1503 191
827 5
1125 1504
1505 907
562 1506
202 853
280 1507
992 1093
753 1508
