[1043, 110]
[516, 58]
[1071, 1077]
[295, 86]
[1140, 1141]
[737, 738]
[819, 48]
[1389, 306]
[610, 145]
[1134, 35]
[465, 466]
[501, 1102]
[1474, 1467]
[693, 880]
[409, 410]
[172, 173]
[561, 153]
[397, 398]
[718, 35]
[1193, 101]
[1463, 1464]
[30, 1064]
[548, 129]
[69, 102]
[1364, 1003]
[130, 240]
[446, 1303]
[970, 1162]
[220, 755]
[130, 131]
[1223, 1300]
[1156, 109]
[1265, 1269]
[1296, 171]
[632, 981]
[818, 1002]
[631, 1176]
[664, 533]
[376, 377]
[847, 848]
[124, 66]
[1235, 183]
[453, 11]
[316, 190]
[193, 194]
[1014, 1015]
[779, 429]
[1426, 362]
[702, 339]
[325, 708]
[14, 301]
[523, 1456]
[700, 830]
[538, 5]
[140, 1318]
[1353, 1354]
[350, 351]
[52, 1131]
[1265, 1266]
[43, 100]
[69, 70]
[1156, 1161]
[803, 1100]
[991, 894]
[617, 155]
[172, 195]
[852, 853]
[266, 178]
[237, 139]
[892, 9]
[94, 95]
[224, 225]
[224, 770]
[356, 209]
[1136, 1137]
[198, 199]
[308, 309]
[868, 869]
[191, 607]
[1327, 110]
[426, 1079]
[1284, 1285]
[240, 592]
[146, 147]
[399, 189]
[179, 180]
[52, 984]
[390, 362]
[18, 1013]
[138, 369]
[818, 609]
[826, 168]
[313, 314]
[486, 487]
[214, 303]
[287, 288]
[262, 880]
[736, 665]
[287, 373]
[289, 1411]
[563, 716]
[970, 1032]
[685, 686]
[1020, 50]
[739, 740]
[907, 916]
[715, 5]
[384, 152]
[1413, 1414]
[53, 947]
[360, 361]
[1106, 195]
[610, 938]
[762, 918]
[262, 310]
[904, 905]
[687, 1039]
[73, 761]
[451, 195]
[1093, 1158, 66]
[577, 104]
[899, 525]
[1155, 911]
[224, 445]
[742, 743]
[1214, 293]
[156, 244]
[195, 992]
[1227, 168]
[460, 461]
[399, 385]
[203, 204]
[2, 3]
[470, 471]
[857, 858]
[17, 778]
[1306, 110]
[371, 596]
[885, 272]
[700, 701]
[1236, 1012]
[68, 9]
[262, 684]
[698, 1154, 381]
[479, 84]
[283, 1033]
[83, 554]
[999, 1000]
[1190, 1191]
[130, 158]
[563, 1091]
[685, 753]
[1143, 1144]
[1233, 110]
[130, 110]
[594, 1326]
[936, 937]
[1067, 303]
[107, 339]
[1419, 1420]
[1093, 132]
[266, 267]
[16, 62]
[794, 1255]
[892, 5]
[790, 29]
[527, 784]
[539, 385]
[75, 204]
[130, 222]
[151, 5]
[299, 300]
[629, 630]
[680, 681]
[140, 141]
[1188, 25]
[30, 38]
[1083, 1084]
[479, 406]
[26, 27]
[169, 170]
[31, 1229]
[1336, 11]
[156, 157]
[421, 301]
[694, 1397]
[792, 145]
[53, 619]
[1184, 296]
[1126, 298]
[519, 520]
[476, 477]
[297, 298]
[523, 1369]
[764, 132]
[604, 56]
[736, 318]
[83, 84]
[903, 985]
[428, 429]
[32, 202]
[327, 385]
[424, 405]
[18, 714]
[132, 145]
[170, 236]
[887, 1054]
[65, 66]
[107, 204]
[554, 1087]
[972, 82]
[279, 280]
[896, 286]
[1076, 29]
[205, 301]
[506, 507]
[1423, 268]
[610, 1008]
[488, 103]
[293, 294]
[586, 587]
[527, 528]
[85, 129]
[907, 272]
[179, 1438]
[293, 956]
[794, 859]
[53, 54]
[161, 882]
[187, 188]
[386, 387]
[55, 56]
[500, 455]
[105, 1324]
[593, 84]
[854, 950]
[622, 163]
[115, 116]
[604, 58]
[618, 133]
[1155, 102]
[183, 184]
[617, 810]
[771, 1467]
[696, 697]
[205, 677]
[765, 339]
[386, 25]
[617, 507]
[266, 1293]
[79, 191]
[227, 583]
[130, 969]
[1071, 392]
[1050, 129]
[500, 456]
[601, 339]
[1359, 437]
[404, 168]
[726, 727]
[523, 75]
[43, 44]
[206, 1051]
[214, 100]
[130, 1439]
[275, 1259]
[41, 139]
[68, 29]
[510, 152]
[761, 1120]
[849, 850]
[18, 800]
[836, 837]
[55, 58]
[311, 195]
[320, 190]
[52, 431]
[191, 600]
[0, 1]
[372, 420]
[604, 110]
[910, 911]
[159, 472]
[185, 1195]
[30, 522]
[285, 385]
[430, 9]
[295, 195]
[687, 417]
[132, 1228]
[424, 425]
[18, 976]
[464, 170]
[277, 278]
[247, 1200]
[812, 665]
[12, 1036]
[83, 406]
[1050, 66]
[582, 1030]
[214, 215]
[1481, 585]
[378, 1465]
[277, 1290]
[1447, 1448]
[350, 1457]
[224, 110]
[1267, 590]
[832, 1176]
[30, 31]
[274, 267]
[921, 405]
[610, 100]
[285, 58]
[1067, 504]
[210, 871]
[372, 1212]
[395, 79]
[421, 15]
[450, 495]
[421, 638]
[538, 9]
[224, 56]
[273, 100]
[647, 202]
[74, 0]
[79, 1480]
[30, 56]
[1, 689]
[970, 1209]
[295, 173]
[422, 82]
[208, 665]
[407, 183]
[386, 808]
[794, 967]
[201, 95]
[606, 582]
[1203, 1249]
[644, 645]
[1098, 267]
[791, 272]
[87, 95]
[55, 385]
[381, 781]
[829, 1358]
[0, 633]
[433, 434]
[120, 121]
[317, 665]
[18, 1384]
[189, 190]
[161, 1047]
[98, 1109]
[138, 190]
[316, 1449]
[895, 9]
[1061, 298]
[681, 801]
[671, 132]
[796, 797]
[453, 1034]
[260, 133]
[1029, 731]
[16, 1222]
[671, 1230, 66]
[1016, 1017]
[30, 628]
[327, 369]
[652, 653]
[8, 9]
[1442, 1226]
[374, 1081]
[892, 495]
[113, 114]
[273, 917]
[399, 1022]
[172, 129]
[299, 1149]
[1001, 1002]
[381, 1407]
[205, 600]
[527, 39]
[1310, 1000]
[467, 732]
[482, 483]
[212, 110]
[530, 95]
[724, 224]
[231, 1323]
[291, 292]
[1151, 272]
[548, 1441]
[762, 763]
[1225, 1226]
[105, 106]
[958, 959]
[694, 695]
[1352, 298]
[854, 922]
[719, 720]
[838, 286]
[809, 25]
[92, 93]
[130, 973]
[1275, 1276]
[767, 768]
[17, 1034]
[295, 400]
[561, 1408]
[1316, 84]
[495, 496]
[12, 494]
[510, 125]
[1430, 298]
[416, 1056]
[1101, 100]
[31, 42]
[453, 341]
[220, 37]
[1042, 9]
[1328, 1329]
[1156, 938]
[746, 747]
[565, 362]
[841, 5]
[691, 145]
[25, 1040]
[283, 284]
[18, 67]
[829, 830]
[87, 1145]
[395, 190]
[657, 658]
[657, 525]
[325, 326]
[317, 318]
[584, 585]
[1053, 303]
[57, 110]
[252, 253]
[479, 103]
[32, 843]
[936, 766]
[1256, 91]
[563, 1473]
[130, 1390]
[1378, 912]
[393, 394]
[126, 127]
[1043, 56]
[210, 227]
[577, 725]
[240, 778]
[185, 556]
[530, 381]
[1325, 979]
[320, 139]
[757, 758]
[295, 1226]
[18, 544]
[275, 276]
[316, 320]
[1330, 1161]
[218, 219]
[271, 29]
[390, 458, 362]
[124, 588]
[865, 100]
[10, 341]
[233, 234]
[1263, 1264]
[443, 444]
[1317, 483]
[32, 408]
[523, 204]
[149, 340]
[210, 597]
[547, 548]
[542, 489]
[983, 487]
[977, 363]
[12, 13]
[1065, 1066]
[426, 478]
[887, 12]
[17, 807]
[217, 398]
[802, 204]
[545, 546]
[1097, 801]
[678, 679]
[1057, 9]
[451, 102]
[516, 190]
[115, 1241]
[165, 166]
[760, 134, 135]
[285, 9]
[652, 549]
[1210, 1211]
[25, 1371]
[811, 1215]
[890, 891]
[181, 182]
[724, 445]
[87, 343]
[710, 1261]
[1435, 1436]
[39, 79]
[36, 37]
[474, 1311]
[1206, 633]
[6, 850]
[529, 195]
[39, 996]
[247, 248, 610]
[32, 1292]
[606, 543]
[897, 1478]
[527, 1277]
[818, 863]
[1342, 110]
[55, 139]
[237, 190]
[866, 867]
[39, 30]
[416, 688]
[541, 29]
[839, 840]
[335, 336]
[371, 1454]
[485, 267]
[870, 82]
[594, 595]
[1305, 210]
[1023, 1024]
[479, 123]
[390, 1335]
[489, 1080]
[934, 679]
[960, 1365]
[124, 125]
[138, 56]
[360, 1345]
[32, 33]
[218, 435]
[1458, 619]
[224, 163]
[647, 648]
[124, 561]
[16, 17]
[1313, 267]
[1114, 1115]
[749, 267]
[376, 1295]
[325, 747]
[610, 66]
[1, 1206]
[929, 930]
[75, 1376]
[446, 447]
[997, 1372]
[8, 769]
[348, 654]
[1332, 637]
[644, 1087]
[30, 385]
[87, 919]
[266, 944]
[565, 566]
[974, 141]
[563, 1163]
[304, 1450]
[81, 82]
[606, 549]
[794, 795]
[49, 655]
[55, 537]
[224, 752]
[202, 100]
[47, 48]
[61, 62]
[875, 876]
[692, 234]
[374, 375]
[480, 481]
[1251, 1252]
[1341, 400]
[694, 1088]
[1205, 1206]
[348, 522]
[883, 884]
[172, 851]
[229, 559]
[467, 880]
[593, 639]
[130, 1130]
[382, 383]
[238, 239]
[943, 979]
[344, 345]
[524, 1078]
[1194, 1195]
[98, 150]
[149, 1405]
[181, 204]
[467, 468]
[30, 168]
[1288, 1356]
[130, 577]
[994, 995]
[1434, 627]
[17, 589]
[1053, 504]
[370, 371]
[315, 163]
[827, 82]
[455, 456]
[888, 889]
[467, 310]
[348, 56]
[596, 371]
[112, 93]
[85, 296]
[214, 504]
[264, 265]
[18, 432]
[547, 877]
[1416, 1417]
[202, 1075]
[726, 5]
[135, 1468]
[1146, 1147]
[746, 1482]
[365, 366]
[484, 9]
[6, 7]
[960, 993]
[661, 405]
[260, 261]
[12, 104]
[534, 232]
[783, 502]
[395, 29]
[467, 684]
[1190, 1331]
[30, 384]
[997, 998]
[943, 408]
[154, 155]
[41, 42]
[191, 256]
[368, 362]
[159, 549]
[198, 1175]
[14, 367]
[205, 607]
[438, 439]
[1302, 383]
[509, 25]
[304, 908]
[126, 699]
[18, 257]
[629, 499]
[776, 777]
[397, 217]
[152, 153]
[925, 298]
[474, 493]
[183, 204]
[16, 324]
[338, 537]
[1011, 1012]
[1428, 1429]
[386, 1007]
[878, 879]
[87, 49]
[327, 190]
[65, 109]
[47, 1006]
[165, 844]
[254, 255]
[681, 798]
[49, 733, 798]
[240, 510]
[966, 487]
[514, 129]
[573, 445]
[231, 963]
[1092, 35]
[31, 385]
[421, 367]
[271, 272]
[1204, 858]
[362, 363]
[384, 58]
[1233, 1248]
[316, 1132]
[997, 996]
[893, 894]
[674, 675]
[1301, 362]
[676, 677]
[838, 56]
[96, 97]
[576, 110]
[899, 1120]
[382, 605]
[161, 162]
[536, 82]
[1262, 183]
[794, 1009]
[941, 842]
[4, 5]
[332, 1168]
[348, 369]
[1445, 1446]
[338, 317]
[900, 655]
[883, 1254]
[1357, 803]
[785, 786]
[149, 164]
[557, 558]
[245, 246]
[920, 1379]
[676, 301]
[513, 1380]
[573, 770]
[1444, 1081]
[814, 163]
[136, 137]
[582, 583]
[887, 1443]
[530, 919]
[866, 1388]
[262, 263]
[498, 9]
[948, 1385]
[198, 33]
[574, 575]
[1112, 851]
[24, 25]
[181, 339]
[451, 851]
[53, 405]
[358, 267]
[30, 364]
[105, 1180]
[183, 1402]
[384, 56]
[376, 1169]
[1278, 1279]
[223, 56]
[266, 1344]
[1055, 546]
[229, 400]
[488, 639]
[1014, 3]
[295, 296]
[1122, 402]
[1113, 1006]
[304, 916]
[610, 133]
[881, 882]
[907, 908]
[53, 806]
[1391, 1077]
[83, 103]
[101, 1472]
[529, 452]
[671, 66]
[1044, 766]
[440, 1068]
[803, 100]
[268, 1010]
[191, 1297]
[68, 171]
[964, 303]
[149, 873]
[689, 690]
[45, 916]
[201, 860]
[1107, 82]
[601, 195]
[479, 614]
[51, 111]
[573, 752]
[117, 118]
[384, 385]
[1037, 48]
[450, 5]
[698, 699]
[488, 241]
[10, 1221]
[1304, 557]
[1184, 173]
[1287, 82]
[282, 272]
[1124, 129]
[1422, 993]
[418, 978]
[750, 751]
[30, 334]
[1223, 1311]
[205, 1297]
[122, 123]
[834, 261]
[249, 9]
[942, 362]
[18, 1462]
[479, 639]
[459, 82]
[143, 144]
[787, 788]
[227, 228]
[149, 500]
[442, 5]
[513, 351]
[605, 1048]
[755, 318]
[404, 334]
[491, 177]
[524, 690]
[527, 861]
[235, 202]
[954, 955]
[637, 229]
[523, 5]
[1183, 9]
[929, 1024]
[205, 906]
[285, 110]
[1001, 1182]
[970, 971]
[771, 772]
[978, 394]
[1232, 558]
[138, 139]
[399, 286]
[1364, 71, 72]
[1037, 1038]
[90, 91]
[281, 9]
[932, 1049]
[325, 381]
[224, 369]
[440, 1370]
[283, 65]
[1116, 523]
[30, 1291]
[569, 570]
[94, 860]
[1234, 1208]
[175, 110]
[1330, 938]
[970, 1153]
[1129, 303]
[1223, 1224]
[497, 775]
[49, 50]
[1257, 1258]
[672, 673]
[728, 876]
[779, 95]
[43, 110]
[304, 272]
[1110, 1486]
[530, 531]
[548, 400]
[18, 1117]
[1110, 1111]
[978, 1]
[717, 665]
[376, 1170]
[620, 3]
[92, 723]
[798, 801]
[14, 209]
[734, 735]
[98, 99]
[1134, 683]
[30, 337]
[1363, 1249]
[285, 139]
[1185, 1186]
[467, 263]
[462, 463]
[22, 23]
[1361, 1362]
[610, 261]
[77, 334]
[548, 558]
[201, 202]
[897, 898]
[886, 421]
[1395, 1396]
[87, 88]
[258, 259]
[352, 353]
[283, 1021]
[811, 1282]
[30, 665]
[124, 1265]
[523, 1355]
[57, 56]
[1320, 25]
[424, 1337]
[657, 924]
[1183, 5]
[436, 437]
[693, 567]
[311, 312]
[172, 296]
[637, 23]
[381, 1142]
[640, 641]
[74, 1120]
[604, 385]
[1151, 29]
[18, 177]
[234, 269]
[87, 1291]
[39, 396]
[514, 515]
[687, 688]
[196, 197]
[161, 1160]
[124, 1069]
[1240, 752]
[252, 608]
[148, 149]
[1097, 798]
[117, 1409]
[1237, 82]
[203, 129]
[196, 727]
[138, 1229]
[130, 560]
[1270, 1271]
[358, 445]
[1288, 1289]
[227, 597]
[132, 133]
[374, 621]
[338, 3]
[1207, 1208]
[63, 64]
[191, 192]
[650, 651]
[73, 74]
[191, 940]
[124, 1060]
[317, 1222]
[322, 982]
[119, 47]
[183, 195]
[307, 25]
[181, 609]
[1129, 504]
[1177, 29]
[378, 379]
[304, 956]
[1059, 132]
[1196, 234]
[397, 824]
[542, 549]
[1086, 25]
[1392, 735]
[107, 108]
[652, 597]
[856, 798]
[45, 46]
[268, 269]
[568, 9]
[203, 877]
[518, 1404]
[399, 190]
[332, 333]
[338, 100]
[845, 846]
[508, 5]
[561, 562]
[825, 25]
[601, 851]
[591, 473, 474]
[1373, 1374]
[12, 725]
[652, 489]
[662, 663]
[89, 5]
[229, 230]
[0, 689]
[1333, 1334]
[896, 385]
[575, 439]
[818, 5]
[10, 11]
[1156, 1157]
[1283, 298]
[892, 75]
[451, 452]
[1338, 1339]
[693, 1427]
[101, 457]
[128, 82]
[149, 455]
[527, 603]
[191, 526]
[308, 555]
[327, 110]
[275, 495]
[1181, 163]
[75, 766]
[6, 1003]
[107, 1394]
[1092, 683]
[148, 456]
[315, 445]
[558, 1247]
[266, 452]
[565, 931]
[625, 626]
[798, 799]
[961, 1121]
[1433, 29]
[476, 1460]
[552, 553]
[185, 649]
[968, 567]
[1152, 91]
[1139, 684]
[576, 190]
[85, 400]
[57, 385]
[818, 204]
[161, 540]
[426, 427]
[872, 665]
[322, 323]
[1024, 1148]
[765, 106]
[1242, 1243]
[794, 1063]
[668, 360]
[55, 286]
[903, 803]
[200, 5]
[1027, 1192]
[18, 19]
[518, 638]
[130, 163]
[275, 1488]
[231, 232]
[1267, 253]
[32, 95]
[115, 1455]
[404, 901]
[18, 1398]
[227, 1030]
[1401, 911]
[237, 58]
[124, 709]
[1178, 1179]
[132, 261]
[569, 703]
[1112, 267]
[948, 949]
[650, 874]
[779, 708]
[327, 58]
[506, 912]
[829, 1410]
[20, 21]
[1105, 596]
[30, 1031]
[195, 831]
[1391, 392]
[91, 329]
[636, 637]
[285, 286]
[598, 599]
[206, 207]
[122, 1159]
[965, 504]
[85, 86]
[201, 843]
[724, 56]
[416, 417]
[1476, 1477]
[28, 29]
[728, 729]
[765, 104]
[124, 59]
[755, 665]
[1367, 1368]
[200, 1099]
[1173, 1174]
[277, 1280]
[746, 95]
[744, 745]
[124, 372]
[523, 9]
[75, 741, 495]
[834, 133]
[193, 1138]
[30, 1187]
[523, 627]
[1093, 66]
[558, 1025]
[558, 1485]
[101, 1298]
[489, 597]
[395, 396]
[669, 216, 217]
[818, 9]
[1026, 402]
[550, 551]
[634, 1148]
[327, 56]
[964, 504]
[94, 202]
[75, 76]
[854, 855]
[542, 543]
[1045, 487]
[18, 1072]
[582, 227]
[1058, 665]
[1267, 1268]
[295, 1125]
[945, 946]
[904, 1135]
[887, 106]
[386, 567]
[39, 1484]
[75, 270]
[1453, 9]
[469, 82]
[576, 369]
[159, 712]
[198, 226]
[89, 441]
[610, 611]
[615, 988]
[489, 490]
[904, 557]
[631, 632]
[659, 660]
[32, 1197]
[1347, 102]
[85, 851]
[462, 9]
[450, 75]
[446, 9]
[773, 502]
[380, 261]
[83, 639]
[440, 441]
[726, 366]
[200, 29]
[205, 940]
[521, 522]
[656, 362]
[55, 324]
[662, 1123]
[676, 209]
[330, 331]
[1431, 1432]
[30, 1466]
[335, 454]
[451, 339]
[384, 190]
[451, 400]
[266, 29]
[718, 683]
[79, 80]
[1309, 9]
[793, 497]
[601, 452]
[388, 389]
[414, 415]
[32, 1175]
[498, 909, 9]
[832, 632]
[1027, 1028]
[524, 525]
[647, 95]
[59, 60]
[159, 160]
[647, 943]
[498, 499]
[742, 1489]
[212, 1218]
[1004, 267]
[411, 412]
[41, 385]
[397, 1308]
[302, 504]
[634, 1087]
[75, 184]
[865, 133]
[273, 110]
[376, 517]
[187, 1094]
[606, 1239]
[896, 56]
[601, 102]
[220, 221]
[1281, 1211]
[530, 88]
[381, 1415]
[862, 261]
[479, 241]
[518, 15]
[615, 616]
[172, 86]
[767, 774]
[31, 56]
[1058, 318]
[42, 367]
[989, 990]
[1381, 9]
[1346, 25]
[14, 928]
[172, 400]
[593, 1250]
[1387, 110]
[1090, 660]
[1406, 383]
[1005, 1006]
[989, 1213]
[674, 1133]
[316, 139]
[1189, 35]
[832, 981]
[132, 100]
[39, 40]
[1103, 1104]
[1260, 831]
[252, 590]
[965, 303]
[672, 185]
[430, 431]
[961, 962]
[446, 5]
[1487, 894]
[1219, 1220]
[1272, 575]
[16, 537]
[615, 703]
[518, 205]
[281, 96]
[185, 328]
[348, 110]
[1342, 385]
[1150, 766]
[913, 1070]
[623, 624]
[135, 329]
[205, 192]
[380, 133]
[31, 58]
[702, 195]
[287, 867]
[1052, 9]
[85, 195]
[100, 101]
[321, 29]
[826, 337]
[1189, 683]
[34, 683]
[16, 318]
[77, 78]
[1399, 911]
[582, 228]
[856, 801]
[887, 1253]
[31, 359]
[277, 150]
[737, 1299]
[349, 3]
[12, 572]
[295, 851]
[41, 58]
[771, 1421]
[500, 873]
[36, 570]
[890, 1471]
[172, 312]
[634, 828]
[1098, 29]
[16, 535]
[210, 211]
[388, 564]
[32, 1375]
[87, 680]
[354, 89]
[57, 58]
[926, 927]
[154, 912]
[235, 842]
[185, 581]
[1181, 445]
[302, 303]
[30, 1319]
[633, 690]
[1201, 100]
[1231, 29]
[1483, 190]
[1424, 385]
[480, 298]
[1306, 1252]
[85, 173]
[229, 851]
[794, 1366]
[37, 174]
[794, 1451]
[612, 613]
[404, 405]
[94, 843]
[576, 385]
[820, 821]
[319, 5]
[120, 754]
[43, 385]
[563, 778]
[813, 487]
[722, 723]
[17, 665]
[538, 171]
[1393, 1123]
[316, 923]
[951, 952]
[710, 711]
[523, 495]
[25, 213]
[41, 56]
[534, 1452]
[1350, 1351]
[30, 901]
[433, 939]
[498, 630]
[30, 17]
[1245, 1246]
[25, 236]
[348, 44]
[16, 665]
[30, 286]
[503, 303]
[183, 670]
[913, 914]
[761, 1]
[55, 987]
[51, 52]
[191, 906]
[706, 707]
[428, 747]
[138, 385]
[1240, 445]
[1128, 454]
[1313, 29]
[39, 190]
[325, 1412]
[1382, 1383]
[191, 268]
[1108, 190]
[1321, 1479]
[96, 935]
[563, 1041]
[804, 805]
[1321, 1322]
[1233, 100]
[957, 110]
[30, 178]
[320, 385]
[530, 680]
[1336, 665]
[112, 723]
[915, 298]
[1202, 298]
[235, 95]
[403, 82]
[1437, 5]
[59, 1461]
[101, 1400]
[1349, 341]
[1306, 1163]
[14, 15]
[920, 354]
[1314, 1315]
[1062, 129]
[399, 139]
[264, 824]
[399, 56]
[77, 168]
[36, 703]
[682, 82]
[185, 780]
[554, 634]
[728, 106]
[235, 1286]
[421, 928]
[1440, 621]
[208, 11]
[240, 1165]
[87, 708]
[25, 475]
[501, 502]
[1164, 339]
[511, 512]
[275, 833]
[503, 504]
[748, 496]
[304, 5]
[926, 1049]
[61, 537]
[101, 167]
[815, 816]
[730, 731]
[953, 400]
[1198, 1199]
[960, 106]
[322, 272]
[1348, 362]
[87, 153]
[548, 515]
[1403, 100]
[176, 9]
[47, 759]
[1181, 770]
[495, 635]
[1360, 385]
[413, 82]
[49, 1294]
[907, 5]
[101, 142]
[1095, 1096]
[295, 129]
[970, 1035]
[30, 266]
[185, 1475]
[818, 196]
[977, 1075]
[1238, 1239]
[563, 510]
[563, 861]
[862, 133]
[1073, 1074]
[61, 535]
[85, 1226]
[87, 152]
[1171, 1172]
[1312, 1051]
[381, 811]
[401, 402]
[722, 93]
[932, 933]
[34, 35]
[865, 261]
[1469, 1470]
[1082, 362]
[231, 1094]
[423, 132]
[586, 263]
[818, 171]
[1118, 1119]
[1244, 375]
[835, 9]
[85, 178]
[83, 241]
[579, 580]
[399, 58]
[428, 95]
[605, 3]
[348, 225]
[240, 435]
