[738, 1373]
[175, 581]
[377, 209]
[277, 125]
[101, 1132]
[969, 970]
[383, 80]
[631, 385]
[197, 871]
[923, 1317]
[275, 1363]
[20, 971]
[195, 840]
[1080, 284]
[230, 564]
[267, 11]
[533, 534]
[419, 11]
[1208, 1209]
[399, 80]
[1305, 284]
[1260, 1203]
[261, 262]
[587, 151]
[193, 194]
[606, 607]
[252, 1247]
[1162, 1037]
[1303, 1304]
[367, 967]
[548, 106]
[75, 312]
[1315, 1201]
[248, 653]
[805, 806]
[494, 11]
[728, 1074]
[704, 300]
[369, 536]
[43, 366]
[273, 830]
[413, 1323]
[957, 958]
[1083, 475]
[1375, 254]
[601, 602]
[94, 95]
[224, 225]
[1215, 1219]
[640, 128]
[359, 1249]
[198, 199]
[145, 1357]
[578, 1191]
[734, 741]
[1318, 1319]
[194, 96]
[1318, 1402]
[177, 196]
[240, 241]
[302, 366]
[1053, 31]
[1260, 1116]
[466, 605]
[469, 11]
[1133, 737]
[66, 67]
[424, 380]
[714, 89]
[381, 382]
[471, 431]
[85, 7]
[1098, 1099]
[97, 1252]
[355, 1037]
[20, 1337]
[1108, 98]
[1012, 11]
[1212, 177]
[999, 733]
[166, 380]
[654, 720]
[202, 834]
[216, 54]
[263, 1244]
[113, 1361]
[746, 89]
[269, 980]
[585, 586]
[319, 299]
[1046, 37]
[185, 901]
[632, 633]
[20, 515]
[795, 796]
[759, 141]
[1070, 494]
[126, 549]
[68, 165]
[602, 939]
[307, 677]
[902, 343]
[57, 508]
[460, 461]
[2, 3]
[916, 106]
[632, 1077]
[578, 520]
[32, 598]
[872, 258]
[1215, 1216]
[1368, 1369]
[379, 54]
[177, 639]
[1183, 31]
[1190, 1191]
[846, 1206]
[695, 347]
[281, 1102]
[855, 73]
[660, 141]
[500, 189]
[494, 1409]
[230, 410]
[1275, 1434]
[32, 1018]
[548, 349]
[288, 7]
[355, 591]
[1010, 517]
[53, 945]
[329, 217]
[1294, 380]
[1021, 287]
[1135, 7]
[1281, 1282]
[403, 450]
[363, 577]
[299, 300]
[629, 630]
[413, 414]
[423, 466]
[582, 900]
[462, 231]
[1186, 1160]
[1312, 366]
[436, 11]
[923, 102]
[250, 251]
[603, 657]
[26, 27]
[1295, 106]
[57, 506]
[1109, 1114]
[277, 84]
[554, 555]
[687, 652]
[166, 296]
[365, 184]
[379, 981]
[850, 16]
[329, 349]
[585, 672]
[1046, 652]
[627, 886]
[570, 571]
[330, 5]
[175, 320]
[288, 1401]
[33, 42]
[522, 523]
[695, 696]
[1185, 106]
[83, 84]
[103, 320]
[277, 189]
[654, 655]
[947, 948]
[279, 280]
[329, 106]
[530, 984]
[1395, 1037]
[313, 1246]
[395, 937]
[509, 165]
[526, 604]
[1233, 1164]
[477, 877]
[257, 31]
[526, 1041]
[686, 428]
[128, 96]
[32, 312]
[51, 107]
[752, 753]
[1306, 1307]
[20, 409]
[224, 925]
[166, 189]
[1038, 343]
[53, 54]
[1088, 652]
[103, 1348]
[216, 157]
[187, 188]
[936, 344]
[401, 1290]
[55, 56]
[717, 253]
[1105, 87]
[259, 880]
[183, 184]
[746, 677]
[1285, 607]
[497, 498]
[73, 196]
[384, 312]
[1196, 356]
[426, 324]
[434, 435]
[1047, 64]
[277, 167]
[535, 745]
[1177, 1178]
[103, 104]
[298, 1086]
[419, 420]
[595, 596]
[775, 1149]
[775, 1234]
[932, 80]
[1384, 31]
[621, 460]
[220, 531]
[170, 11]
[43, 44]
[1088, 37]
[52, 1085]
[159, 808]
[166, 167]
[252, 172]
[1439, 184]
[869, 870]
[405, 89]
[329, 54]
[743, 744]
[298, 184]
[0, 1]
[1259, 202]
[55, 366]
[529, 530]
[1155, 1201]
[53, 56]
[572, 189]
[910, 911]
[131, 1421]
[361, 1367]
[778, 157]
[497, 1229]
[792, 162]
[20, 935]
[1104, 258]
[424, 425]
[1376, 366]
[43, 106]
[277, 278]
[930, 992]
[319, 96]
[738, 739]
[462, 609]
[1202, 1203]
[1396, 1397]
[797, 1128]
[377, 378]
[623, 1248]
[177, 1354]
[304, 940]
[766, 96]
[292, 293]
[1236, 1237]
[108, 692]
[30, 31]
[535, 1116]
[166, 278]
[1289, 13]
[1283, 900]
[972, 5]
[494, 466]
[166, 84]
[361, 748]
[177, 178]
[0, 1025]
[398, 15]
[407, 408]
[863, 864]
[853, 854]
[1289, 428]
[150, 877]
[933, 137]
[1239, 1309]
[1316, 69, 70]
[120, 560]
[314, 315]
[365, 54]
[204, 1168]
[530, 1441]
[638, 208, 209]
[643, 644]
[85, 414]
[1053, 253]
[398, 608]
[604, 794]
[379, 366]
[269, 63]
[687, 37]
[286, 287]
[268, 258]
[49, 904]
[463, 171]
[126, 152]
[1217, 241]
[825, 247]
[972, 973]
[518, 519]
[230, 1118]
[81, 526]
[1081, 429]
[120, 121]
[582, 964]
[1260, 106]
[302, 184]
[59, 1414]
[846, 847]
[32, 318]
[855, 11]
[97, 138]
[53, 135]
[307, 308]
[494, 597]
[548, 366]
[36, 652]
[55, 54]
[20, 1071]
[341, 1298]
[252, 31]
[27, 1324]
[627, 628]
[1061, 189]
[365, 56]
[19, 745]
[663, 1042]
[1188, 970]
[18, 306]
[758, 258]
[32, 428]
[8, 9]
[1005, 64]
[257, 258]
[732, 102]
[732, 320]
[298, 1400]
[155, 1002]
[267, 92]
[535, 824]
[113, 114]
[898, 899]
[218, 987]
[754, 755]
[607, 25]
[1145, 701]
[757, 31]
[482, 483]
[81, 609]
[828, 96]
[1167, 279]
[39, 32]
[582, 129]
[549, 694]
[197, 186]
[762, 763]
[346, 347]
[640, 64]
[448, 1413]
[610, 539]
[1000, 459]
[1006, 11]
[228, 229]
[766, 1055]
[1096, 1097]
[1158, 603]
[427, 428]
[227, 56]
[261, 799]
[155, 156]
[818, 884]
[92, 93]
[1142, 1284]
[887, 1004]
[474, 475]
[1275, 1276]
[767, 768]
[43, 96]
[872, 7]
[1316, 962]
[202, 218]
[32, 866]
[1351, 875]
[495, 496]
[202, 569]
[872, 873]
[155, 1113]
[142, 143]
[695, 7]
[545, 418]
[1241, 651]
[153, 444]
[1117, 320]
[1300, 98]
[271, 366]
[390, 80]
[490, 491]
[441, 80]
[1299, 27]
[974, 975]
[1040, 27]
[32, 38]
[185, 579]
[1058, 1059]
[283, 284]
[501, 361]
[34, 542]
[955, 1325]
[592, 157]
[856, 857]
[829, 830]
[128, 141]
[1436, 557]
[118, 1112]
[325, 326]
[164, 226]
[489, 197]
[1440, 857]
[252, 253]
[63, 105]
[510, 366]
[882, 335]
[419, 1257]
[118, 119]
[665, 666]
[333, 334]
[134, 135]
[855, 466]
[120, 1215]
[466, 467]
[97, 1426]
[928, 539]
[20, 1350]
[393, 394]
[126, 127]
[415, 7]
[446, 1265]
[728, 3]
[452, 284]
[39, 77]
[1156, 823]
[1335, 1336]
[572, 425]
[878, 284]
[288, 915]
[1150, 1151]
[1217, 1218]
[218, 219]
[1428, 1420]
[424, 320]
[485, 486]
[1379, 1380]
[286, 475]
[204, 106]
[872, 879]
[982, 983]
[273, 274]
[795, 1362]
[150, 151]
[227, 184]
[277, 380]
[469, 876, 11]
[535, 1427]
[353, 397]
[12, 13]
[1065, 1066]
[1029, 1030]
[1067, 815]
[869, 1089]
[200, 13]
[281, 282]
[362, 129]
[126, 230]
[163, 164]
[173, 1389]
[173, 174]
[34, 672]
[923, 951]
[298, 885]
[18, 300]
[587, 478]
[519, 380]
[477, 478]
[83, 380]
[1313, 1314]
[88, 89]
[277, 1079]
[833, 80]
[235, 236, 582]
[181, 182]
[426, 13]
[361, 959]
[828, 129]
[533, 1360]
[265, 266]
[351, 352]
[738, 1420]
[732, 100]
[663, 664]
[36, 37]
[782, 196]
[83, 1178]
[792, 318]
[367, 368]
[1207, 87]
[218, 569]
[658, 394]
[492, 493]
[457, 253]
[462, 99]
[145, 430]
[537, 538]
[145, 321]
[250, 789]
[791, 27]
[497, 824]
[858, 11]
[1013, 428]
[1381, 284]
[1302, 324]
[41, 135]
[400, 128]
[1238, 80]
[375, 376]
[500, 425]
[495, 1034]
[547, 412]
[153, 681]
[391, 392]
[261, 466]
[73, 178]
[116, 117]
[924, 475]
[32, 33]
[647, 648]
[343, 344]
[16, 17]
[49, 589]
[874, 875]
[19, 561]
[1358, 364]
[1371, 1372]
[153, 154]
[667, 1107, 361]
[565, 1204]
[1175, 1176]
[83, 167]
[357, 358]
[619, 620]
[126, 1084]
[81, 82]
[1005, 125]
[190, 696]
[800, 247]
[658, 659]
[1078, 125]
[47, 48]
[61, 62]
[1103, 733]
[393, 659]
[558, 249]
[32, 162]
[566, 1279]
[887, 888]
[12, 324]
[32, 19]
[20, 683]
[220, 380]
[1144, 97]
[1065, 1224]
[835, 428]
[921, 1075]
[1194, 1195]
[729, 730]
[454, 455]
[1264, 958]
[185, 244]
[33, 366]
[669, 796]
[103, 196]
[120, 678]
[32, 272]
[384, 162]
[1047, 1111, 64]
[111, 1408]
[1076, 382]
[855, 7]
[263, 264]
[16, 544]
[556, 557]
[1050, 1051]
[288, 258]
[120, 1014]
[398, 890]
[782, 7]
[83, 189]
[519, 1392]
[39, 952]
[224, 1277]
[1416, 1417]
[1269, 1270]
[1146, 1147]
[216, 418]
[365, 366]
[8, 962]
[6, 7]
[413, 1023]
[684, 7]
[1159, 1160]
[297, 157]
[35, 168]
[41, 42]
[1388, 7]
[359, 488]
[252, 1297]
[458, 459]
[20, 245]
[373, 374]
[33, 340]
[97, 1352]
[185, 573]
[81, 386]
[14, 890]
[691, 692]
[891, 983]
[782, 190]
[193, 89]
[1083, 287]
[1393, 1178]
[237, 238]
[1258, 529]
[566, 567]
[66, 98]
[1021, 475]
[1175, 1265]
[52, 408]
[1320, 1321]
[471, 430]
[626, 343]
[1009, 475]
[126, 106]
[1242, 1405]
[359, 1122]
[1104, 31]
[195, 125]
[254, 255]
[480, 27]
[722, 428]
[131, 311]
[1295, 366]
[39, 184]
[1374, 951]
[782, 961]
[32, 493]
[47, 966]
[377, 1262]
[313, 89]
[271, 272]
[49, 769]
[1136, 278]
[424, 189]
[403, 1036]
[384, 866]
[604, 1100]
[126, 214]
[126, 1390]
[96, 97]
[32, 1273]
[978, 979]
[45, 879]
[621, 520]
[848, 258]
[776, 428]
[81, 231]
[246, 247]
[393, 1011]
[558, 559]
[1398, 1399]
[32, 252]
[540, 11]
[1222, 547]
[4, 5]
[750, 473]
[801, 11]
[784, 785]
[261, 1210]
[621, 569]
[610, 843]
[882, 1331]
[197, 1251]
[765, 196]
[83, 278]
[14, 348]
[230, 745]
[314, 1119]
[472, 473]
[1283, 1114]
[862, 496]
[355, 356]
[136, 137]
[582, 583]
[663, 1349]
[1330, 877]
[667, 668]
[3, 1158]
[451, 82]
[986, 700]
[20, 1027]
[519, 125]
[128, 129]
[24, 25]
[144, 145]
[1136, 167]
[675, 676]
[192, 1054]
[513, 520]
[145, 471]
[1332, 523]
[894, 895]
[1227, 1228]
[448, 449]
[729, 881]
[398, 348]
[363, 364]
[930, 1106]
[295, 296]
[512, 31]
[145, 836]
[316, 429]
[662, 843]
[860, 861]
[588, 129]
[1022, 343]
[907, 908]
[495, 657]
[16, 694]
[905, 1338]
[998, 106]
[197, 579]
[546, 547]
[775, 1288]
[309, 54]
[643, 1087]
[1404, 11]
[1391, 591]
[963, 253]
[298, 135]
[1109, 900]
[850, 1205]
[299, 428]
[689, 690]
[1052, 762]
[1060, 568]
[1310, 766]
[1411, 589]
[384, 385]
[535, 685]
[998, 54]
[1019, 1020]
[554, 218]
[724, 725]
[1301, 343]
[582, 64]
[16, 100]
[537, 343]
[185, 186]
[868, 943]
[521, 287]
[912, 380]
[20, 764]
[662, 539]
[731, 128]
[120, 64]
[656, 657]
[424, 815]
[494, 1308]
[216, 106]
[302, 135]
[446, 465]
[919, 920]
[179, 528]
[295, 189]
[554, 219]
[813, 814]
[1056, 96]
[1355, 96]
[32, 365]
[77, 1435]
[8, 812]
[710, 1443]
[513, 460]
[83, 125]
[926, 475]
[269, 990]
[309, 366]
[481, 121]
[86, 87]
[39, 1438]
[94, 1063]
[155, 511]
[309, 56]
[1197, 1198]
[671, 189]
[20, 1415]
[809, 810]
[240, 580]
[451, 609]
[179, 747]
[216, 349]
[1271, 82]
[47, 726]
[90, 91]
[27, 447]
[101, 1278]
[32, 366]
[844, 845]
[357, 1418]
[699, 700]
[497, 751]
[359, 1127]
[577, 5]
[1223, 1224]
[288, 873]
[49, 50]
[802, 803]
[19, 771]
[405, 406]
[484, 332]
[190, 191]
[136, 1272]
[216, 217]
[1153, 96]
[1255, 343]
[361, 775]
[1072, 1073]
[545, 719]
[144, 431]
[263, 1232]
[734, 735]
[12, 1173]
[423, 73]
[645, 201]
[1217, 562]
[22, 23]
[1189, 80]
[240, 562]
[32, 1245]
[930, 989]
[658, 994]
[33, 56]
[563, 445, 446]
[367, 539]
[1235, 284]
[593, 594]
[1163, 1164]
[252, 425]
[829, 1341]
[456, 11]
[519, 530]
[936, 1031]
[248, 249]
[497, 575]
[582, 141]
[865, 624]
[419, 7]
[19, 991]
[32, 345]
[350, 343]
[32, 1139]
[1268, 31]
[1026, 1033]
[1016, 284]
[1032, 31]
[947, 1166]
[436, 437]
[27, 226]
[891, 892]
[693, 216]
[407, 11]
[101, 102]
[189, 798]
[166, 815]
[452, 453]
[960, 961]
[53, 272]
[292, 527]
[505, 225]
[1326, 1327]
[33, 54]
[337, 201]
[148, 234]
[148, 149]
[242, 243]
[727, 130, 131]
[212, 722]
[818, 819]
[578, 554]
[73, 709, 466]
[1386, 1387]
[679, 1028]
[377, 789]
[1094, 1095]
[1044, 630]
[10, 736]
[850, 1008]
[983, 1100]
[1148, 223]
[126, 1343]
[132, 133]
[1211, 798]
[41, 366]
[697, 102]
[930, 1161]
[927, 459]
[18, 508]
[63, 64]
[782, 11]
[650, 651]
[73, 74]
[194, 1031]
[442, 443]
[309, 106]
[313, 1149]
[705, 1253]
[1274, 27]
[20, 171]
[868, 766]
[1407, 1405]
[218, 555]
[111, 112]
[1064, 184]
[192, 31]
[426, 991]
[507, 80]
[469, 600]
[288, 879]
[195, 196]
[489, 15]
[379, 135]
[610, 249]
[329, 44]
[501, 1424]
[248, 843]
[45, 46]
[479, 7]
[223, 255]
[20, 65]
[451, 231]
[175, 196]
[671, 320]
[1353, 875]
[353, 1165]
[623, 701]
[227, 135]
[32, 54]
[3, 656]
[123, 124]
[97, 432]
[277, 815]
[179, 1429]
[10, 11]
[818, 909]
[541, 672]
[339, 253]
[1068, 1069]
[859, 54]
[1378, 343]
[572, 815]
[641, 642]
[697, 698]
[39, 376]
[1185, 96]
[1141, 652]
[18, 1174]
[239, 11]
[509, 7]
[230, 481]
[601, 1128]
[704, 428]
[212, 213]
[299, 1174]
[949, 857]
[701, 762]
[387, 177]
[309, 349]
[645, 646]
[1213, 1214]
[451, 584]
[883, 385]
[825, 129]
[198, 1007]
[965, 966]
[212, 35]
[494, 7]
[341, 342]
[92, 897]
[271, 106]
[73, 733]
[1242, 1243]
[1192, 418]
[18, 19]
[134, 184]
[189, 950]
[120, 353]
[782, 581]
[375, 77]
[316, 317]
[714, 1437]
[1342, 291]
[2, 656]
[481, 742]
[297, 418]
[797, 602]
[68, 11]
[301, 7]
[27, 207]
[423, 7]
[541, 542]
[691, 91]
[551, 552]
[273, 354]
[20, 21]
[565, 82]
[576, 54]
[937, 374]
[19, 428]
[1145, 677]
[1344, 703]
[175, 176]
[804, 54]
[619, 837]
[49, 385]
[405, 715]
[18, 506]
[955, 956]
[535, 995]
[53, 366]
[416, 417]
[549, 100]
[565, 609]
[607, 220]
[773, 343]
[28, 29]
[177, 189]
[331, 332]
[634, 504]
[693, 418]
[197, 646]
[820, 762]
[537, 893]
[259, 106]
[610, 790]
[71, 728]
[1220, 1221]
[109, 110]
[578, 514]
[401, 385]
[279, 915]
[179, 618]
[576, 56]
[375, 31]
[889, 284]
[365, 742]
[42, 348]
[838, 839]
[1133, 418]
[27, 996]
[222, 223]
[472, 1057]
[307, 1364]
[1062, 80]
[153, 520]
[451, 386]
[662, 1266]
[1268, 253]
[75, 76]
[192, 7]
[361, 1359]
[661, 223]
[200, 428]
[894, 1004]
[850, 1394]
[587, 774]
[259, 96]
[773, 1022]
[1013, 300]
[451, 119]
[822, 823]
[548, 184]
[1334, 11]
[134, 366]
[518, 840]
[261, 1442]
[869, 529]
[362, 247]
[746, 406]
[850, 102]
[1184, 530]
[610, 1266]
[783, 48]
[367, 770]
[645, 285]
[166, 125]
[782, 165]
[1340, 106]
[859, 272]
[599, 470]
[1047, 128]
[712, 713]
[1141, 37]
[68, 31]
[197, 901]
[379, 272]
[75, 162]
[487, 56]
[398, 285]
[489, 608]
[181, 1048]
[187, 1092]
[1286, 1287]
[304, 305]
[55, 106]
[590, 5]
[88, 194]
[1109, 105]
[1431, 1432]
[88, 96]
[87, 311]
[1345, 1077]
[707, 708]
[924, 287]
[955, 952]
[352, 568]
[985, 382]
[269, 270]
[379, 184]
[485, 125]
[53, 306]
[471, 836]
[937, 3]
[782, 827]
[439, 440]
[953, 954]
[516, 517]
[79, 80]
[388, 389]
[210, 410]
[14, 285]
[185, 871]
[460, 1035]
[18, 428]
[530, 1199]
[524, 525]
[59, 60]
[828, 247]
[159, 160]
[411, 412]
[862, 1074]
[329, 493]
[32, 988]
[197, 285]
[1093, 653]
[134, 54]
[898, 733]
[716, 467]
[220, 221]
[1049, 343]
[18, 58]
[779, 780]
[90, 692]
[395, 396, 2]
[615, 616]
[722, 300]
[1256, 364]
[185, 1251]
[169, 106]
[501, 89]
[1130, 1131]
[209, 378]
[403, 404]
[1123, 1124]
[352, 1406]
[793, 80]
[921, 922]
[39, 40]
[497, 39]
[702, 703]
[430, 431]
[1267, 1007]
[1137, 1138]
[32, 1419]
[1157, 1158]
[81, 99]
[271, 135]
[576, 106]
[126, 157]
[126, 929]
[224, 1048]
[216, 719]
[513, 514]
[313, 194]
[851, 852]
[623, 624]
[1385, 597]
[254, 968]
[1230, 1231]
[77, 185]
[811, 812]
[896, 648]
[134, 1181]
[438, 164]
[307, 715]
[505, 1403]
[72, 2]
[960, 1134]
[610, 653]
[1009, 287]
[804, 272]
[77, 78]
[2, 603]
[94, 146]
[248, 294]
[669, 670]
[740, 473]
[941, 459]
[1179, 162]
[32, 172]
[202, 203]
[1346, 1347]
[424, 98]
[108, 91]
[772, 27]
[210, 211]
[615, 1041]
[83, 172]
[298, 302]
[1145, 623]
[277, 1178]
[604, 1041]
[841, 842]
[57, 58]
[71, 72]
[185, 254]
[1430, 1224]
[489, 1356]
[451, 99]
[585, 946]
[122, 80]
[762, 821]
[926, 287]
[460, 569]
[807, 7]
[1135, 11]
[905, 906]
[1365, 1366]
[120, 59]
[494, 1322]
[820, 821]
[641, 179]
[1422, 1423]
[319, 5]
[128, 1180]
[289, 27]
[649, 80]
[1067, 253]
[714, 715]
[53, 508]
[309, 184]
[16, 993]
[193, 96]
[568, 352]
[710, 711]
[1263, 11]
[41, 56]
[263, 146]
[1154, 284]
[1185, 1200]
[339, 418]
[859, 366]
[307, 361]
[145, 158]
[97, 161]
[128, 247]
[271, 11]
[1250, 165]
[1239, 1240]
[197, 573]
[335, 85]
[637, 341]
[917, 918]
[494, 196]
[427, 13]
[913, 914]
[1192, 719]
[111, 1193]
[51, 52]
[120, 533]
[535, 1045]
[621, 622]
[930, 1115]
[155, 845]
[185, 499]
[139, 140]
[930, 931]
[1052, 821]
[246, 129]
[252, 903]
[795, 1311]
[1125, 1126]
[379, 56]
[1382, 1383]
[83, 815]
[1109, 1110]
[331, 1410]
[134, 349]
[41, 54]
[797, 939]
[786, 27]
[521, 475]
[816, 817]
[220, 815]
[1090, 1091]
[1280, 106]
[367, 27]
[474, 287]
[1187, 177]
[777, 459]
[572, 98]
[33, 1181]
[849, 398]
[73, 1328]
[235, 1152]
[120, 1024]
[611, 612]
[860, 1433]
[14, 15]
[73, 256]
[469, 470]
[572, 320]
[14, 201]
[582, 247]
[679, 680]
[215, 54]
[582, 96]
[742, 323]
[1133, 157]
[116, 721]
[599, 600]
[179, 1147]
[375, 184]
[693, 54]
[303, 31]
[52, 942]
[359, 360]
[379, 183]
[369, 370]
[800, 129]
[1175, 1254]
[16, 468]
[501, 502]
[72, 1074]
[1022, 27]
[509, 11]
[1015, 128]
[147, 7]
[1142, 1143]
[1108, 875]
[115, 47]
[831, 832]
[126, 532]
[433, 80]
[640, 1182, 64]
[1291, 1292]
[1129, 31]
[545, 737]
[519, 486]
[853, 1425]
[1017, 125]
[487, 184]
[705, 706]
[697, 839]
[1140, 27]
[329, 625]
[535, 481]
[179, 310]
[319, 508]
[260, 253]
[997, 11]
[216, 737]
[577, 1003]
[1171, 1172]
[401, 402]
[554, 987]
[271, 56]
[34, 35]
[1026, 372]
[123, 668]
[576, 366]
[484, 1333]
[304, 258]
[494, 73]
[179, 553]
