510,2 5
510,1 1
1089,1 2
1102,3 1
1102,2 1
458,2 1
1102,1 1
458,1 1
645,2 4
645,1 2
832,1 1
60,1 4
419,1 3
606,2 2
967,1 1
606,1 5
263,1 2
21,1 5
450,1 1
398,1 1
772,5 1
772,4 1
772,3 2
585,1 1
772,2 2
8,5 1
772,1 2
8,4 7
8,3 1
8,2 2
1003,1 2
8,1 14
359,1 2
546,1 1
390,1 2
1499,1 1
920,1 1
96,1 2
507,1 2
0,3 1
0,2 3
351,1 2
0,1 4
57,3 1
57,2 7
829,1 1
57,1 1
1491,1 1
312,2 1
312,1 2
1078,1 1
18,1 15
1452,1 1
447,1 4
821,1 2
1226,2 2
1226,1 1
1413,1 1
252,1 1
10,1 2
1031,1 1
917,1 1
400,3 1
213,1 2
400,2 1
1166,3 2
400,1 8
1166,2 5
1166,1 1
192,2 2
896,1 2
192,1 9
722,1 2
1314,1 1
857,1 1
340,4 1
340,3 7
340,2 4
340,1 4
1293,2 1
1293,1 1
288,1 6
46,1 2
662,2 2
662,1 4
1067,1 1
1441,2 2
436,1 1
797,1 1
1441,1 1
984,1 1
280,2 1
280,1 5
810,1 1
1215,1 1
758,1 1
241,1 1
202,5 1
202,4 7
202,3 1
376,1 5
1381,1 1
202,2 2
906,1 1
202,1 4
524,2 7
524,1 9
1477,1 1
690,4 1
846,1 1
74,1 1
690,3 2
690,2 2
690,1 1
1095,1 1
1282,3 2
1282,2 5
1282,1 1
35,1 2
238,5 1
238,4 7
238,3 1
1056,1 2
238,2 2
238,1 4
599,1 3
1243,1 1
786,1 1
1378,5 1
425,1 1
1378,4 7
612,1 2
1378,3 1
973,1 1
1378,2 2
1017,1 1
1378,1 1
1204,1 2
230,1 4
1339,1 2
708,4 2
708,3 5
708,2 1
1183,1 1
708,1 2
552,3 4
1370,1 1
552,2 6
552,1 2
326,3 2
874,4 1
326,2 5
326,1 5
874,3 7
1331,1 1
874,2 1
170,2 1
874,1 3
170,1 1
648,1 1
835,2 5
835,1 1
492,1 3
1084,1 2
609,1 1
24,1 1
640,2 1
640,1 2
588,2 1
1232,1 1
588,1 4
227,1 8
414,1 1
775,1 3
1367,1 1
736,1 3
923,1 4
580,1 4
354,2 1
354,1 1
489,1 1
1133,1 1
676,2 1
676,1 1
1320,1 1
502,1 2
637,1 2
998,1 1
294,1 1
52,2 3
52,1 2
824,1 1
120,1 2
959,1 2
1260,1 1
255,1 3
442,1 1
990,1 1
577,1 3
1356,1 2
899,2 5
899,1 1
538,1 1
195,1 2
725,1 1
382,2 2
382,1 5
912,1 2
88,3 1
88,2 3
1504,1 1
88,1 9
156,1 2
1296,1 1
1122,1 1
117,1 2
80,1 3
1444,2 1
1444,1 1
439,1 1
813,4 1
626,1 1
813,3 7
1218,4 1
813,2 1
1218,3 2
813,1 2
1218,2 1
470,1 6
1218,1 1
948,1 2
792,1 1
431,1 3
1197,1 2
1384,2 1
1384,1 2
909,1 3
753,1 1
1345,1 1
184,2 2
714,2 1
184,1 5
714,1 1
371,1 2
901,1 1
77,4 1
77,3 3
77,2 4
849,1 1
77,1 2
880,1 1
1285,1 2
38,1 1
106,1 4
654,2 1
654,1 1
1059,2 1
1059,1 2
1246,2 3
1246,1 1
615,3 1
1433,1 1
789,1 3
1090,1 1
615,2 4
615,1 4
976,1 2
802,1 1
30,1 1
1207,1 1
781,1 3
368,2 1
1012,1 1
1373,1 1
368,1 1
555,1 1
742,1 1
1147,1 2
1334,1 1
877,1 1
173,2 2
173,1 8
703,1 2
66,1 1
134,1 1
682,3 1
682,2 8
682,1 2
269,1 2
27,1 5
1461,1 1
456,1 1
830,1 1
604,1 1
261,1 1
396,4 2
396,3 9
396,2 3
1040,1 1
396,1 4
583,1 3
357,1 1
1362,1 2
6,1 3
544,1 1
679,3 1
679,2 2
866,3 1
679,1 2
1323,1 3
318,1 2
94,2 1
866,2 2
866,1 2
94,1 1
827,2 2
827,1 8
310,2 5
310,1 1
671,1 1
1263,1 1
16,1 6
1450,1 1
993,1 2
1398,2 1
1037,1 1
1398,1 1
219,2 1
219,1 1
250,6 1
767,2 1
250,5 7
1411,1 1
406,1 1
250,4 1
767,1 1
250,3 8
250,2 1
250,1 2
915,1 1
211,2 3
572,1 1
211,1 4
159,1 4
1351,1 1
894,1 1
190,2 1
190,1 2
720,1 1
1125,1 2
307,1 6
151,1 1
1447,1 1
44,4 1
629,1 1
286,2 2
44,3 7
1291,1 1
44,2 1
286,1 4
44,1 4
473,1 1
660,1 2
1408,1 1
1065,1 2
795,1 1
982,1 1
1387,1 1
569,2 1
569,1 3
1400,1 1
756,1 2
187,1 1
1192,1 1
374,1 3
561,2 3
561,1 1
148,3 1
148,2 7
148,1 2
1153,1 1
522,1 1
1114,3 1
1114,2 2
1114,1 2
1475,1 1
1249,3 2
844,1 2
72,1 2
140,1 2
1249,2 5
1249,1 1
1280,1 1
33,2 1
33,1 6
101,2 1
101,1 1
1054,4 1
1054,3 3
1054,2 3
1054,1 1
597,3 2
597,2 1
597,1 1
236,1 4
971,1 1
1376,1 1
1202,2 5
1202,1 1
745,3 1
745,2 3
745,1 1
519,2 8
519,1 4
176,1 1
706,1 1
550,1 1
498,2 1
137,1 2
1142,1 1
498,1 2
324,1 1
511,2 2
872,1 2
511,1 3
1277,2 1
1277,1 1
1103,2 5
1103,1 1
1464,1 1
1238,1 1
1082,1 1
22,1 2
929,1 2
412,3 1
1230,1 1
412,2 2
412,1 2
547,2 3
547,1 3
734,2 6
734,1 3
1139,1 1
1326,2 1
1326,1 2
1,4 1
1170,1 1
165,1 2
1,3 1
1,2 2
1,1 2
1131,3 7
1131,2 9
58,1 8
1131,1 1
126,1 1
487,1 1
674,1 1
1079,1 1
50,4 1
996,1 1
50,3 3
292,2 1
292,1 2
50,2 1
822,1 1
50,1 4
1071,1 2
957,1 1
253,1 1
388,2 5
1393,1 1
388,1 5
918,1 1
214,1 3
401,2 1
401,1 6
762,1 1
1167,1 2
1354,1 1
349,1 7
536,1 2
380,1 2
910,1 1
1128,1 1
86,3 2
86,2 2
86,1 7
154,1 2
1120,3 1
819,2 5
476,2 2
819,1 1
1120,2 1
1481,1 1
1120,1 1
115,1 3
476,1 1
302,1 2
1068,1 1
1255,1 2
1442,1 1
624,1 3
811,1 3
1029,1 1
1216,2 1
1216,1 2
1060,1 1
1195,1 3
203,4 1
203,3 7
203,2 1
203,1 2
751,1 2
1156,1 1
1343,1 1
699,1 1
182,2 1
525,1 3
712,2 2
182,1 5
712,1 2
1304,1 1
143,1 1
691,3 1
691,2 2
691,1 2
278,4 1
278,3 7
278,2 1
1283,1 1
278,1 3
465,2 1
1470,1 1
465,1 1
652,1 2
426,5 1
1057,1 1
426,4 7
426,3 1
1244,1 1
426,2 5
426,1 1
974,1 1
613,1 4
800,1 1
1018,1 1
748,1 2
592,1 2
179,2 1
179,1 1
1010,1 3
553,2 4
553,1 6
740,1 3
688,1 1
875,1 2
514,1 2
171,1 1
701,1 1
1106,2 1
1106,1 1
132,4 1
132,3 7
836,1 2
64,1 3
132,2 1
132,1 5
267,1 4
454,1 3
641,1 3
1420,1 1
602,2 1
602,1 1
1368,2 1
1368,1 1
394,1 1
220,1 1
581,1 2
1329,1 1
4,1 1
1360,1 1
355,1 2
542,1 3
92,5 1
92,4 7
677,1 1
92,3 1
316,1 1
92,2 2
864,1 3
92,1 4
1269,1 1
638,2 1
638,1 2
825,1 1
53,1 3
482,1 8
1074,1 1
14,1 5
991,2 1
630,1 1
991,1 1
217,4 1
217,3 7
578,2 1
217,2 1
217,1 4
578,1 1
404,1 1
539,1 1
383,1 2
1162,1 1
531,2 2
531,1 2
892,1 2
1297,1 1
1123,2 1
1123,1 2
479,1 2
666,2 1
666,1 1
305,1 2
1445,1 1
988,1 1
284,2 2
42,2 1
284,1 2
1219,3 1
814,1 1
42,1 5
1219,2 2
1219,1 1
1406,1 1
245,2 1
1250,1 1
245,1 1
793,1 1
980,1 2
1198,1 2
1024,1 1
567,3 2
567,2 3
206,1 8
567,1 8
1211,1 1
528,5 5
1159,1 1
941,1 2
528,4 25
1346,1 1
528,3 26
528,2 8
528,1 7
715,1 1
372,1 2
78,3 1
78,2 1
78,1 7
146,1 1
520,1 1
881,1 4
655,5 1
655,4 7
468,1 1
1112,1 1
655,3 1
655,2 4
655,1 4
1247,4 1
842,1 3
1247,3 7
1247,2 1
1247,1 3
429,1 3
1091,1 1
803,3 1
803,2 2
273,1 2
803,1 1
460,1 1
421,5 1
421,4 2
234,2 1
234,1 1
421,3 4
421,2 3
421,1 2
1187,1 1
1200,1 1
517,1 2
704,1 3
361,1 1
1109,1 2
839,1 3
496,1 1
322,1 1
1275,1 1
28,1 1
1101,2 1
1462,1 1
644,3 4
1101,1 1
644,2 2
644,1 1
1423,4 1
1236,1 3
1423,3 7
1423,2 1
1423,1 1
418,1 1
20,2 4
20,1 9
1041,1 1
223,2 3
927,1 1
223,1 3
771,3 2
410,3 2
771,2 1
410,2 5
771,1 1
410,1 1
1176,1 1
732,1 1
1137,1 1
319,2 1
319,1 6
95,1 1
867,1 1
506,1 1
350,1 1
1459,1 1
56,4 1
298,2 2
56,3 7
56,2 1
298,1 9
828,1 1
56,1 6
124,2 9
1077,5 1
124,1 10
485,1 1
1077,4 7
672,1 2
1077,3 1
1077,2 5
1077,1 1
994,5 1
994,4 1
1451,1 1
994,3 2
994,2 2
633,1 1
994,1 2
290,1 3
251,5 1
1412,1 1
768,1 1
251,4 7
407,1 4
251,3 1
251,2 8
199,5 1
251,1 1
199,4 7
199,3 1
199,2 5
199,1 11
386,2 1
729,1 1
386,1 5
573,1 2
760,1 3
1165,2 1
1165,1 1
347,1 1
534,1 1
1126,1 2
669,3 1
669,2 1
669,1 1
308,1 1
84,1 1
152,1 1
1448,1 1
113,1 1
300,1 1
248,1 1
1253,1 1
1440,1 1
622,1 3
1214,4 1
1027,1 2
1214,3 7
1214,2 1
1214,1 1
209,1 2
1401,1 1
944,2 1
944,1 2
240,1 3
1349,1 2
188,1 2
905,2 8
1380,1 1
905,1 4
201,1 3
562,1 3
149,2 2
149,1 7
697,1 3
336,1 2
884,1 1
180,1 2
710,1 2
1115,1 2
1302,1 1
658,1 2
845,1 1
619,4 1
1437,1 1
619,3 7
619,2 1
619,1 8
806,2 1
276,1 2
102,2 1
806,1 3
463,1 2
102,1 7
650,1 1
1055,1 1
424,1 5
611,1 4
559,2 2
559,1 2
1203,1 2
746,1 1
590,1 1
1338,2 5
1338,1 1
177,1 1
364,1 1
1143,1 2
499,1 4
138,1 6
1330,1 2
686,1 3
512,1 1
130,4 2
130,3 4
62,1 2
130,2 8
130,1 15
491,1 3
1426,1 1
969,1 1
265,1 1
452,2 2
452,1 6
774,5 1
774,4 7
774,3 1
226,1 1
774,2 5
774,1 1
961,1 1
600,1 2
1179,1 1
1366,2 5
1005,1 1
1366,1 1
392,2 1
392,1 3
1327,1 1
509,1 1
98,1 3
353,1 1
2,1 1
488,1 1
1493,1 1
127,1 2
90,5 1
314,2 2
90,4 2
90,3 2
314,1 2
90,2 5
862,1 1
501,1 3
90,1 11
449,2 8
449,1 3
1454,1 1
293,1 1
823,1 1
1072,1 1
958,2 1
958,1 1
12,1 3
441,1 1
919,5 1
919,4 7
919,3 1
1033,1 1
919,2 2
919,1 2
576,1 1
1220,1 1
950,1 1
1168,1 4
898,1 1
194,1 2
1129,1 1
1503,1 1
859,1 1
342,1 1
890,1 1
1295,2 1
1295,1 1
1121,2 2
48,1 3
1121,1 1
1482,1 1
477,1 2
851,1 1
1256,1 2
1443,1 1
799,1 1
40,4 5
625,1 1
986,1 6
40,3 25
282,1 1
40,2 26
40,1 7
1217,1 1
243,3 2
243,2 3
243,1 5
378,1 1
1383,1 1
908,1 1
565,1 3
204,1 3
887,1 1
1118,4 1
370,2 2
1118,3 7
900,2 6
370,1 1
1118,2 1
76,5 1
1118,1 1
900,1 5
76,4 2
1305,1 1
76,3 4
76,2 3
848,1 2
76,1 2
692,1 1
331,1 1
1110,5 1
1110,4 7
279,1 1
1110,3 1
37,2 1
1110,2 5
37,1 3
466,1 1
1110,1 3
1058,1 1
427,1 3
271,3 1
271,2 1
271,1 7
801,1 2
1206,3 1
1206,2 7
1206,1 1
749,1 2
1050,1 2
936,1 1
232,1 4
1185,1 2
1372,1 1
328,1 6
515,1 2
702,2 1
702,1 1
1107,3 1
1107,2 1
1107,1 1
681,5 1
837,1 1
681,4 7
494,1 1
681,3 1
681,2 5
681,1 3
320,1 3
26,2 5
26,1 1
642,1 1
777,1 2
416,1 1
1421,1 1
964,1 2
1369,1 1
738,2 1
738,1 2
925,1 1
582,2 1
582,1 1
221,1 2
1361,1 1
543,1 1
730,1 2
1322,3 3
678,2 2
1322,2 4
678,1 1
1322,1 1
504,1 2
161,1 5
1457,1 1
639,1 1
296,1 2
54,1 5
122,1 2
483,1 2
670,2 1
670,1 1
1418,1 1
1075,1 2
1262,1 1
257,1 1
444,1 3
631,1 1
1036,2 1
1036,1 1
1397,1 1
579,1 1
1223,1 1
1410,1 2
766,1 2
953,1 2
1358,1 1
197,1 2
727,1 1
384,2 2
384,1 2
914,1 2
1319,2 1
1319,1 1
532,5 1
1350,3 4
1163,1 2
1350,2 2
532,4 2
1350,1 1
532,3 4
345,1 1
532,2 6
532,1 6
119,2 3
119,1 1
82,3 2
667,1 3
82,2 9
82,1 3
854,1 1
1259,1 1
285,1 1
43,1 1
472,1 1
1251,1 1
246,1 1
433,1 2
981,1 2
207,1 2
755,2 1
755,1 1
186,2 1
1191,1 1
186,1 8
716,1 1
903,1 2
1308,1 1
1152,1 1
334,1 2
695,1 2
1287,1 3
108,1 3
1300,1 1
71,1 3
1248,1 1
978,1 3
32,3 3
100,3 1
32,2 17
100,2 1
804,1 8
32,1 23
1209,2 1
100,1 2
461,1 1
1209,1 1
422,4 1
939,1 1
1240,1 1
422,3 3
235,1 1
422,2 4
783,1 1
422,1 1
1014,1 2
557,1 1
1149,1 1
931,1 1
136,2 2
68,1 2
1141,1 1
136,1 1
684,1 2
323,1 3
