[295, 175]
[526, 1081]
[193, 943]
[201, 33]
[481, 1250]
[903, 656]
[295, 86]
[43, 102]
[0, 635]
[956, 402]
[1236, 102]
[18, 1016]
[397, 398]
[75, 1380]
[575, 772]
[764, 921]
[1287, 302]
[1324, 25]
[1239, 1015]
[1313, 9]
[418, 1059]
[500, 9]
[726, 56]
[1457, 9]
[492, 105]
[1137, 685]
[1208, 1209]
[376, 377]
[132, 160]
[965, 1369]
[1095, 35]
[1300, 173]
[193, 194]
[321, 5]
[1014, 1015]
[602, 341]
[207, 1301]
[399, 826]
[193, 1301]
[820, 206]
[229, 599]
[910, 5]
[1031, 404]
[103, 144]
[1048, 489]
[1485, 587]
[1206, 1253]
[69, 70]
[957, 958]
[967, 506]
[198, 729]
[423, 640]
[94, 95]
[612, 263]
[198, 199]
[405, 82]
[868, 869]
[529, 1281]
[195, 995]
[800, 803]
[1318, 1319]
[225, 56]
[531, 195]
[596, 597]
[69, 104]
[1462, 621]
[973, 1038]
[910, 919]
[240, 241]
[119, 1413]
[18, 1388]
[520, 207]
[1276, 577]
[226, 165]
[313, 314]
[532, 682]
[287, 288]
[481, 243]
[1098, 1099]
[47, 1009]
[1363, 439]
[151, 1409]
[418, 419]
[295, 131]
[739, 740]
[256, 257]
[570, 9]
[820, 5]
[150, 458]
[1437, 29]
[525, 206]
[406, 904]
[979, 365]
[306, 274]
[704, 341]
[235, 236]
[88, 682]
[75, 206]
[638, 639]
[742, 743]
[1045, 9]
[732, 733]
[723, 685]
[306, 5]
[18, 802]
[804, 206]
[1117, 1118]
[203, 204]
[2, 3]
[297, 959]
[103, 169]
[210, 11]
[1184, 165]
[700, 701]
[68, 9]
[910, 274]
[132, 976]
[1438, 629]
[171, 238]
[1143, 1144]
[189, 1096]
[481, 84]
[1119, 525]
[1393, 309]
[239, 141]
[1337, 1338]
[664, 665]
[266, 267]
[748, 749]
[16, 62]
[430, 749]
[828, 172]
[575, 447]
[287, 112]
[73, 763]
[299, 300]
[875, 667]
[388, 810]
[680, 681]
[413, 414]
[785, 504]
[140, 141]
[327, 382]
[516, 131]
[30, 38]
[973, 1212]
[1180, 29]
[1194, 1335]
[867, 135]
[26, 27]
[43, 387]
[52, 1134]
[156, 157]
[350, 112]
[1121, 1122]
[100, 101, 364]
[579, 727]
[226, 56]
[306, 959]
[902, 1124]
[906, 805]
[1385, 9]
[392, 1339]
[554, 555]
[1192, 35]
[17, 667]
[306, 911]
[1236, 1252]
[187, 558]
[1334, 941]
[297, 298]
[442, 1071]
[397, 79]
[1108, 598]
[324, 985]
[1115, 269]
[83, 84]
[452, 75]
[428, 429]
[820, 866]
[633, 634]
[759, 760]
[1309, 212]
[79, 193]
[117, 1244]
[65, 66]
[1478, 1471]
[464, 9]
[100, 84]
[654, 655]
[1076, 1077]
[279, 280]
[420, 981]
[126, 590]
[378, 1469]
[945, 364]
[748, 91]
[1368, 71, 72]
[584, 229]
[55, 387]
[207, 909]
[293, 294]
[586, 587]
[606, 387]
[752, 753]
[126, 1269]
[53, 54]
[79, 1484]
[386, 387]
[52, 433]
[490, 599]
[1430, 364]
[55, 56]
[659, 929]
[329, 56]
[1243, 754]
[115, 116]
[481, 641]
[183, 184]
[295, 853]
[390, 566]
[695, 569]
[30, 524]
[523, 524]
[696, 697]
[284, 274]
[185, 611]
[270, 1013]
[12, 931]
[1331, 112]
[32, 204]
[767, 106]
[532, 91]
[642, 643]
[426, 1341]
[1032, 733]
[1041, 48]
[208, 209]
[620, 135]
[1317, 29]
[242, 1168]
[18, 716]
[965, 996]
[757, 667]
[575, 754]
[126, 374]
[565, 1044]
[151, 502]
[973, 974]
[30, 630]
[43, 44]
[1125, 404]
[1017, 1018]
[68, 29]
[174, 86]
[204, 1078]
[890, 1447]
[340, 102]
[827, 25]
[849, 850]
[55, 58]
[525, 629]
[544, 545]
[103, 1302]
[951, 1389]
[1420, 1421]
[636, 1151]
[83, 641]
[1350, 25]
[251, 9]
[291, 375]
[163, 542]
[0, 1]
[83, 556]
[529, 530]
[617, 618]
[910, 911]
[174, 296]
[181, 1442]
[532, 533]
[132, 165]
[295, 195]
[490, 1082]
[287, 9]
[1271, 592]
[1154, 29]
[380, 1172]
[277, 278]
[1086, 1087]
[109, 1400]
[306, 1454]
[602, 104]
[578, 192]
[268, 454]
[657, 364]
[55, 141]
[279, 152]
[550, 560]
[606, 56]
[736, 737]
[800, 801]
[39, 1488]
[963, 964]
[124, 1161]
[30, 31]
[1104, 102]
[1382, 915]
[18, 1120]
[717, 5]
[1432, 1433]
[967, 305]
[674, 187]
[161, 551]
[319, 320]
[767, 341]
[167, 168]
[233, 1096]
[602, 454]
[840, 56]
[203, 861]
[382, 783]
[324, 325]
[1095, 685]
[617, 705]
[151, 876]
[74, 0]
[525, 75]
[973, 1165]
[30, 56]
[30, 1067]
[109, 341]
[187, 1479]
[973, 1035]
[273, 29]
[103, 459]
[529, 863]
[350, 44]
[836, 263]
[1291, 82]
[1396, 737]
[1093, 662]
[318, 1135]
[107, 1183]
[304, 506]
[1060, 9]
[606, 58]
[649, 650]
[567, 934]
[1271, 1272]
[193, 528]
[401, 288]
[275, 112]
[317, 447]
[846, 847]
[859, 860]
[189, 190]
[212, 229]
[1054, 9]
[350, 370]
[14, 727]
[496, 497]
[612, 135]
[840, 288]
[1260, 1261]
[277, 496]
[511, 25]
[627, 628]
[895, 9]
[900, 901]
[1002, 1003]
[132, 1443]
[406, 172]
[289, 1415]
[1199, 236]
[226, 754]
[285, 65]
[796, 797]
[18, 548]
[30, 1323]
[47, 761]
[652, 653]
[8, 9]
[971, 569]
[382, 1411]
[469, 883]
[1063, 134]
[1423, 1424]
[380, 381]
[1017, 3]
[565, 1094]
[694, 236]
[796, 1370]
[730, 108]
[229, 1033]
[1110, 82]
[895, 75]
[6, 852]
[291, 869]
[204, 102]
[482, 483]
[155, 5]
[10, 345]
[673, 1233, 66]
[831, 1362]
[1240, 82]
[563, 564]
[161, 474]
[654, 551]
[624, 165]
[654, 599]
[291, 292]
[1186, 9]
[117, 1459]
[57, 112]
[187, 330]
[346, 347]
[773, 1471]
[1155, 93]
[372, 373]
[55, 990]
[53, 621]
[571, 572]
[92, 93]
[728, 5]
[486, 9]
[132, 224]
[83, 408]
[30, 180]
[183, 206]
[939, 940]
[975, 82]
[142, 143]
[380, 1299]
[435, 436]
[678, 303]
[1353, 345]
[1490, 897]
[836, 135]
[531, 454]
[633, 1179]
[608, 584]
[31, 42]
[453, 341]
[490, 491]
[1237, 1211]
[401, 191]
[923, 1383]
[746, 747]
[576, 577]
[487, 269]
[32, 1296]
[977, 143]
[18, 67]
[231, 561]
[318, 141]
[856, 857]
[17, 809]
[584, 585]
[126, 563]
[183, 1406]
[1332, 1333]
[424, 82]
[1058, 547]
[689, 419]
[796, 1066]
[766, 134]
[134, 135]
[1127, 131]
[1139, 1140]
[126, 127]
[1159, 111]
[673, 66]
[895, 5]
[139, 331]
[226, 447]
[767, 108]
[796, 862]
[428, 1084]
[900, 1482]
[277, 1492]
[1070, 305]
[960, 112]
[445, 446]
[103, 1476]
[1345, 402]
[85, 180]
[481, 616]
[212, 599]
[319, 667]
[273, 274]
[578, 370]
[968, 506]
[448, 1307]
[899, 387]
[233, 234]
[295, 402]
[150, 151]
[565, 780]
[397, 192]
[399, 219]
[185, 206]
[510, 5]
[1308, 559]
[1056, 506]
[25, 1043]
[503, 1105]
[12, 13]
[132, 112]
[18, 434]
[1029, 1030]
[1241, 1242]
[963, 1123]
[237, 1290]
[1310, 112]
[32, 845]
[678, 679]
[796, 970]
[242, 512]
[281, 282]
[12, 211]
[329, 370]
[512, 127]
[593, 475, 476]
[536, 1456]
[88, 710]
[203, 845]
[1115, 853]
[163, 164]
[401, 192]
[373, 598]
[39, 997]
[453, 104]
[88, 89]
[525, 5]
[6, 1006]
[886, 1258]
[1210, 1211]
[652, 877]
[181, 182]
[285, 1036]
[1167, 341]
[452, 5]
[226, 227]
[140, 1232]
[671, 218, 219]
[226, 772]
[1435, 1436]
[469, 312]
[39, 79]
[36, 37]
[992, 993]
[167, 848]
[764, 765]
[1439, 1440]
[602, 853]
[367, 368]
[567, 364]
[619, 157]
[132, 1133]
[536, 234]
[423, 931]
[77, 172]
[453, 454]
[1065, 131]
[134, 263]
[39, 30]
[335, 336]
[773, 774]
[327, 328]
[469, 686]
[724, 95]
[1192, 685]
[340, 3]
[902, 527]
[550, 402]
[595, 84]
[969, 489]
[124, 125]
[455, 11]
[32, 33]
[1154, 274]
[1191, 25]
[16, 17]
[18, 980]
[684, 82]
[898, 9]
[1325, 1326]
[279, 1294]
[856, 925]
[649, 91]
[1371, 1372]
[153, 154]
[455, 345]
[484, 485]
[1305, 364]
[262, 135]
[1306, 385]
[222, 757]
[1175, 1176]
[730, 879]
[170, 171]
[374, 1215]
[81, 82]
[471, 82]
[944, 844]
[187, 1198]
[1269, 1273]
[981, 396]
[47, 48]
[61, 62]
[132, 972]
[890, 14]
[435, 942]
[207, 603]
[726, 447]
[30, 386]
[790, 791]
[350, 227]
[1194, 1195]
[14, 498]
[467, 468]
[145, 146]
[49, 656]
[998, 999]
[1279, 1280]
[12, 369]
[392, 460, 364]
[25, 1375]
[319, 1225]
[540, 173]
[1187, 296]
[247, 248]
[739, 1303]
[390, 391]
[1351, 104]
[608, 545]
[726, 226]
[981, 1]
[532, 382]
[85, 296]
[1266, 183]
[16, 326]
[1097, 66]
[540, 5]
[126, 1062]
[264, 265]
[55, 539]
[384, 607]
[890, 108]
[140, 387]
[1269, 1270]
[283, 9]
[382, 1147]
[6, 7]
[260, 261]
[1395, 1080]
[356, 87]
[1342, 1343]
[896, 897]
[560, 1028]
[816, 165]
[1159, 1160]
[41, 42]
[1316, 1055]
[1023, 50]
[1149, 1150]
[1100, 803]
[132, 1394]
[1046, 56]
[438, 439]
[742, 1493]
[884, 885]
[464, 465]
[12, 303]
[1026, 1027]
[691, 692]
[1346, 112]
[231, 853]
[469, 265]
[602, 195]
[520, 640]
[778, 779]
[532, 89]
[820, 198]
[337, 338]
[17, 780]
[878, 879]
[283, 96]
[200, 1102]
[201, 1178]
[1222, 1223]
[1467, 1468]
[1209, 635]
[1262, 93]
[1226, 1304]
[1100, 800]
[161, 714]
[254, 255]
[380, 519]
[1130, 456]
[94, 725]
[805, 1103]
[364, 365]
[1340, 667]
[1354, 1355]
[578, 112]
[1397, 1126]
[550, 517]
[678, 211]
[31, 361]
[329, 192]
[1, 1209]
[1186, 5]
[53, 407]
[362, 363]
[893, 894]
[674, 675]
[939, 768]
[820, 173]
[676, 677]
[1056, 305]
[354, 355]
[476, 495]
[30, 366]
[96, 97]
[268, 1297]
[1004, 1005]
[581, 582]
[161, 162]
[216, 506]
[461, 82]
[520, 13]
[317, 165]
[18, 259]
[540, 9]
[723, 35]
[693, 147]
[193, 258]
[1398, 1399]
[1137, 35]
[617, 991]
[1236, 112]
[4, 5]
[237, 91]
[132, 579]
[14, 106]
[1352, 364]
[738, 320]
[30, 387]
[666, 535]
[1061, 667]
[472, 473]
[750, 497]
[270, 271]
[584, 230]
[136, 137]
[31, 387]
[207, 609]
[262, 263]
[499, 777]
[659, 527]
[16, 320]
[886, 887]
[24, 25]
[889, 423]
[1159, 1164]
[53, 950]
[663, 407]
[873, 82]
[831, 1414]
[448, 449]
[500, 912, 9]
[295, 296]
[595, 1254]
[588, 589]
[268, 947]
[109, 206]
[318, 1453]
[59, 1465]
[103, 1404]
[121, 47]
[881, 882]
[614, 615]
[907, 908]
[426, 407]
[546, 547]
[837, 9]
[567, 568]
[18, 179]
[1129, 302]
[423, 303]
[864, 135]
[1113, 1489]
[14, 1039]
[32, 91]
[689, 690]
[619, 812]
[401, 387]
[126, 711]
[117, 118]
[384, 385]
[698, 699]
[1019, 1020]
[813, 1218]
[724, 725]
[1292, 1293]
[619, 509]
[193, 603]
[1113, 1114]
[457, 458]
[327, 749]
[1041, 1042]
[287, 141]
[185, 186]
[156, 915]
[222, 37]
[1159, 941]
[30, 334]
[584, 1033]
[682, 683]
[122, 123]
[45, 919]
[415, 416]
[43, 112]
[174, 853]
[696, 1091]
[1053, 66]
[757, 320]
[787, 788]
[371, 364]
[74, 1124]
[376, 1083]
[1112, 192]
[794, 147]
[193, 270]
[565, 512]
[577, 441]
[49, 1298]
[565, 863]
[954, 955]
[139, 1472]
[661, 662]
[612, 1010]
[1204, 102]
[68, 173]
[1197, 1198]
[466, 171]
[453, 853]
[478, 479]
[565, 1477]
[868, 1392]
[90, 91]
[1230, 172]
[287, 58]
[1417, 1418]
[1, 691]
[226, 370]
[763, 1124]
[88, 344]
[833, 1179]
[49, 50]
[268, 29]
[32, 1379]
[867, 102]
[216, 217]
[417, 82]
[796, 1455]
[1410, 385]
[98, 99]
[1074, 394]
[462, 463]
[820, 611]
[22, 23]
[492, 641]
[352, 1461]
[1201, 1202]
[220, 437]
[39, 398]
[77, 334]
[107, 1328]
[134, 1231]
[386, 153]
[201, 202]
[829, 82]
[1027, 1151]
[1364, 387]
[932, 1027]
[1368, 1006]
[233, 1327]
[763, 1]
[287, 387]
[352, 353]
[1109, 195]
[219, 400]
[140, 370]
[1085, 364]
[843, 5]
[57, 56]
[32, 1200]
[1441, 5]
[708, 709]
[1079, 29]
[1158, 104]
[10, 1224]
[1340, 11]
[529, 39]
[18, 1466]
[481, 125]
[1391, 112]
[796, 1259]
[563, 1412]
[598, 373]
[891, 892]
[608, 1242]
[712, 1265]
[83, 105]
[1357, 1358]
[453, 195]
[214, 1219]
[923, 356]
[423, 369]
[362, 1349]
[129, 130]
[322, 192]
[687, 688]
[196, 197]
[201, 228]
[193, 609]
[216, 305]
[781, 431]
[148, 149]
[242, 594]
[430, 91]
[476, 1315]
[233, 966]
[163, 885]
[1386, 1387]
[25, 215]
[335, 1171]
[773, 1425]
[924, 407]
[351, 3]
[636, 1090]
[90, 845]
[373, 1458]
[229, 585]
[1207, 860]
[1288, 1289]
[174, 195]
[98, 152]
[132, 242]
[132, 133]
[820, 1005]
[469, 734]
[1132, 305]
[88, 1148]
[423, 13]
[63, 64]
[191, 192]
[73, 74]
[442, 443]
[683, 800]
[382, 1419]
[183, 195]
[307, 25]
[1101, 29]
[378, 379]
[695, 883]
[142, 1322]
[75, 768]
[1317, 269]
[1238, 183]
[107, 108]
[895, 496]
[702, 832]
[299, 1152]
[45, 46]
[268, 269]
[1158, 914]
[75, 741, 496]
[525, 9]
[49, 735, 800]
[332, 333]
[937, 681]
[295, 1229]
[525, 1460]
[646, 647]
[452, 496]
[634, 984]
[102, 103]
[229, 230]
[163, 1050]
[793, 274]
[444, 5]
[481, 105]
[529, 786]
[10, 11]
[32, 410]
[1142, 686]
[1336, 639]
[612, 102]
[93, 331]
[205, 880]
[1068, 1069]
[1217, 297]
[508, 915]
[30, 1470]
[30, 339]
[748, 1486]
[128, 82]
[214, 112]
[30, 1034]
[195, 834]
[492, 243]
[119, 120]
[1196, 103]
[1395, 394]
[327, 1416]
[1116, 1009]
[1292, 1360]
[158, 159]
[212, 213]
[673, 134]
[683, 803]
[625, 626]
[565, 1166]
[798, 799]
[639, 23]
[1213, 1214]
[1205, 302]
[552, 553]
[174, 175]
[525, 1373]
[30, 667]
[323, 29]
[1356, 302]
[606, 112]
[239, 58]
[482, 302]
[518, 192]
[426, 427]
[212, 874]
[226, 112]
[409, 183]
[276, 269]
[200, 5]
[526, 527]
[18, 19]
[930, 302]
[392, 364]
[90, 204]
[264, 312]
[918, 302]
[596, 1330]
[1053, 131]
[1097, 134]
[231, 232]
[275, 102]
[649, 204]
[687, 755]
[544, 551]
[1070, 506]
[239, 192]
[401, 141]
[158, 246]
[1428, 387]
[16, 1225]
[17, 1037]
[906, 988]
[948, 949]
[140, 192]
[20, 21]
[814, 667]
[1282, 1283]
[455, 1037]
[88, 49]
[30, 1188]
[318, 322]
[264, 686]
[285, 286]
[973, 1156]
[515, 1384]
[571, 705]
[85, 402]
[870, 871]
[85, 86]
[216, 102]
[350, 56]
[236, 271]
[53, 808]
[28, 29]
[1271, 255]
[565, 718]
[728, 729]
[1046, 112]
[432, 433]
[670, 362]
[1449, 1450]
[55, 288]
[636, 830]
[83, 1320]
[329, 112]
[1004, 1185]
[1173, 1174]
[744, 745]
[556, 1090]
[388, 25]
[1285, 1214]
[264, 883]
[205, 206]
[109, 110]
[374, 422]
[986, 489]
[315, 316]
[90, 861]
[488, 489]
[268, 1348]
[51, 113]
[518, 58]
[399, 1312]
[126, 66]
[563, 154]
[838, 839]
[203, 91]
[222, 223]
[395, 396]
[129, 701]
[612, 147]
[30, 1295]
[512, 153]
[622, 3]
[979, 1078]
[75, 76]
[174, 131]
[854, 855]
[888, 274]
[968, 305]
[254, 610]
[210, 667]
[207, 303]
[1267, 1268]
[525, 496]
[187, 583]
[578, 387]
[792, 29]
[237, 844]
[822, 823]
[856, 953]
[500, 632]
[376, 623]
[406, 407]
[502, 457]
[935, 1052]
[781, 91]
[508, 509]
[631, 632]
[383, 135]
[659, 660]
[1184, 772]
[704, 195]
[0, 691]
[607, 3]
[813, 1286]
[712, 713]
[1132, 506]
[41, 141]
[380, 1177]
[207, 679]
[440, 441]
[1329, 982]
[646, 1090]
[30, 172]
[360, 447]
[329, 387]
[525, 1359]
[200, 29]
[521, 522]
[122, 756]
[401, 58]
[304, 305]
[1234, 29]
[8, 771]
[57, 387]
[42, 369]
[500, 501]
[595, 641]
[350, 658]
[516, 517]
[1101, 269]
[79, 80]
[815, 489]
[87, 5]
[151, 457]
[388, 389]
[88, 1295]
[386, 56]
[399, 400]
[85, 853]
[781, 710]
[59, 60]
[87, 443]
[411, 412]
[520, 1408]
[1480, 1481]
[132, 562]
[428, 480]
[75, 184]
[242, 437]
[1153, 768]
[899, 56]
[114, 725]
[318, 926]
[549, 550]
[134, 147]
[324, 274]
[16, 539]
[55, 326]
[769, 776]
[275, 920]
[350, 524]
[401, 56]
[560, 1491]
[890, 1257]
[220, 221]
[442, 1374]
[1145, 1146]
[1321, 485]
[560, 1251]
[322, 387]
[927, 928]
[1325, 1483]
[1434, 302]
[31, 56]
[126, 59]
[388, 1011]
[579, 106]
[1473, 1474]
[541, 387]
[549, 880]
[1367, 1253]
[313, 195]
[1189, 1190]
[386, 58]
[403, 404]
[34, 685]
[1089, 25]
[817, 818]
[39, 40]
[41, 387]
[295, 1128]
[702, 703]
[907, 559]
[18, 1075]
[430, 431]
[505, 506]
[961, 962]
[1007, 269]
[17, 591]
[608, 551]
[1446, 1229]
[1243, 447]
[16, 537]
[1448, 1083]
[992, 1216]
[513, 514]
[432, 9]
[1310, 1166]
[98, 1111]
[493, 179]
[851, 852]
[1008, 1009]
[310, 557]
[481, 408]
[529, 605]
[769, 770]
[1426, 996]
[285, 1024]
[515, 353]
[935, 936]
[965, 108]
[163, 1163]
[550, 1445]
[31, 58]
[277, 835]
[695, 1431]
[907, 1138]
[36, 572]
[1377, 1378]
[85, 195]
[75, 272]
[899, 288]
[65, 111]
[401, 1025]
[1184, 447]
[77, 78]
[1061, 320]
[631, 501]
[1248, 1249]
[329, 58]
[738, 667]
[249, 250, 612]
[41, 58]
[600, 601]
[177, 112]
[178, 9]
[502, 458]
[559, 560]
[383, 263]
[607, 1051]
[277, 1263]
[1314, 1003]
[1403, 914]
[820, 9]
[85, 1229]
[448, 9]
[841, 842]
[57, 58]
[318, 192]
[322, 141]
[151, 342]
[1247, 377]
[174, 314]
[550, 131]
[821, 48]
[25, 238]
[96, 938]
[1361, 805]
[183, 672]
[16, 667]
[1181, 1182]
[126, 1072]
[544, 490]
[612, 613]
[1365, 1366]
[1226, 1227]
[340, 539]
[388, 569]
[1407, 102]
[532, 922]
[30, 288]
[114, 95]
[30, 904]
[805, 102]
[1228, 1229]
[231, 402]
[728, 368]
[39, 192]
[689, 1040]
[538, 82]
[496, 637]
[249, 1203]
[1405, 914]
[951, 952]
[890, 1057]
[196, 1141]
[793, 872]
[811, 25]
[41, 56]
[337, 456]
[1000, 1376]
[858, 800]
[612, 941]
[360, 269]
[1000, 1001]
[612, 66]
[893, 1475]
[502, 876]
[828, 339]
[1106, 1107]
[185, 341]
[310, 311]
[1187, 175]
[30, 17]
[1427, 270]
[1245, 1246]
[1444, 623]
[207, 943]
[1334, 1164]
[1255, 1256]
[543, 29]
[207, 194]
[85, 175]
[37, 176]
[913, 914]
[775, 504]
[51, 52]
[208, 1055]
[1451, 1452]
[654, 490]
[676, 1136]
[140, 56]
[1346, 387]
[994, 897]
[242, 780]
[478, 1464]
[187, 651]
[1487, 192]
[425, 134]
[588, 265]
[358, 211]
[25, 477]
[61, 539]
[867, 263]
[639, 231]
[1226, 1315]
[14, 573]
[88, 154]
[1274, 1275]
[916, 1073]
[382, 813]
[301, 302]
[719, 667]
[700, 1157, 382]
[406, 334]
[946, 410]
[833, 634]
[448, 5]
[1235, 560]
[696, 1401]
[14, 15]
[205, 131]
[556, 636]
[469, 470]
[1064, 302]
[858, 803]
[327, 710]
[88, 153]
[30, 268]
[526, 692]
[397, 29]
[187, 782]
[418, 690]
[83, 243]
[796, 1012]
[266, 826]
[503, 504]
[751, 269]
[61, 537]
[730, 731]
[1264, 834]
[505, 305]
[664, 1126]
[916, 917]
[151, 166]
[279, 1284]
[386, 192]
[268, 180]
[831, 832]
[649, 946]
[18, 1402]
[52, 987]
[237, 204]
[927, 1052]
[1000, 997]
[1097, 1162, 66]
[85, 131]
[254, 592]
[134, 102]
[833, 984]
[795, 499]
[453, 402]
[1310, 1256]
[31, 1232]
[340, 319]
[32, 1178]
[1047, 768]
[36, 705]
[1074, 1080]
[88, 91]
[1029, 1193]
[946, 982]
[174, 402]
[932, 933]
[34, 35]
[88, 922]
[193, 909]
[306, 919]
[721, 722]
[806, 807]
[864, 263]
[762, 138, 139]
[635, 692]
