510,1 1
458,1 1
645,1 3
419,1 4
606,3 4
606,2 2
1081,1 1
606,1 1
263,1 4
398,1 5
928,1 1
224,1 4
585,1 3
772,2 5
772,1 1
411,1 1
1177,1 1
359,1 5
8,1 3
546,2 1
546,1 1
390,1 1
868,5 1
868,4 7
868,3 1
96,3 1
868,2 2
96,2 7
507,1 1
868,1 2
96,1 1
164,1 1
351,2 2
351,1 1
0,1 2
299,1 3
57,1 3
829,1 2
1130,1 1
673,2 1
673,1 1
860,1 2
1078,1 1
18,2 4
18,1 9
1039,3 1
634,1 1
1039,2 1
1039,1 1
1226,1 1
1070,3 9
1070,2 9
1070,1 1
252,3 1
252,2 1
252,1 7
10,1 2
387,3 2
387,2 5
400,5 1
387,1 1
917,1 1
400,4 7
574,1 1
400,3 1
400,2 5
400,1 1
1353,1 1
535,3 1
535,2 3
896,1 1
535,1 8
192,1 3
722,1 2
309,1 6
85,1 2
153,1 4
1293,1 1
288,1 6
818,1 3
662,1 3
301,1 1
1067,1 2
623,4 1
797,1 3
623,3 3
436,1 2
623,2 1
623,1 3
1215,1 2
758,1 1
1194,1 1
189,1 2
1381,1 1
563,3 2
563,2 1
202,2 3
563,1 1
202,1 4
750,1 1
1155,2 1
1155,1 2
337,1 1
1342,1 1
524,1 1
181,1 2
1303,1 1
846,1 2
142,1 1
277,2 2
277,1 9
807,1 1
35,1 1
464,1 1
103,1 4
1056,4 1
1056,3 7
1056,2 1
1056,1 1
599,1 2
786,2 5
786,1 1
1430,1 1
1378,2 1
1017,1 1
1378,1 1
934,3 1
934,2 1
230,3 1
934,1 1
230,2 3
230,1 5
1183,1 1
365,2 1
365,1 5
1144,3 1
1144,2 7
1144,1 1
139,1 1
687,1 2
513,2 3
513,1 3
874,1 1
170,1 1
1105,2 1
1105,1 1
835,1 1
63,1 2
492,1 1
131,1 2
640,5 1
1271,1 1
24,1 1
640,4 7
640,3 1
640,2 5
640,1 3
588,1 1
227,1 3
775,1 3
601,2 1
601,1 2
1006,1 1
549,1 2
393,1 3
923,1 3
3,4 1
3,3 1
3,2 2
3,1 2
541,1 2
128,4 1
128,3 7
128,2 1
489,2 8
128,1 5
489,1 4
1133,1 3
1320,1 1
863,1 1
1268,1 2
637,2 2
637,1 1
998,1 2
481,2 1
52,1 3
120,2 8
481,1 3
120,1 10
1416,1 1
1260,1 3
442,1 1
1395,1 1
216,1 8
577,1 2
403,1 3
1169,1 1
195,1 3
912,1 1
88,4 1
88,3 7
88,2 2
88,1 3
343,1 1
891,2 1
891,1 2
530,1 3
49,1 5
304,1 3
665,1 1
439,1 1
626,2 1
626,1 1
41,2 1
283,1 1
41,1 5
813,1 1
1062,1 1
792,1 2
379,3 1
1197,1 1
379,2 1
379,1 8
1384,1 1
205,2 1
566,1 2
205,1 1
1158,3 1
1158,2 2
1158,1 1
1345,1 1
714,1 3
371,1 1
1306,1 1
77,3 2
77,2 9
849,2 5
77,1 3
145,2 2
849,1 1
1150,1 1
145,1 7
693,2 6
693,1 3
1098,1 1
1285,3 4
1285,2 2
1285,1 1
1111,1 1
654,1 2
841,1 1
1090,1 1
615,1 2
976,1 1
802,1 1
30,1 1
1207,2 1
1207,1 1
937,5 1
937,4 1
937,3 2
937,2 2
937,1 2
233,1 1
781,1 1
1186,1 1
1012,1 1
742,1 1
1334,1 1
329,1 7
516,1 1
173,1 2
1108,1 2
838,1 1
66,1 2
134,1 6
495,1 3
682,1 1
269,2 2
1274,2 5
1274,1 1
269,1 4
27,1 5
456,1 1
643,1 2
1235,1 1
1422,1 1
778,1 1
604,1 3
261,2 3
965,1 1
261,1 5
1009,1 2
396,4 1
396,3 3
396,2 3
1040,2 5
396,1 1
1040,1 1
222,2 1
926,1 2
222,1 1
1175,1 3
731,5 1
1001,1 1
6,1 1
357,1 2
731,4 7
731,3 1
731,2 5
731,1 1
1136,1 2
679,1 2
505,1 2
94,1 3
297,1 2
55,1 4
123,1 2
484,1 2
671,2 2
671,1 2
1076,1 1
1263,2 1
1263,1 2
445,2 2
16,1 6
445,1 1
632,1 2
1398,1 1
767,1 1
1411,1 1
250,1 2
728,5 1
728,4 1
728,3 2
728,2 2
198,1 2
728,1 2
572,2 2
572,1 5
159,1 2
1351,1 1
346,1 1
533,1 2
894,1 2
1299,2 5
190,1 2
1299,1 1
1125,1 1
307,3 3
307,2 5
83,3 1
1312,1 1
307,1 5
83,2 3
855,2 10
855,1 4
83,1 9
629,3 1
629,2 1
629,1 1
1291,1 1
286,1 2
816,1 1
660,1 1
1065,1 2
434,1 1
795,1 3
621,2 2
982,2 1
621,1 4
982,1 1
1026,1 2
208,2 1
1213,1 1
208,1 1
756,1 1
187,1 2
1192,1 2
717,1 1
200,1 2
1153,4 1
1153,3 7
1153,2 1
148,1 2
1153,1 1
335,2 3
335,1 2
1340,1 1
522,1 1
883,1 1
109,1 1
72,4 1
1301,2 1
1301,1 1
72,3 3
72,2 3
72,1 2
844,1 1
1436,1 1
1093,1 1
275,2 1
33,2 1
1280,1 1
275,1 2
805,1 1
33,1 6
462,1 3
101,1 3
236,5 1
236,4 7
236,3 1
236,2 8
1241,1 1
236,1 1
423,2 10
1015,5 1
784,1 1
423,1 3
1015,4 7
1015,3 1
1189,1 1
610,1 6
1015,2 5
1015,1 1
1376,1 1
1202,1 1
558,1 2
932,1 1
519,2 4
519,1 6
363,2 2
363,1 2
550,2 1
550,1 1
69,1 1
1142,1 2
872,1 4
1103,1 1
61,1 1
833,1 1
490,1 1
1238,1 1
607,2 4
607,1 2
22,1 1
451,1 7
1043,2 1
399,1 1
1043,1 1
1230,1 1
773,3 5
773,2 2
773,1 2
960,1 2
1365,1 1
547,1 1
734,1 2
391,1 1
921,1 2
1326,1 1
869,3 3
869,2 1
97,2 1
869,1 3
97,1 7
352,1 2
126,4 1
313,5 1
126,3 4
313,4 7
126,2 8
313,3 1
487,1 2
126,1 14
313,2 2
674,1 1
313,1 4
500,2 2
500,1 2
19,1 5
448,1 2
635,2 1
635,1 1
292,1 2
822,1 1
1227,1 1
957,1 1
388,1 1
1393,1 1
1032,1 1
762,2 1
762,1 3
401,1 3
1167,2 2
1167,1 1
193,4 1
193,3 7
193,2 2
723,2 1
193,1 3
723,1 1
910,1 1
1315,1 1
86,2 1
858,1 1
86,1 1
341,1 2
289,2 5
1294,1 1
289,1 1
47,1 3
115,2 3
476,1 1
115,1 1
1120,1 1
302,1 3
663,1 3
850,2 6
850,1 5
1068,1 1
1255,2 1
1255,1 1
985,1 1
281,1 2
811,1 1
1029,1 1
1060,3 1
759,1 1
1060,2 1
1060,1 1
242,1 1
377,2 1
1382,1 1
377,1 6
1021,1 2
907,1 1
1156,1 1
338,2 1
338,1 1
699,1 1
712,1 1
1117,1 1
75,1 3
691,1 2
330,1 1
1439,1 1
1096,1 1
1283,1 2
36,1 2
239,1 1
426,1 3
787,1 1
1431,1 1
613,2 1
613,1 1
974,1 1
800,1 2
1379,1 1
592,1 1
179,2 1
1184,2 3
709,2 3
1184,1 1
179,1 8
709,1 1
1010,1 1
1371,1 1
1145,4 1
1145,3 3
740,1 1
1145,2 3
1145,1 3
327,1 1
1332,1 1
701,3 1
701,2 3
701,1 1
649,1 1
132,1 1
1428,1 1
267,2 2
267,1 2
641,3 1
454,1 1
641,2 8
641,1 2
1046,1 2
228,1 1
1233,1 1
776,1 1
415,1 1
963,1 1
602,1 1
1368,1 1
924,1 2
1329,2 1
220,1 4
1329,1 1
4,1 1
355,1 3
316,1 2
92,1 2
503,1 1
1269,1 1
638,3 1
638,2 2
638,1 2
295,2 2
999,1 1
295,1 2
825,1 2
53,1 8
482,1 1
14,1 5
630,2 1
630,1 1
1396,1 1
578,3 1
578,2 4
1222,2 1
1222,1 1
578,1 4
765,1 1
383,1 1
913,1 1
570,1 1
1318,1 2
1162,1 1
1310,5 1
1310,4 7
118,1 2
479,1 1
1123,1 1
1310,3 1
1310,2 2
1310,1 1
81,3 2
81,2 2
853,1 2
81,1 6
1258,3 3
1258,2 1
1258,1 1
627,1 2
42,1 1
471,1 3
949,1 1
1250,1 1
793,1 1
1385,1 1
206,1 1
1211,1 1
754,1 1
941,1 1
1159,1 1
1346,1 1
889,1 1
185,2 2
1190,1 1
185,1 9
902,2 1
902,1 1
333,1 1
39,4 5
39,3 25
1286,1 1
39,2 26
39,1 7
273,1 3
460,1 3
1208,1 1
1052,3 1
1052,2 2
1052,1 2
938,1 1
595,1 1
782,2 2
421,1 1
1187,3 2
782,1 8
1187,2 5
1187,1 1
1374,1 1
369,1 2
1013,1 2
556,1 1
743,1 1
1148,2 1
1148,1 1
930,1 6
1335,1 1
878,1 1
704,1 2
361,2 3
361,1 5
1109,1 4
1140,2 5
1140,1 1
322,1 1
1088,1 2
1275,1 2
1101,2 1
28,1 1
1101,1 1
457,1 1
1049,2 1
1049,1 1
831,1 1
1236,1 1
779,1 1
1080,1 1
20,1 15
927,1 1
223,1 1
545,1 3
732,1 3
319,4 1
1137,1 1
319,3 7
319,2 4
319,1 4
867,1 1
163,2 1
163,1 1
350,2 1
350,1 1
828,4 1
298,2 1
828,3 7
828,2 1
298,1 6
828,1 3
485,1 2
259,4 1
259,3 7
259,2 1
259,1 3
1264,1 1
446,1 2
820,3 1
1038,2 1
290,1 1
820,2 2
1038,1 1
820,1 2
1225,2 1
1225,1 1
407,1 2
955,1 3
729,1 2
1391,1 1
916,1 1
212,2 3
212,1 3
760,1 1
1313,1 1
669,1 2
856,1 1
45,1 2
113,1 2
474,1 2
661,2 1
661,1 1
248,1 4
1440,1 1
983,1 1
1388,1 1
209,1 1
757,1 1
944,2 1
944,1 1
240,1 3
375,4 2
375,3 9
375,2 3
375,1 4
905,1 2
1154,1 1
336,1 1
697,1 3
180,1 1
1289,1 2
710,1 2
1302,1 1
658,1 3
73,3 3
73,2 1
73,1 7
1094,1 1
619,1 2
34,2 1
276,1 1
1281,1 1
34,1 3
463,1 1
650,1 1
237,1 1
1242,1 2
424,2 2
424,1 6
611,1 1
972,1 2
1377,1 1
1016,1 1
746,1 3
933,1 1
590,1 1
177,2 2
1182,1 1
177,1 5
707,1 1
551,1 1
686,1 1
1330,1 1
325,1 1
512,1 1
1104,1 2
647,1 1
130,2 2
130,1 1
1239,1 2
1083,1 2
969,1 1
265,1 1
452,1 2
1044,3 1
1044,2 1
1044,1 1
587,1 3
413,1 3
1179,1 1
1005,1 2
548,1 4
166,2 2
509,1 3
2,3 1
1171,1 1
166,1 8
2,2 3
2,1 3
353,1 2
540,1 1
59,1 2
675,1 1
501,3 3
314,1 2
501,2 5
90,1 2
501,1 4
862,1 2
1267,1 1
997,1 1
636,1 1
51,2 3
51,1 2
480,2 5
480,1 1
1072,1 1
254,1 2
12,1 3
441,1 1
919,1 1
215,1 1
576,1 4
1220,1 1
1355,4 1
1355,3 7
1355,2 1
194,4 1
1355,1 1
537,2 1
194,3 7
537,1 3
194,2 1
898,1 2
194,1 2
724,1 1
381,1 1
1129,1 1
1316,2 1
1316,1 2
87,1 1
859,1 3
155,1 5
1295,1 2
116,1 2
477,1 2
303,1 1
851,1 1
1256,1 1
438,2 1
438,1 1
986,1 1
1217,1 3
1061,2 2
1404,1 1
1061,1 1
947,1 2
791,2 5
430,1 1
791,1 1
1196,1 1
1022,2 6
1022,1 2
565,1 3
204,1 2
1157,4 1
1157,3 2
752,1 1
1157,2 1
1157,1 1
339,1 2
1344,1 1
526,2 2
526,1 2
183,2 1
887,1 2
183,1 2
1305,1 1
144,3 1
848,1 1
144,2 7
144,1 2
331,1 2
279,1 2
809,1 1
466,1 3
1058,1 1
427,1 2
614,1 1
271,1 6
801,1 1
1019,1 1
749,1 1
1050,1 1
232,2 1
936,1 2
232,1 1
593,1 1
1185,4 1
1185,3 7
1185,2 1
1185,1 3
367,2 5
367,1 5
554,2 1
554,1 4
1146,1 1
689,1 1
876,1 1
172,2 1
172,1 1
1107,3 3
702,1 1
1107,2 5
1107,1 1
494,2 9
494,1 9
268,1 1
26,2 5
26,1 1
1047,5 1
1047,4 7
1047,3 1
1047,2 5
1047,1 3
777,1 1
416,1 1
603,2 1
603,1 2
260,1 1
395,5 1
395,4 2
395,3 3
582,4 1
738,1 3
395,2 3
395,1 2
582,3 7
582,2 1
582,1 8
169,1 1
1000,1 1
543,1 1
1135,1 2
865,1 1
826,1 1
122,1 1
257,1 2
631,1 1
766,4 1
1223,1 1
218,1 4
766,3 7
766,2 1
766,1 2
405,1 3
953,1 1
1358,1 1
727,3 2
197,1 8
727,2 1
727,1 1
384,1 4
210,1 2
1163,1 1
667,4 3
667,3 5
667,2 1
667,1 2
1259,3 3
1259,2 4
150,1 2
1259,1 1
43,4 1
43,3 7
43,2 1
43,1 4
472,1 2
111,1 3
1407,1 1
1064,2 1
1064,1 2
246,1 2
433,1 1
1212,3 2
1386,1 1
568,2 1
1212,2 5
568,1 1
1212,1 1
529,2 3
529,1 1
716,1 1
373,1 1
79,1 1
147,1 1
882,3 3
695,1 3
882,2 2
882,1 2
521,1 2
71,5 1
469,1 4
108,1 2
71,4 2
71,3 3
656,1 1
1300,1 1
71,2 3
71,1 2
617,2 1
978,1 1
32,3 3
617,1 1
32,2 17
804,1 2
32,1 23
235,6 1
235,5 7
235,4 1
1053,1 2
235,3 8
235,2 1
235,1 2
783,1 1
1188,1 1
1375,2 2
1375,1 1
518,3 4
518,2 6
175,2 1
518,1 2
175,1 5
705,1 2
362,1 2
497,5 5
497,4 25
497,3 26
497,2 8
68,1 3
497,1 7
1141,1 2
136,1 2
684,1 1
