279,1 2
1468,1 1
1106,1 1
856,1 3
1342,1 3
730,2 1
730,1 1
1389,1 1
777,1 3
1263,1 1
609,3 2
609,2 1
651,1 2
609,1 1
845,1 1
8,1 2
142,1 6
336,3 2
336,2 5
336,1 5
698,1 2
1525,1 1
913,1 2
1184,3 2
1184,2 5
1184,1 1
210,1 3
1016,1 1
766,1 2
404,1 1
84,1 3
640,1 1
493,1 8
1299,1 1
325,1 1
1514,1 1
1173,1 1
561,1 1
755,2 1
755,1 2
1241,1 1
991,1 1
246,1 3
823,2 1
823,1 3
1094,1 1
1288,1 1
676,2 2
314,1 2
676,1 4
1503,1 1
550,1 1
167,1 5
744,1 1
62,1 8
980,1 2
597,1 1
812,1 1
1083,1 1
471,1 1
429,1 3
1277,1 1
303,1 1
1345,2 1
1345,1 2
392,1 2
927,1 1
1072,4 1
1072,3 3
1072,2 3
1072,1 1
460,1 1
98,5 1
98,4 7
98,3 1
1266,4 1
98,2 2
1266,3 7
98,1 4
1266,2 1
1266,1 3
654,2 1
654,1 2
1140,1 2
145,1 3
722,1 1
40,1 1
381,1 2
916,2 5
916,1 1
213,1 2
1402,1 1
1491,1 1
134,4 2
134,3 4
134,2 8
496,1 1
134,1 15
1323,1 1
711,1 2
328,2 1
328,1 6
564,3 4
564,2 6
564,1 2
202,1 2
1008,1 1
76,1 2
1244,2 2
1244,1 1
994,1 3
249,3 2
291,2 2
249,2 3
291,1 2
249,1 5
1480,1 1
123,2 3
1312,2 1
123,1 1
1312,1 1
700,1 3
317,2 5
317,1 1
1233,1 1
621,1 1
238,1 4
815,1 1
1301,3 2
1301,2 5
112,1 3
1301,1 1
668,2 1
668,1 1
542,2 2
542,1 2
1348,1 1
54,4 1
54,3 3
54,2 1
54,1 4
1222,1 2
589,1 3
227,1 2
1416,1 1
1075,1 1
1269,1 1
1143,1 1
531,1 1
190,2 2
190,1 5
384,1 3
961,2 1
961,1 2
452,1 3
520,1 1
499,1 1
32,1 1
1200,1 2
205,5 1
205,4 7
205,3 1
205,2 5
567,1 1
205,1 11
441,1 3
1247,1 1
997,1 2
294,1 1
1483,1 1
488,1 2
126,1 2
21,1 5
556,1 1
1042,1 1
792,1 3
1236,4 1
1236,3 2
68,1 3
986,4 1
1236,2 1
986,3 7
1236,1 1
986,2 1
986,1 3
1472,1 1
818,1 2
1304,1 2
10,5 1
10,4 7
10,3 1
10,2 2
10,1 14
309,1 2
1157,1 1
545,1 1
739,1 2
398,2 5
57,1 3
398,1 5
1225,1 1
975,2 1
975,1 1
1461,1 1
1419,1 1
104,3 1
104,2 1
466,1 1
104,1 2
1146,3 7
1146,2 9
1146,1 1
193,1 1
728,2 2
770,1 2
728,1 2
46,2 1
46,1 5
602,1 1
261,1 3
1,4 1
219,1 2
1,3 1
1,2 2
1,1 2
691,1 1
1135,3 1
1135,2 1
1135,1 1
523,1 1
182,1 1
717,1 1
953,1 1
208,5 1
208,4 7
208,3 1
208,2 2
208,1 4
638,1 3
297,1 6
512,1 3
874,1 1
171,1 2
706,4 1
706,3 2
706,2 2
706,1 1
24,1 2
365,1 2
942,1 1
559,2 3
559,1 3
1045,1 2
1281,1 1
627,1 4
286,2 1
286,1 5
1475,1 1
863,1 1
160,1 2
931,1 2
590,2 1
590,1 1
422,3 1
422,2 2
784,2 1
422,1 2
784,1 1
1270,1 1
978,1 1
275,1 2
1464,1 1
852,2 5
852,1 1
469,2 1
469,1 1
920,1 2
196,2 1
1385,2 5
196,1 2
1385,1 1
1023,1 1
411,2 1
411,1 6
967,1 1
841,1 1
4,1 1
332,1 3
1180,1 1
526,1 2
1012,5 1
1012,4 1
185,2 1
1012,3 2
185,1 1
1012,2 2
762,3 1
1012,1 2
762,2 3
762,1 1
80,5 1
400,1 2
80,4 2
80,3 4
80,2 3
80,1 2
956,1 2
830,4 1
1442,1 1
830,3 7
830,2 1
830,1 2
1059,1 1
447,1 1
1295,1 1
683,3 1
683,2 1
321,2 1
683,1 1
321,1 2
1127,5 1
1127,4 7
1127,3 1
1127,2 5
1127,1 3
515,1 2
751,2 6
751,1 3
242,1 4
1431,1 1
436,5 1
1090,1 1
436,4 7
436,3 1
436,2 5
798,1 1
436,1 1
672,1 2
289,2 3
289,1 4
1478,1 1
504,1 3
866,1 1
16,1 6
357,1 1
934,1 1
593,1 2
1420,1 1
1399,1 1
1037,1 1
619,2 2
619,1 5
1341,3 3
1341,2 4
152,1 1
1341,1 1
346,1 2
923,1 1
1194,1 1
220,1 3
1388,1 1
94,5 1
414,1 1
94,4 2
94,3 2
94,2 5
94,1 11
1262,1 1
267,1 1
844,2 2
844,1 8
571,2 2
571,1 2
188,2 1
188,1 5
1377,1 1
765,1 2
1209,1 1
256,1 1
130,1 2
686,1 2
901,1 1
518,1 2
177,1 1
1004,1 6
72,1 2
948,1 1
481,1 6
439,1 3
1502,1 1
1119,2 5
1119,1 1
507,1 1
61,3 1
61,2 7
61,1 1
937,1 1
1082,1 2
470,1 1
664,1 1
302,1 1
858,1 3
155,2 2
155,1 7
732,1 1
50,1 2
926,1 3
223,4 1
223,3 7
1197,1 1
223,2 1
223,1 4
585,1 2
1412,1 1
779,1 1
417,1 4
97,1 1
1265,2 3
1265,1 1
653,1 1
847,1 1
1333,1 1
380,2 2
380,1 1
338,1 6
915,1 1
1186,1 4
212,1 8
574,1 3
768,1 2
406,1 1
86,3 2
86,2 9
86,1 3
1254,1 3
642,1 1
259,1 1
836,2 5
836,1 1
327,1 2
904,1 1
1369,3 4
1369,2 2
1369,1 1
757,1 1
75,1 3
1437,4 1
1437,3 7
1437,2 1
1437,1 1
484,1 1
678,2 1
678,1 1
316,1 6
1358,1 2
746,1 1
1232,4 1
1232,3 7
64,1 4
1232,2 1
1232,1 1
1426,1 1
814,1 1
473,1 2
305,1 2
158,1 1
394,2 2
394,1 2
1221,1 2
929,1 2
226,1 1
588,1 1
803,1 1
1074,1 2
462,2 2
100,1 2
462,1 6
1268,3 2
1268,2 5
1268,1 1
656,1 1
530,2 8
892,1 2
530,1 4
147,1 1
724,4 2
724,3 5
724,2 1
724,1 2
1210,1 1
918,1 1
1189,1 1
215,1 2
577,1 3
451,1 1
645,1 1
1131,1 2
881,1 3
839,1 1
136,4 1
136,3 7
136,2 1
136,1 5
498,1 1
713,1 3
907,1 1
78,1 1
1482,1 1
828,1 3
487,2 2
487,1 1
1314,1 1
702,1 2
20,2 4
20,1 9
361,1 2
1167,1 1
555,1 1
791,5 1
791,4 7
791,3 1
791,2 5
791,1 1
749,1 1
1235,1 1
623,1 1
282,1 2
1471,1 1
817,1 1
1088,1 1
476,1 1
350,4 1
350,3 7
350,2 4
350,1 4
1030,1 1
1392,1 1
56,2 3
1224,3 1
56,1 2
1224,2 7
1224,1 1
974,1 1
612,1 2
229,2 3
271,1 1
229,1 3
806,1 3
1077,1 1
659,2 4
659,1 2
533,1 1
192,2 1
192,1 8
1381,1 2
1339,1 1
386,1 2
1213,1 3
0,3 1
0,2 3
0,1 4
454,1 1
690,2 1
690,1 1
1496,2 1
1496,1 1
522,2 2
884,1 1
522,1 3
139,1 2
1370,1 1
34,1 1
1202,1 1
207,1 2
569,1 1
1055,1 1
443,1 2
1123,3 1
1123,2 1
1485,1 1
1123,1 1
128,2 9
128,1 10
364,2 1
364,1 1
558,1 1
432,4 1
432,3 3
432,2 4
794,1 2
432,1 1
1280,1 1
1238,1 1
988,1 1
626,1 2
285,1 1
862,1 1
500,1 1
479,1 1
117,1 1
1306,1 3
12,1 3
353,1 1
1159,1 2
547,1 2
1395,1 1
783,1 2
1227,2 1
1227,1 1
1463,1 1
809,1 1
106,2 1
106,1 7
342,1 2
1148,1 1
898,1 4
536,1 3
410,3 1
410,2 1
410,1 8
772,1 1
48,4 1
90,3 2
48,3 7
90,2 2
48,2 1
90,1 7
48,1 4
1216,1 2
604,1 2
263,1 1
840,1 1
457,1 4
693,3 1
693,2 2
331,1 1
693,1 2
1520,1 1
1137,1 1
525,1 2
1011,1 2
1373,1 1
719,1 2
37,2 1
378,2 1
37,1 6
378,1 1
1205,1 1
252,1 1
1441,1 1
1058,1 1
1294,2 1
1294,1 1
299,1 3
876,1 1
1000,1 1
1362,1 1
708,1 1
26,1 1
944,1 1
241,1 1
1430,1 2
1047,1 1
435,1 1
629,3 1
629,2 4
629,1 4
865,1 2
162,1 2
592,1 4
424,1 1
277,3 1
277,2 1
277,1 7
1104,1 2
1466,1 1
854,1 1
922,2 8
922,1 4
581,2 1
581,1 3
198,2 2
1387,2 1
198,1 9
1387,1 1
775,1 1
6,1 3
140,1 1
696,3 1
696,2 8
696,1 2
1523,1 1
911,1 1
1182,2 1
1182,1 1
528,1 2
1014,1 1
402,2 1
402,1 3
82,3 1
82,2 1
82,1 7
1250,1 1
958,1 1
255,5 1
255,4 7
1444,4 1
255,3 1
1444,3 7
255,2 8
1444,2 1
255,1 1
1444,1 1
449,1 1
323,2 2
323,1 2
685,1 1
1512,1 1
1171,1 1
879,1 1
517,1 1
176,2 1
176,1 1
1365,1 1
753,1 3
29,1 5
244,5 1
244,4 7
244,3 1
244,2 2
244,1 4
1092,5 1
1433,1 1
1092,4 7
1092,3 1
821,1 8
1092,2 5
1092,1 1
674,1 2
1118,3 1
1118,2 1
1160,1 1
1118,1 1
868,1 1
165,1 4
742,1 1
60,4 1
60,3 7
60,2 1
936,5 1
60,1 6
936,4 7
18,1 15
359,1 7
936,3 1
936,2 2
936,1 2
595,1 3
233,1 8
810,1 1
789,5 1
789,4 1
789,3 2
789,2 2
427,1 1
789,1 2
1275,5 1
1275,4 7
1275,3 1
1275,2 3
1275,1 2
301,2 1
301,1 2
1107,1 1
1469,1 1
154,3 1
154,2 7
154,1 2
731,1 1
390,1 1
925,1 1
584,1 1
1028,1 3
416,1 1
96,2 1
96,1 1
652,2 1
652,1 2
269,1 2
1458,1 1
846,1 2
720,1 3
1185,1 2
573,2 3
573,1 1
1400,1 1
1379,1 1
258,1 1
1447,1 1
494,1 2
132,1 1
1321,1 1
688,1 1
200,1 2
179,2 2
179,1 8
1368,1 2
1006,1 1
992,1 1
247,1 1
1095,1 1
483,1 1
121,1 2
1310,1 1
509,2 1
551,1 1
509,1 2
1357,2 5
1357,1 1
236,1 4
110,1 4
1278,1 1
666,1 2
540,5 5
540,4 25
1152,1 1
540,3 26
540,2 8
540,1 7
157,1 1
1346,1 1
734,1 1
393,2 2
1220,2 5
52,1 3
393,1 5
1220,1 1
970,1 2
225,2 1
225,1 1
1073,1 1
1267,1 1
655,1 3
891,4 1
1141,1 2
891,3 7
891,2 1
891,1 3
849,1 1
41,1 2
382,1 2
917,2 6
917,1 5
1403,2 1
1403,1 2
408,4 2
408,3 9
408,2 3
408,1 4
88,1 1
1256,1 1
644,1 1
1130,3 1
1130,2 2
1130,1 2
838,1 2
1324,1 1
30,1 3
371,1 1
329,1 3
1177,1 1
565,2 4
565,1 6
203,1 2
1009,2 1
1051,1 1
1009,1 1
759,1 3
633,4 1
633,3 7
633,2 1
633,1 8
995,1 2
292,1 1
1439,1 1
827,1 1
1098,1 1
1313,2 1
124,1 2
1313,1 1
360,1 1
318,1 1
1166,1 2
554,1 3
748,1 2
1234,2 1
66,1 2
1234,1 2
622,2 1
622,1 1
984,1 1
1428,1 1
1087,1 2
475,2 1
475,1 1
1302,1 1
669,5 1
669,4 7
669,3 1
669,2 4
307,2 2
669,1 4
307,1 9
543,5 1
543,4 2
543,3 4
1155,1 1
543,2 6
543,1 6
1391,1 1
1349,1 2
737,1 1
396,2 1
396,1 5
611,1 3
1417,2 1
1417,1 1
1076,1 1
102,1 3
464,1 3
658,3 4
658,2 2
658,1 1
1144,1 1
894,1 1
1338,2 1
149,1 1
1380,1 1
1338,1 1
726,1 2
44,4 5
44,3 25
44,2 26
44,1 7
600,2 1
600,1 4
579,3 2
579,2 3
217,2 3
579,1 8
217,1 4
1406,1 1
1259,1 1
647,1 1
1133,4 1
1133,3 7
1133,2 1
883,3 1
1133,1 1
521,2 5
883,2 2
521,1 1
883,1 2
138,2 2
138,1 1
1327,1 1
715,1 1
374,1 1
909,1 2
1054,2 1
1054,1 1
636,1 3
998,1 2
295,2 2
295,1 5
1122,2 1
1122,1 1
872,1 1
510,1 4
1316,1 1
704,1 1
22,1 1
363,1 1
940,1 4
431,5 1
431,4 2
431,3 4
431,2 3
431,1 2
1237,3 1
1237,2 2
1237,1 1
625,1 4
987,1 1
284,4 1
284,3 7
284,2 1
284,1 3
1473,1 1
1111,1 1
861,1 2
819,1 1
1158,1 1
1032,1 2
420,3 2
420,2 5
420,1 1
58,1 6
614,2 1
614,1 1
976,1 2
1462,2 2
273,1 4
1462,1 1
1100,1 2
105,2 1
105,1 1
535,2 7
897,1 1
535,1 9
194,1 2
1021,1 2
47,1 1
388,1 5
1215,1 2
965,1 2
2,1 1
1068,1 2
692,2 2
692,1 1
1136,2 2
1498,1 1
1136,1 1
183,1 2
718,2 1
718,1 1
36,3 3
36,2 17
36,1 23
209,4 1
209,3 7
251,2 1
209,2 1
251,1 1
209,1 2
681,1 3
639,1 1
1125,1 2
513,1 2
1319,1 1
707,3 1
707,2 2
707,1 2
366,1 1
240,2 1
240,1 1
434,1 5
502,1 3
119,1 3
1350,1 1
14,1 5
355,1 1
932,1 1
591,1 1
1397,5 1
1397,4 7
1397,3 1
1397,2 2
1397,1 1
1035,1 1
785,1 1
1271,1 1
1229,1 1
617,1 1
1465,2 1
1465,1 1
853,1 2
344,1 1
1386,1 1
774,2 1
774,1 1
92,3 1
92,2 3
92,1 9
1218,1 1
1454,1 1
842,1 1
459,2 8
459,1 3
695,5 1
695,4 7
695,3 1
695,2 5
695,1 3
333,1 1
1139,2 1
1181,1 2
1139,1 2
889,1 2
186,1 2
1375,1 2
763,1 1
81,4 1
81,3 3
81,2 4
39,2 1
81,1 2
39,1 3
254,6 1
254,5 7
254,4 1
254,3 8
254,2 1
254,1 2
831,1 1
490,1 2
684,2 1
684,1 1
1170,1 1
1128,1 1
1002,1 1
1364,1 1
28,2 5
70,1 1
28,1 1
369,1 2
946,1 2
1432,1 1
820,3 1
820,2 2
820,1 1
1091,1 2
1049,1 1
799,1 3
437,1 3
1285,2 1
1285,1 1
311,1 1
1117,2 1
1117,1 1
505,1 1
1353,1 1
935,1 1
594,2 1
232,1 1
594,1 1
788,3 2
788,2 1
788,1 1
426,1 1
1274,1 2
662,1 1
