0 1
2 3
4 5
6 7
8 9
10 11
12 13
14 15
16 17
18 19
20 21
22 23
24 25
26 27
28 29
30 31
32 33
34 35
36 37
30 38
39 40
41 42
43 44
45 46
47 48
49 50
51 52
53 54
55 56
57 58
59 60
61 62
63 64
65 66
18 67
68 29
69 70
71 72
73 74
75 76
77 78
79 80
81 82
83 84
85 86
87 88
89 5
90 91
92 93
94 95
96 97
39 30
98 99
100 101
69 102
83 103
12 104
105 106
107 108
65 109
43 110
51 111
112 93
113 114
115 116
117 118
119 47
120 121
122 123
124 125
126 127
128 82
85 129
130 131
132 133
134 135
136 137
138 139
140 141
101 142
143 144
132 145
146 147
148 149
98 150
151 5
152 153
154 155
156 157
130 158
159 160
161 162
130 163
149 164
165 166
101 167
77 168
169 170
68 171
172 173
37 174
175 110
176 9
18 177
30 178
179 180
181 182
183 184
185 186
187 188
189 190
191 192
193 194
172 195
196 197
198 199
200 29
43 100
201 202
203 204
205 192
206 207
208 11
14 209
210 211
212 110
25 213
214 215
216 217
218 219
220 221
130 222
223 56
224 225
198 226
227 228
229 230
231 232
233 234
235 95
68 9
170 236
237 139
238 239
130 240
83 241
242 243
156 244
245 246
247 248
249 9
250 251
252 253
254 255
191 256
18 257
258 259
260 261
262 263
264 265
266 267
268 269
75 270
271 272
273 110
274 267
275 276
107 204
277 278
279 280
281 96
282 272
283 284
285 286
287 288
289 290
291 292
293 294
295 296
297 298
299 300
14 301
302 303
304 272
305 306
307 25
308 309
262 310
311 312
313 314
315 163
316 190
75 184
317 318
210 227
319 5
320 190
321 29
322 323
16 324
325 326
327 110
185 328
91 329
138 56
330 331
32 95
332 333
77 334
335 336
30 337
338 3
181 339
149 340
10 341
342 343
344 345
346 347
348 225
349 3
350 351
352 353
354 355
356 209
357 305
358 267
31 359
360 361
362 363
30 364
365 366
14 367
368 362
138 369
370 371
304 5
124 372
287 373
374 375
376 377
378 379
380 133
325 381
382 383
55 139
384 385
386 387
388 389
390 362
391 392
393 394
395 396
85 173
397 398
399 385
295 400
401 402
403 82
404 405
83 406
407 183
32 408
409 410
411 412
413 82
414 415
416 417
418 419
372 420
421 367
422 82
16 318
423 132
424 425
426 427
428 429
430 431
18 432
433 434
218 435
436 437
438 439
440 441
442 5
443 444
315 445
446 447
448 449
450 75
451 452
453 11
335 454
455 456
399 56
101 457
458 362
459 82
460 461
462 463
464 170
465 466
467 468
469 82
470 471
159 472
473 474
450 5
25 475
476 477
426 478
479 241
480 481
482 483
484 9
424 405
485 267
486 487
488 241
489 490
491 177
492 493
12 494
495 496
497 250
498 499
500 455
501 502
503 504
505 301
506 507
508 5
509 25
240 510
311 195
511 512
513 351
514 515
516 58
376 517
518 205
519 520
521 522
523 75
41 56
524 525
191 526
527 528
229 400
529 195
530 531
532 533
534 232
61 535
536 82
130 110
399 190
338 537
538 171
539 385
538 9
161 540
541 29
542 543
18 544
545 546
32 202
547 548
159 549
234 269
214 504
550 551
552 553
55 58
83 554
39 190
308 555
185 556
557 558
498 9
229 559
130 560
561 562
563 510
388 564
565 566
386 567
568 9
281 9
569 570
523 5
571 402
12 572
573 445
574 575
576 385
130 577
578 484
579 580
185 581
582 583
584 585
586 587
124 588
17 589
260 133
252 590
591 473
240 592
576 110
593 84
594 595
371 596
489 597
598 599
191 600
601 339
602 385
527 603
55 286
604 56
382 605
530 88
606 543
191 607
252 608
55 385
181 609
610 611
612 613
479 614
615 616
617 155
327 58
237 58
618 133
53 619
620 3
374 621
622 163
623 624
380 261
625 626
523 627
30 628
577 104
629 630
631 632
633 346
554 634
384 56
495 635
636 637
518 638
479 639
467 263
596 371
640 641
642 643
644 645
130 646
647 648
185 649
650 651
295 173
601 452
652 653
348 654
49 655
656 362
657 658
659 660
661 405
662 663
664 533
30 665
666 667
668 360
669 216
183 670
671 132
672 673
674 675
676 677
678 679
680 681
682 82
358 445
34 683
262 684
685 686
687 688
689 690
691 145
692 234
693 567
694 695
696 697
698 699
700 701
702 195
615 703
704 705
706 707
325 708
124 709
710 711
159 712
397 713
18 714
715 5
563 716
717 665
87 95
718 683
719 720
186 721
722 723
724 56
12 725
726 727
728 729
730 731
467 732
124 59
49 733
734 735
736 318
737 738
739 740
741 495
742 743
744 745
746 747
530 95
748 496
749 267
750 751
224 752
149 500
421 301
685 753
87 153
120 754
755 318
601 195
756 602
757 758
47 759
760 134
761 1
227 597
762 763
764 132
604 385
765 339
75 766
767 768
8 769
573 770
771 772
773 502
404 168
767 774
384 152
497 775
776 777
17 778
31 58
779 429
185 780
17 665
381 781
724 224
669 782
783 502
527 784
785 786
285 385
787 788
149 789
790 29
791 272
792 145
446 5
793 497
488 639
794 795
542 549
124 66
796 797
798 799
18 800
681 801
802 204
803 100
804 805
53 806
273 100
576 190
17 807
386 808
809 25
201 95
617 810
381 811
85 178
390 458
31 42
812 665
813 487
814 163
815 816
16 817
818 204
819 48
820 821
395 29
601 102
822 823
397 824
92 723
75 741
825 25
826 168
827 82
634 828
75 204
829 830
195 831
832 632
275 833
834 133
835 9
836 837
838 286
839 840
172 312
841 5
235 842
94 843
165 844
845 846
87 680
847 848
849 850
610 145
85 851
569 703
327 56
852 853
480 298
854 855
856 801
857 858
285 9
794 859
94 860
220 755
41 385
527 861
862 261
818 863
864 496
865 261
866 867
474 493
868 869
798 822
57 56
870 82
818 609
210 871
872 665
295 86
606 549
676 209
500 873
650 874
495 864
875 876
203 877
878 879
87 343
172 86
262 880
881 882
883 884
885 272
886 421
887 106
728 876
888 889
890 891
892 9
893 894
604 110
895 9
896 56
172 851
479 123
897 898
899 525
900 655
30 901
183 204
224 445
527 902
903 803
652 489
510 125
904 905
205 906
907 908
718 35
610 261
498 909
910 911
647 95
154 912
913 914
915 298
610 133
30 385
907 916
273 917
762 918
450 495
575 439
87 919
920 354
921 405
854 922
316 923
516 190
657 924
925 298
926 927
14 928
386 25
929 930
565 931
932 933
934 679
577 725
96 935
936 937
610 938
433 939
702 339
205 940
941 842
942 362
647 943
266 944
945 946
53 947
948 949
854 950
646 484
951 952
953 400
573 752
399 286
235 202
576 369
229 851
55 537
954 955
304 956
563 861
957 110
817 537
958 959
960 106
961 962
277 150
316 320
231 963
964 303
965 303
818 196
966 487
794 967
55 324
968 567
130 969
970 971
972 82
130 973
974 141
338 100
975 642
18 976
977 363
418 978
713 265
943 979
548 980
832 981
548 400
322 982
983 487
52 984
419 0
903 985
986 391
55 987
615 988
989 990
514 129
510 152
548 558
991 894
195 992
960 993
172 129
994 995
39 996
997 998
399 139
999 1000
1001 1002
283 65
6 1003
1004 267
1005 1006
386 1007
610 1008
794 1009
268 1010
1011 1012
18 1013
1014 1015
1016 1017
210 597
1018 1019
1020 50
283 1021
399 1022
1023 1024
558 1025
1026 402
1027 1028
1029 731
227 1030
31 385
30 1031
970 1032
283 1033
453 1034
970 1035
12 1036
30 17
1037 1038
687 1039
404 334
181 532
196 727
527 39
25 1040
563 1041
1042 9
1043 110
107 339
1044 766
865 100
1045 487
467 880
705 168
700 830
101 1046
421 638
161 1047
605 1048
926 1049
733 798
1050 66
295 851
206 1051
1052 9
1053 303
887 1054
205 677
1055 546
416 1056
1057 9
1058 318
138 190
1059 132
124 1060
1061 298
1062 129
30 168
794 1063
1046 1064
1065 1066
1067 303
440 1068
124 1069
913 1070
1050 129
1071 392
18 1072
1073 1074
1058 665
41 58
191 940
205 607
30 1064
202 1075
1076 29
907 5
605 3
1071 1077
524 1078
426 1079
489 1080
374 1081
1082 362
1014 3
1083 1084
275 495
16 537
479 103
1085 242
1086 25
634 1087
694 1088
1089 571
1090 660
563 1091
997 996
1092 35
1093 132
231 1094
1095 1096
287 867
30 384
1097 801
138 385
1098 29
200 1099
765 106
803 1100
1101 100
523 9
384 190
834 261
198 33
501 1102
348 44
1103 1104
1105 596
896 385
1106 195
510 342
1107 82
1108 505
98 1109
1110 1111
1112 267
1113 1006
31 56
1114 1115
1116 523
18 1117
1118 1119
761 1120
961 1121
1122 402
657 525
637 23
662 1123
293 956
1124 129
295 1125
1126 298
338 317
601 851
355 1127
1128 454
1129 303
416 688
130 1130
52 1131
316 1132
674 1133
1134 35
904 1135
1136 1137
203 129
193 1138
1139 684
1140 1141
320 385
381 1142
978 1
1143 1144
87 1145
1146 1147
227 583
1024 1148
224 369
285 110
240 435
317 665
299 1149
722 93
1150 766
838 56
451 339
1151 29
1152 91
970 1153
698 1154
1155 911
1156 1157
1158 66
122 1159
161 1160
1156 1161
970 1162
563 1163
1164 339
604 58
765 104
36 570
240 1165
1166 1167
332 1168
376 1169
47 1006
376 1170
1171 1172
1173 1174
198 1175
421 928
631 1176
1177 29
348 110
779 95
1178 1179
217 398
149 873
105 1180
1181 445
1001 1182
1183 5
726 5
1184 173
1185 1186
647 202
30 1187
266 29
582 228
451 400
1097 798
1188 25
61 537
1189 35
1190 1191
1027 1192
1193 101
87 708
1194 1195
929 1024
208 665
629 499
132 261
1196 234
904 557
32 1197
1198 1199
83 639
681 798
247 1200
6 850
1201 100
1202 298
1203 1018
1204 858
1205 1206
671 66
202 100
1207 1208
818 171
970 1209
36 703
1092 683
1181 163
1210 1211
728 106
0 633
372 1212
316 139
676 301
989 1213
1214 293
811 1215
172 296
554 1087
453 341
1184 296
1216 1217
212 1218
1219 1220
135 329
10 1221
16 1222
1223 1224
1225 1226
1227 168
132 1228
354 89
31 1229
327 190
687 417
671 1230
1231 29
1232 558
1233 100
237 190
736 665
1234 1208
1235 183
1236 1012
726 366
1237 82
1238 1239
1112 851
1240 752
52 431
214 100
325 747
304 916
1129 504
304 908
41 139
115 1241
87 152
892 5
1242 1243
264 824
1244 375
1245 1246
693 880
558 1247
126 699
1233 1248
561 153
1230 66
428 95
16 535
240 778
1203 1249
224 56
593 1250
1251 1252
285 139
818 9
130 578
887 1253
883 1254
85 195
430 9
39 396
794 1255
224 770
1256 91
1257 1258
275 1259
1260 831
1181 770
710 1261
295 129
964 504
548 515
1262 183
1043 56
271 29
1093 66
16 62
87 49
1263 1264
1265 1266
606 582
1267 1268
30 286
1265 1269
755 665
523 495
124 1265
1270 1271
404 901
1272 575
892 75
1273 1274
1275 1276
527 1277
1278 1279
348 522
277 1280
1281 1211
811 1282
1283 298
1284 1285
235 1286
1287 82
1288 1289
395 79
1053 504
277 1290
30 1291
32 1292
266 1293
1151 272
399 189
49 1294
462 9
530 680
376 1295
1296 171
191 1297
667 155
101 1298
57 385
737 1299
451 195
1223 1300
1301 362
320 139
1302 383
1233 110
446 1303
1304 557
652 549
1305 210
660 492
1306 1163
1274 1307
397 1308
1309 1216
201 860
1310 1000
862 133
474 1311
205 301
181 204
1312 1051
896 286
1156 938
1313 29
672 185
1067 504
1314 1315
1316 84
1155 102
30 522
138 1229
1317 483
178 1166
652 597
467 684
140 1318
632 981
30 1319
1320 25
1321 1322
818 1002
231 1323
105 1324
428 747
1325 979
594 1326
1327 110
1328 1329
932 1049
1330 1161
1190 1331
1240 445
1332 637
1333 1334
390 1335
479 84
1336 11
523 204
424 1337
397 217
1338 1339
909 9
1183 9
1037 48
189 1340
1306 110
214 303
617 507
1341 400
936 766
1342 385
290 1343
1 689
1223 1311
266 1344
360 1345
1346 25
506 912
1347 102
1348 362
1349 341
1350 1351
451 102
205 600
87 1291
0 689
637 229
524 690
322 272
1352 298
266 452
187 1094
1353 1354
1098 267
523 1355
17 1034
1288 1356
1357 803
30 56
829 1358
446 9
1267 253
266 178
467 310
1359 437
1360 385
1361 1362
1363 1249
1364 1003
960 1365
39 79
565 362
295 1226
79 191
794 1366
32 1175
610 66
1367 1368
183 195
523 1369
440 1370
606 1239
887 12
633 690
498 630
348 56
25 1371
285 58
997 1372
1373 1374
32 1375
384 58
75 1376
1313 267
112 723
1377 448
1 1206
1378 912
920 1379
302 504
89 441
1189 683
85 1226
610 100
1306 1252
513 1380
43 385
16 665
1381 9
1382 1383
57 110
32 843
85 400
149 455
18 1384
948 1385
451 851
74 1120
530 381
317 1222
980 1386
224 110
1387 110
42 367
866 1388
547 877
1389 306
130 1390
191 268
1391 392
1342 110
53 405
74 0
399 58
1392 735
1393 1123
161 882
107 1394
1395 1396
694 1397
586 263
45 916
503 303
18 1398
94 202
1399 911
101 1400
1154 381
1156 109
1401 911
183 1402
132 100
191 906
943 408
1403 100
500 456
30 334
224 163
518 1404
149 1405
1406 383
381 1407
561 1408
117 1409
542 489
829 1410
289 1411
1267 590
325 1412
593 639
746 95
1413 1414
381 1415
1416 1417
902 1418
1419 1420
771 1421
1422 993
1423 268
1206 633
1424 385
397 1425
634 1148
779 708
782 1172
1426 362
693 1427
1428 1429
172 400
1430 298
798 801
1309 9
1431 1432
1433 29
1434 627
1435 1436
1437 5
644 1087
563 778
179 1438
248 610
327 369
130 1439
899 1120
1440 621
548 1441
856 798
1442 1226
887 1443
1340 928
1444 1081
832 1176
85 296
1445 1446
1447 1448
907 272
865 133
548 129
978 394
316 1449
724 445
304 1450
794 1451
534 1452
582 1030
1453 9
421 15
1134 683
200 5
479 406
371 1454
115 1455
529 452
523 1456
538 5
892 495
350 1457
1458 619
327 385
295 195
30 266
789 1459
220 37
1330 938
476 1460
1364 71
1093 1158
59 1461
18 1462
185 1195
826 337
1463 1464
378 1465
30 1466
243 1311
73 761
582 227
205 1297
124 561
771 1467
135 1468
395 190
1469 1470
530 919
890 1471
348 369
101 1472
518 15
25 236
563 1473
1474 1467
965 504
185 1475
1476 1477
897 1478
1425 398
1321 1479
1108 190
148 456
79 1480
1481 585
746 1482
488 103
1336 665
1391 1077
1483 190
39 1484
818 5
558 1485
1110 1486
1487 894
201 843
275 1488
742 1489
977 1075
