0 1
2 3
4 5
6 7
8 9
10 11
12 13
14 15
16 17
18 19
20 21
22 23
24 25
26 27
28 29
30 31
32 33
34 35
36 37
10 38
39 40
41 42
36 43
44 45
46 47
48 49
50 51
52 53
54 55
56 57
58 59
60 61
62 63
64 65
66 67
68 69
70 71
72 73
74 75
20 76
77 78
79 35
80 81
82 83
84 85
86 87
88 89
90 91
92 93
94 95
96 97
98 99
44 36
100 101
102 103
104 105
61 106
77 107
90 108
14 109
110 5
111 112
113 114
74 115
48 116
58 117
118 119
120 121
122 123
124 125
126 52
127 128
129 130
131 132
133 134
92 135
136 137
138 139
140 141
142 143
77 144
145 146
106 147
148 149
150 151
152 153
154 155
138 156
157 158
159 160
102 161
162 5
163 164
165 166
167 168
136 169
170 171
172 173
136 174
160 175
176 177
60 178
106 179
180 181
86 182
79 183
184 185
42 186
187 116
188 9
20 189
36 190
191 192
193 194
195 196
197 198
199 200
201 202
203 204
184 205
206 207
208 209
210 73
211 212
213 35
48 61
214 73
215 216
217 218
219 204
220 221
222 13
16 223
224 225
226 116
227 228
29 229
230 231
232 233
234 235
236 237
136 238
239 63
240 241
211 242
243 244
245 246
247 248
249 250
251 99
79 9
181 252
253 146
254 255
136 256
90 257
258 259
165 260
261 262
263 264
265 9
266 267
268 269
270 271
203 272
273 274
275 119
276 277
278 279
280 281
282 283
284 285
84 286
287 288
289 116
290 291
292 293
113 218
148 294
295 296
297 298
299 100
300 288
301 302
303 304
305 306
307 308
309 310
311 312
313 314
315 316
317 318
16 319
320 321
322 288
323 324
325 29
278 326
327 328
329 330
331 174
332 202
84 194
333 334
224 243
335 5
336 202
337 35
338 339
30 340
18 341
295 30
342 343
344 116
197 345
97 346
145 63
347 348
349 350
86 351
10 99
352 353
36 354
355 3
195 356
160 357
12 358
359 360
361 362
363 364
365 241
366 3
367 368
369 323
370 223
371 283
372 373
37 374
375 376
377 378
36 379
380 381
16 382
145 383
384 377
10 385
386 387
131 388
322 5
307 389
390 391
392 393
394 395
396 397
342 398
399 139
400 401
62 146
402 403
404 405
406 407
408 377
10 409
410 411
412 413
414 415
92 185
416 417
418 403
311 419
420 421
422 423
90 424
425 193
10 426
427 428
429 430
431 432
433 434
435 436
388 437
438 382
18 334
439 138
440 441
442 443
444 445
446 447
20 448
449 450
234 451
452 453
454 455
456 5
457 458
331 459
460 461
462 73
463 84
464 465
466 13
352 467
468 469
418 63
106 470
471 377
472 473
474 475
476 181
477 478
188 479
480 481
482 483
484 485
170 486
463 5
487 488
29 489
490 491
442 492
493 494
495 496
497 498
440 423
499 9
500 283
501 257
502 503
504 189
505 506
14 507
508 266
509 510
511 468
512 513
514 515
516 319
517 518
519 5
520 29
256 521
327 205
522 523
524 368
525 526
527 65
394 528
529 219
530 531
532 533
46 63
534 84
535 536
211 537
538 539
203 540
245 419
541 205
542 543
544 545
546 248
66 547
295 548
136 116
418 202
355 549
550 551
552 183
553 5
554 403
172 555
552 9
556 35
557 558
559 560
20 561
10 216
562 563
170 564
250 285
230 515
565 566
567 568
62 65
90 569
44 202
197 570
571 572
509 9
573 574
245 575
136 576
577 578
579 521
406 580
581 582
404 583
584 9
299 9
585 586
534 5
587 421
14 588
589 459
590 591
592 403
136 593
594 499
595 596
597 598
197 599
600 601
602 603
604 605
131 606
19 607
275 139
268 608
609 487
592 116
256 610
301 447
211 385
611 91
612 613
387 614
502 615
616 617
618 356
203 619
211 620
621 403
622 623
538 624
62 304
427 508
625 63
400 626
542 95
627 628
573 558
203 629
268 630
62 403
195 631
632 633
634 635
636 637
344 65
253 65
638 168
639 5
640 139
56 641
642 3
390 643
644 174
645 646
399 119
647 648
534 649
36 650
593 109
651 478
652 653
654 363
569 655
402 63
656 657
658 659
529 660
482 279
614 387
661 662
663 664
665 666
136 667
668 669
197 670
338 183
671 672
20 673
674 675
311 185
676 677
618 465
365 678
679 377
54 680
681 682
683 684
685 423
686 687
688 545
36 689
690 691
692 375
693 232
193 694
695 138
696 697
698 699
700 701
702 703
704 705
706 707
371 459
39 708
278 709
710 711
712 713
714 715
211 251
716 156
717 250
718 583
719 720
721 722
723 724
725 726
727 205
636 728
729 730
731 479
342 732
131 733
734 735
736 737
170 738
416 739
20 740
741 5
579 742
743 689
94 99
744 745
198 746
747 708
748 63
14 749
750 751
752 753
10 537
754 755
756 757
482 758
131 68
54 759
760 761
762 334
763 764
765 656
766 767
768 769
770 771
772 773
774 775
542 99
776 73
777 283
778 779
780 5
160 511
240 781
438 319
710 782
94 164
127 783
784 334
618 205
785 621
786 787
52 788
789 140
790 1
243 615
627 791
792 138
625 403
793 356
105 377
84 794
795 796
8 797
589 798
799 513
800 801
422 182
795 802
402 163
508 803
804 805
19 806
37 65
807 445
197 808
19 689
398 809
748 240
693 810
811 513
538 812
813 814
303 403
815 816
160 817
818 35
819 288
460 5
820 156
501 821
822 508
823 824
557 564
131 75
825 826
20 827
707 828
829 218
830 831
832 61
833 834
835 73
56 836
289 61
592 202
19 837
404 838
839 29
215 99
638 840
398 841
92 190
408 471
37 47
842 689
843 174
844 845
18 846
847 218
848 53
849 850
414 35
618 107
851 852
416 853
84 765
854 29
855 182
655 856
84 218
857 858
205 859
860 653
292 861
862 139
863 9
864 865
866 304
867 868
184 328
869 5
251 870
871 872
98 873
176 874
875 876
94 706
877 878
879 880
632 156
92 881
585 728
344 63
882 883
493 316
884 885
886 828
887 888
303 9
823 889
98 890
236 784
538 891
46 403
892 119
847 893
894 119
488 506
895 896
825 851
897 898
819 899
64 63
847 631
900 901
224 902
311 93
903 689
573 564
700 223
511 904
674 905
906 907
217 908
909 910
94 360
184 93
278 596
911 912
913 914
915 916
917 288
673 835
918 438
919 112
756 907
920 921
922 923
924 9
925 926
625 116
927 9
928 63
634 130
929 930
184 881
931 932
933 536
934 680
36 935
193 218
936 478
240 459
538 937
938 832
676 502
521 132
939 940
219 941
942 943
747 40
632 119
509 944
945 946
668 99
167 947
948 949
36 403
632 139
950 316
942 951
289 952
627 953
463 656
591 453
94 954
955 423
884 956
332 957
527 202
958 316
681 959
960 961
16 962
404 29
963 964
581 965
718 966
967 968
969 705
593 749
100 970
971 972
632 973
727 356
10 974
219 975
976 870
977 377
668 978
282 979
56 980
981 982
983 984
884 985
986 987
667 499
988 356
989 419
589 781
418 304
251 216
592 383
245 881
62 549
322 990
991 992
579 891
993 116
846 549
994 995
996 997
998 112
766 161
332 336
247 999
1000 321
1001 321
847 208
823 1002
62 341
1003 583
211 974
136 1004
1005 1006
136 1007
60 119
1008 149
355 61
1009 663
20 1010
1011 378
435 1012
739 281
978 1013
563 1014
860 1015
563 419
59 1016
436 0
938 1017
752 410
62 1018
636 1019
1020 1021
525 135
521 163
563 572
1022 926
60 1023
205 1024
998 1025
184 135
44 1026
1027 1028
418 146
1029 1030
1031 1032
301 74
6 1033
1034 283
632 1035
404 1036
1037 1038
823 1039
284 1040
1041 1042
20 1043
1044 1045
1046 1047
224 615
1048 1049
1050 55
301 1051
418 1052
1053 1054
572 1055
595 1056
1057 421
1058 755
243 1059
37 403
1005 1060
36 1061
301 1062
1063 5
466 1064
1005 1065
14 1066
36 19
1067 1068
712 1069
422 351
195 544
208 751
538 44
29 1070
579 1071
0 1072
1073 9
1074 116
113 356
1075 794
894 61
482 596
730 182
725 858
290 1076
106 1077
438 660
911 1078
172 1079
626 1080
759 825
960 1081
1082 75
311 881
220 1083
1084 9
30 1085
1086 321
919 1087
219 701
1088 560
433 1089
1090 9
1091 334
145 202
131 1092
1093 138
1094 316
1095 135
36 182
823 1096
1077 1097
1098 321
454 1099
131 1100
948 1101
1082 135
1102 411
20 1103
1104 478
1105 1106
1091 689
46 65
203 975
219 629
36 1097
216 1107
900 1108
1109 35
942 5
626 3
1102 1110
535 1111
502 1112
390 1113
442 1114
1115 377
1044 3
292 656
18 549
634 108
1116 258
1117 29
1072 0
655 1118
719 1119
1120 587
1121 684
579 1122
1027 1026
1123 40
247 1124
1125 138
307 896
36 402
1126 828
145 403
1127 35
793 112
832 1128
1129 61
534 9
402 202
862 119
211 38
512 1130
365 49
1131 614
928 403
1132 205
521 359
102 1133
1134 516
1135 283
1136 1137
1138 1038
37 63
1139 1140
1141 534
20 1142
1143 1144
996 1145
790 1146
1147 421
681 536
659 27
686 1148
313 990
988 1149
1150 135
311 1151
1152 316
355 333
618 881
1153 467
1154 321
433 713
1155 1156
136 1157
59 1158
332 1159
698 1160
1161 40
1162 1163
217 135
206 1164
1165 709
1166 1167
336 403
398 1168
1169 1170
1012 1
94 1171
1172 178
243 601
1054 1173
240 383
303 116
256 451
333 689
317 1174
1175 794
866 63
464 356
1176 35
1005 1177
1178 97
723 1179
1180 946
1181 1182
129 1183
1184 75
172 1185
1181 1186
1005 1187
579 1188
1189 356
625 65
793 109
41 586
256 1190
347 1191
1192 1193
394 1194
52 1038
394 1195
1196 1197
1198 1199
1200 1201
211 1202
438 962
652 1203
1204 35
365 116
807 99
1205 1206
233 417
160 904
111 1207
1208 459
1031 1209
1210 5
750 5
1211 185
668 216
1212 1213
36 1214
282 35
600 244
464 419
1126 825
1215 29
66 549
1216 40
1217 1218
1219 106
94 732
1220 1221
963 1054
651 510
222 689
138 119
1222 250
10 1223
1224 1225
90 821
707 825
261 1226
6 880
1227 61
1228 316
1229 1048
1230 888
1231 1232
695 75
1233 1234
216 61
1005 1235
847 183
41 728
1123 708
1208 174
1236 1237
756 112
0 654
388 1238
623 373
332 146
700 319
1020 1239
1240 313
841 1241
184 312
569 1118
1211 312
466 358
226 1242
1243 1244
1245 1246
141 346
12 1247
18 1248
1249 1250
1251 309
1252 1253
56 1254
1255 182
138 1256
37 1257
344 202
695 1258
712 434
1259 35
227 1260
1261 572
1262 61
253 202
762 689
1263 1234
1264 193
1265 1042
750 381
1266 1267
1135 881
1198 1268
1269 781
59 447
230 61
342 775
1154 515
322 951
1270 988
322 943
46 146
122 1271
94 163
1272 510
924 5
1273 1274
280 853
1275 391
1276 1277
634 1278
572 1279
133 724
1280 623
1262 1281
577 164
1258 75
444 99
1282 496
1229 1283
18 547
256 806
240 63
1284 1285
611 1286
303 146
847 9
900 1078
136 594
988 61
919 1287
915 1288
92 205
446 9
44 415
823 1289
240 798
1290 97
1291 1292
292 1293
1270 1294
1295 859
1208 798
736 1296
311 135
1001 515
1297 193
563 526
1074 63
287 35
1125 75
18 67
1298 1299
94 54
573 600
1300 1301
1302 1303
36 304
1300 1304
784 689
534 656
830 1305
131 1300
1306 1307
422 935
1308 591
924 84
1309 780
830 1310
1311 1312
338 1313
538 1314
1315 1316
365 533
1317 1237
841 1318
1319 316
1320 1321
251 1322
414 88
1086 515
36 1323
10 1324
282 1325
1176 288
418 201
474 9
54 1326
542 706
394 1327
1328 183
203 1329
691 168
106 1330
64 403
464 205
763 1331
60 139
1249 1332
1333 377
336 146
1334 401
1262 116
460 1335
676 564
1336 224
338 1337
684 505
1338 1188
780 1339
416 1340
1341 1243
1342 1030
215 890
892 139
488 1343
219 319
195 218
1344 1083
928 304
1181 973
1345 35
1098 515
696 197
1346 1347
104 91
90 1348
1180 107
36 533
145 1257
1349 498
190 1192
676 615
482 709
148 1350
653 1015
900 1351
36 1352
1353 29
1354 1355
847 1032
1356 1357
247 1358
111 1359
444 775
1360 1013
612 1361
154 734
1362 116
1363 1364
967 1081
1217 1365
1366 1186
1269 459
1367 659
1368 1369
634 91
408 1370
1371 1372
1373 13
534 218
440 1374
416 233
1375 1376
944 9
1210 9
1067 53
201 1377
1338 116
230 321
638 518
1378 419
971 794
1379 403
306 1380
1 714
1249 1343
282 1381
375 1382
1383 29
118 139
517 947
1384 377
1385 107
1386 496
1387 358
1388 1389
464 107
219 619
94 1323
0 714
659 245
535 715
1390 316
282 465
199 1124
1127 283
1391 1392
504 835
534 1393
19 1064
1394 1395
1396 832
36 63
460 9
857 1397
1302 269
282 190
482 326
1398 403
1399 1400
1401 1283
1402 1033
998 1403
44 88
311 1253
581 377
88 203
823 1404
632 75
10 1202
1405 1406
193 205
534 1407
573 1267
454 1408
919 14
654 715
509 478
365 63
29 1409
303 65
1027 1410
1411 1412
10 1413
402 65
84 1414
1345 283
1415 947
1 1232
320 515
1216 708
92 1253
632 61
1338 1285
524 1416
90 635
48 403
18 689
1417 9
1418 1419
64 116
10 873
92 419
160 468
20 1420
983 1421
295 1422
464 881
542 398
83 1146
333 1248
1014 1423
1424 116
240 116
47 382
895 1425
562 908
1426 324
136 1427
203 284
1428 411
1379 116
56 423
83 0
418 65
1429 761
1430 1148
172 914
1431 1432
113 1433
719 1434
604 279
50 951
514 321
1435 61
20 1436
1437 946
98 216
106 1438
1179 398
1439 5
1181 115
1440 946
193 1441
138 61
203 941
978 426
511 469
1442 61
36 351
240 174
529 1443
160 1444
1445 401
398 1446
577 1447
124 1448
557 502
857 1449
1450 277
305 1451
1302 608
342 1452
611 821
774 99
60 156
1453 1454
398 1455
937 1456
1457 1458
800 1459
1460 1025
1461 284
1232 654
1462 403
416 1463
807 732
655 1173
810 1201
1464 377
1465 1466
184 419
1467 316
825 828
848 1038
1341 9
1468 1469
1470 35
1471 649
1472 1473
338 1474
1475 5
211 409
665 1118
579 806
24 1145
344 383
191 1476
262 632
136 1477
211 216
933 1146
1478 643
563 1479
886 825
1480 1253
1481 5
1377 962
919 1482
1483 1113
860 1203
92 312
1484 1485
1486 1487
942 288
894 139
563 135
1012 413
332 1488
748 459
322 1489
823 1490
546 1491
600 1059
595 583
1492 9
438 17
1161 708
213 5
634 424
387 1493
122 1494
541 465
534 1495
552 5
924 656
367 1496
344 403
311 205
1497 623
36 282
817 1498
1499 109
236 42
1366 973
490 1500
1402 80
68 1501
1125 1184
1502 346
197 1221
855 354
1503 1504
392 1505
36 1506
259 1343
600 243
82 790
219 1329
131 577
800 1507
141 1508
414 202
627 99
686 1509
542 954
673 73
922 1510
365 383
106 1511
529 17
29 252
579 1512
1513 1507
1000 515
197 1514
1515 1516
931 1517
1463 417
1354 1518
776 835
702 641
1134 202
159 469
227 1519
88 1520
1521 603
774 1522
501 108
1373 689
1428 1110
671 1523
1524 202
44 1525
847 5
572 1526
1527 926
1136 1528
215 873
292 1529
770 1530
1011 1107
