[336, 146]
[1088, 560]
[1391, 1392]
[160, 357]
[763, 1331]
[394, 1194]
[444, 445]
[1212, 1213]
[268, 608]
[501, 108]
[365, 383]
[172, 173]
[490, 1500]
[618, 881]
[685, 423]
[16, 223]
[474, 9]
[993, 116]
[1424, 116]
[695, 75]
[1229, 1283]
[62, 1018]
[402, 403]
[1502, 346]
[59, 1016]
[29, 489]
[538, 1314]
[44, 1026]
[275, 119]
[983, 984]
[54, 55]
[6, 1033]
[394, 1195]
[176, 874]
[862, 139]
[934, 680]
[193, 194]
[54, 1326]
[1154, 515]
[627, 953]
[723, 1179, 398]
[1231, 1232]
[659, 27]
[625, 65]
[535, 1111]
[433, 1089]
[313, 990]
[70, 71]
[199, 200]
[651, 510]
[184, 328]
[1415, 947]
[230, 321]
[46, 403]
[702, 641]
[924, 656]
[94, 95]
[224, 225]
[1123, 708]
[1136, 1137]
[1, 1232]
[557, 502]
[20, 448]
[622, 623]
[642, 3]
[592, 403]
[983, 1421]
[1462, 403]
[521, 163]
[208, 751]
[718, 966]
[1284, 1285]
[240, 241]
[895, 1425]
[311, 1253]
[1383, 29]
[1012, 413]
[942, 288]
[1105, 1106]
[855, 182]
[1003, 583]
[763, 764]
[82, 83]
[1008, 149]
[66, 67]
[313, 314]
[37, 1257]
[1275, 391]
[287, 288]
[14, 109]
[777, 283]
[1155, 1156]
[1280, 623]
[30, 1085]
[1067, 1068]
[512, 513]
[83, 0]
[256, 451]
[289, 952]
[482, 758]
[1402, 80, 81]
[251, 1322]
[197, 345]
[1439, 5]
[774, 775]
[44, 415]
[618, 465]
[414, 88]
[511, 468]
[1344, 1083]
[585, 586]
[632, 633]
[1375, 1376]
[1115, 377]
[456, 5]
[795, 796]
[542, 954]
[553, 5]
[1161, 708]
[444, 775]
[862, 119]
[52, 788]
[251, 870]
[460, 461]
[1471, 649]
[203, 204]
[1328, 183]
[2, 3]
[618, 356]
[857, 858]
[700, 701]
[1368, 1369]
[251, 216]
[573, 1267]
[1208, 174]
[884, 956]
[819, 899]
[1143, 1144]
[392, 393]
[1373, 689]
[463, 656]
[747, 40]
[538, 539]
[600, 244]
[538, 624]
[1094, 316]
[1345, 35]
[727, 356]
[234, 451]
[463, 84]
[527, 65]
[47, 382]
[37, 374]
[412, 413]
[282, 283]
[529, 660]
[960, 1081]
[860, 653]
[998, 112]
[1461, 284]
[1497, 623]
[205, 1024]
[1132, 205]
[857, 1449]
[1126, 828]
[920, 921]
[26, 27]
[1366, 973]
[579, 1512]
[36, 190]
[634, 424]
[366, 3]
[404, 583]
[1262, 1281]
[967, 968]
[106, 179]
[303, 304]
[322, 951]
[297, 298]
[625, 63]
[398, 841]
[522, 523]
[1044, 3]
[131, 733]
[1315, 1316]
[581, 965]
[1216, 708]
[1426, 324]
[1165, 709]
[224, 902]
[534, 649]
[501, 257]
[466, 1064]
[936, 478]
[276, 277]
[184, 419]
[77, 107]
[6, 880]
[1418, 1419]
[92, 881]
[546, 248]
[36, 304]
[978, 1013]
[776, 73]
[1265, 1042]
[160, 511]
[184, 93]
[671, 1523]
[211, 620]
[442, 1114]
[1309, 780]
[752, 753]
[1306, 1307]
[463, 5]
[240, 174]
[386, 387]
[256, 610]
[157, 158]
[92, 312]
[541, 465]
[418, 304]
[616, 617]
[1282, 496]
[750, 5]
[497, 498]
[696, 697]
[54, 680]
[919, 1287]
[347, 1191]
[592, 116]
[1126, 825]
[307, 896]
[208, 209]
[924, 84]
[717, 250]
[418, 1052]
[502, 1112]
[14, 1066]
[688, 545]
[282, 465]
[1224, 1225]
[595, 596]
[693, 232, 233]
[1125, 1184, 75]
[203, 975]
[562, 908]
[20, 76]
[98, 890]
[464, 419]
[197, 1514]
[1363, 1364]
[592, 202]
[1450, 277]
[849, 850]
[247, 1358]
[900, 1108]
[440, 423]
[504, 189]
[10, 1324]
[394, 1327]
[1481, 5]
[1521, 603]
[0, 1]
[90, 635]
[719, 1119]
[1460, 1025]
[211, 537]
[170, 564]
[676, 615]
[1196, 1197]
[938, 1017]
[532, 533]
[278, 709]
[1141, 534]
[19, 1064]
[138, 61]
[659, 245]
[1354, 1518]
[1093, 138]
[429, 430]
[56, 1254]
[377, 378]
[396, 397]
[311, 419]
[332, 146]
[780, 1339]
[292, 293]
[681, 959]
[736, 737]
[138, 1256]
[931, 1517]
[1236, 1237]
[322, 990]
[1300, 1301]
[438, 17]
[275, 139]
[800, 801]
[963, 964]
[224, 243]
[30, 31]
[384, 377]
[322, 5]
[243, 615]
[712, 434]
[227, 1260]
[167, 168]
[1472, 1473]
[256, 521]
[511, 904]
[36, 650]
[14, 749]
[14, 507]
[774, 99]
[388, 1238]
[1153, 467]
[0, 654]
[126, 52]
[1222, 250]
[90, 108]
[131, 606]
[256, 1190]
[402, 163]
[129, 1183]
[579, 742]
[160, 468]
[597, 598]
[1176, 35]
[589, 798]
[247, 999]
[1162, 1163]
[799, 513]
[517, 518]
[847, 183]
[342, 398]
[811, 513]
[90, 569]
[433, 434]
[29, 229]
[120, 121]
[593, 109]
[1467, 316]
[176, 177]
[1131, 614]
[614, 387]
[1356, 1357]
[307, 308]
[416, 1340]
[572, 1526]
[1262, 116]
[10, 1413]
[538, 44]
[556, 35]
[92, 205]
[1300, 1304]
[344, 383]
[541, 205]
[88, 203]
[627, 628]
[230, 231]
[900, 901]
[1125, 75]
[36, 1097]
[145, 403]
[919, 1087]
[236, 237]
[464, 881]
[830, 1310]
[64, 65]
[1385, 107]
[94, 706]
[847, 893]
[124, 1448]
[652, 653]
[822, 508]
[8, 9]
[1428, 411]
[113, 356]
[365, 678]
[1484, 1485]
[535, 715]
[282, 35]
[113, 114]
[748, 63]
[380, 381]
[338, 339]
[1379, 116]
[462, 73]
[754, 755]
[886, 828]
[72, 73]
[1457, 1458]
[215, 216]
[48, 49]
[56, 57]
[482, 483]
[18, 547]
[66, 547]
[338, 1313]
[214, 73]
[534, 218]
[877, 878]
[148, 1350]
[482, 709]
[1480, 1253]
[338, 1337]
[743, 689]
[372, 373]
[217, 908]
[280, 853]
[718, 583]
[216, 1107]
[509, 944, 9]
[1136, 1528]
[655, 856]
[427, 428]
[136, 1477]
[60, 178]
[686, 687]
[571, 572]
[719, 720]
[92, 93]
[64, 63]
[474, 475]
[668, 99]
[61, 106]
[217, 135]
[464, 205]
[747, 708]
[1082, 135]
[24, 1145]
[639, 5]
[337, 35]
[939, 940]
[84, 85]
[495, 496]
[142, 143]
[10, 99]
[131, 1092]
[1011, 1107]
[820, 156]
[1475, 5]
[490, 491]
[681, 682]
[122, 1494]
[579, 1188]
[390, 1113]
[589, 781]
[18, 67]
[18, 549]
[239, 63]
[534, 1393]
[707, 828]
[317, 318]
[136, 593]
[866, 63]
[793, 112]
[1428, 1110]
[311, 93]
[12, 1247]
[68, 69]
[118, 119]
[278, 596]
[665, 666]
[333, 334]
[807, 445]
[19, 806]
[325, 29]
[552, 9]
[466, 358]
[141, 1508]
[1123, 40]
[686, 1509]
[1139, 1140]
[94, 1323]
[864, 865]
[1005, 1235]
[1341, 9]
[1208, 459]
[131, 132]
[847, 631]
[300, 288]
[1217, 1218]
[882, 883]
[136, 174]
[16, 962]
[355, 3]
[1169, 1170]
[1367, 659]
[273, 274]
[632, 156]
[19, 607]
[150, 151]
[1073, 9]
[1000, 321]
[482, 596]
[203, 272]
[579, 1122]
[12, 13]
[1029, 1030]
[823, 1002]
[886, 825]
[867, 868]
[772, 773]
[847, 218]
[37, 403]
[1027, 1410]
[299, 9]
[98, 873]
[163, 164]
[1388, 1389]
[370, 223]
[215, 873]
[165, 166]
[477, 478]
[978, 426]
[88, 89]
[800, 1459]
[493, 494]
[919, 112]
[900, 1351]
[698, 1160]
[193, 218]
[36, 37]
[988, 61]
[92, 135]
[44, 1525]
[1127, 283]
[52, 53]
[268, 630]
[1227, 61]
[219, 619]
[213, 5]
[367, 368]
[1402, 1033]
[98, 216]
[418, 202]
[919, 1482]
[928, 403]
[66, 549]
[398, 809]
[552, 5]
[609, 487, 488]
[327, 328]
[1440, 946]
[398, 1455]
[118, 139]
[668, 978]
[375, 376]
[203, 629]
[122, 1271]
[750, 381]
[20, 1043]
[219, 1329]
[124, 125]
[676, 502]
[32, 33]
[418, 201]
[333, 689]
[647, 648]
[442, 492]
[16, 17]
[569, 655]
[138, 156]
[634, 130]
[1371, 1372]
[929, 930]
[1129, 61]
[1379, 403]
[86, 182]
[446, 447]
[361, 362]
[484, 485]
[1302, 608]
[1005, 1187]
[102, 1133]
[593, 749]
[818, 35]
[565, 566]
[62, 549]
[170, 171]
[499, 9]
[234, 235]
[292, 1529]
[829, 218]
[573, 574]
[1266, 1267]
[68, 1501]
[948, 1101]
[658, 659]
[681, 536]
[875, 876]
[600, 243]
[44, 88]
[480, 481]
[790, 1146]
[887, 888]
[1205, 1206]
[572, 1055]
[611, 821]
[676, 564]
[789, 140, 141]
[501, 821]
[184, 135]
[869, 5]
[145, 146]
[454, 455]
[1180, 107]
[1230, 888]
[994, 995]
[136, 116]
[823, 1289]
[20, 1420]
[786, 787]
[1411, 1412]
[136, 576]
[322, 288]
[247, 248]
[371, 283]
[56, 641]
[197, 670]
[56, 423]
[292, 861]
[387, 1493]
[546, 1491]
[839, 29]
[390, 391]
[1338, 1188]
[263, 264]
[841, 1318]
[1513, 1507]
[284, 1040]
[243, 244]
[584, 9]
[79, 9]
[542, 398]
[1366, 1186]
[280, 281]
[148, 294]
[1249, 1332]
[6, 7]
[1499, 109]
[58, 117]
[1121, 684]
[245, 881]
[211, 242]
[332, 957]
[514, 321]
[741, 5]
[509, 510]
[154, 155]
[41, 42]
[414, 202]
[36, 1352]
[579, 1071]
[563, 526]
[240, 116]
[938, 832]
[884, 885]
[219, 701]
[464, 465]
[464, 356]
[301, 447]
[245, 575]
[736, 1296]
[986, 987]
[554, 403]
[727, 205]
[778, 779]
[152, 153]
[1074, 63]
[855, 354]
[10, 216]
[917, 288]
[860, 1203]
[1320, 1321]
[48, 61]
[145, 383]
[14, 588]
[18, 341]
[969, 705]
[141, 346]
[611, 1286]
[1127, 35]
[50, 951]
[254, 255]
[127, 128]
[1034, 283]
[131, 577]
[301, 1051]
[197, 808]
[1354, 1355]
[895, 896]
[79, 35]
[213, 35]
[187, 116]
[668, 669]
[1211, 185]
[928, 63]
[219, 941]
[74, 115]
[1217, 1365]
[303, 116]
[1020, 1239]
[674, 675]
[552, 183]
[438, 962]
[676, 677]
[989, 419]
[96, 97]
[581, 582]
[355, 333]
[542, 706]
[525, 135]
[106, 1438]
[311, 1151]
[1200, 1201]
[184, 312]
[626, 3]
[919, 14]
[768, 769]
[707, 825]
[220, 1083]
[996, 997]
[44, 45]
[127, 783]
[683, 684]
[848, 53]
[4, 5]
[236, 784]
[336, 403]
[632, 75]
[352, 467]
[793, 356]
[347, 348]
[193, 694]
[557, 558]
[245, 246]
[282, 190]
[512, 1130]
[59, 447]
[184, 881]
[41, 728]
[472, 473]
[270, 271]
[1430, 1148]
[110, 5]
[136, 137]
[36, 935]
[942, 951]
[1175, 794]
[62, 304]
[618, 205]
[1098, 515]
[24, 25]
[30, 340]
[590, 591]
[256, 806]
[398, 1168]
[303, 65]
[632, 1035]
[572, 1279]
[210, 73]
[1417, 9]
[1390, 316]
[253, 146]
[632, 139]
[655, 1173]
[1270, 988]
[748, 240]
[10, 873]
[240, 798]
[488, 506]
[1125, 138]
[295, 296]
[418, 63]
[1082, 75]
[88, 1520]
[184, 205]
[48, 116]
[400, 626]
[792, 138]
[832, 1128]
[529, 17]
[618, 107]
[652, 1203]
[1215, 29]
[1345, 283]
[438, 660]
[36, 1214]
[39, 708]
[567, 568]
[1273, 1274]
[894, 119]
[36, 1323]
[92, 190]
[222, 13]
[211, 212]
[488, 1343]
[698, 699]
[1181, 973]
[525, 526]
[991, 992]
[349, 350]
[222, 689]
[219, 319]
[988, 1149]
[457, 458]
[54, 759, 825]
[94, 1171]
[1001, 321]
[1041, 1042]
[579, 806]
[673, 835]
[342, 343]
[402, 63]
[46, 47]
[731, 479]
[573, 558]
[62, 63]
[20, 740]
[750, 751]
[656, 657]
[375, 1382]
[122, 123]
[1031, 1209]
[766, 767]
[612, 1361]
[418, 65]
[813, 814]
[1005, 1060]
[623, 373]
[227, 228]
[835, 73]
[1401, 1283]
[404, 29]
[86, 87]
[661, 662]
[998, 1403]
[695, 1258, 75]
[1178, 97]
[800, 1507]
[367, 1496]
[402, 65]
[1086, 321]
[172, 1079]
[138, 139]
[74, 75]
[431, 432]
[36, 182]
[233, 417]
[1037, 1038]
[90, 91]
[1166, 1167]
[111, 1207]
[1050, 55]
[784, 334]
[1311, 1312]
[844, 845]
[322, 943]
[640, 139]
[106, 147]
[58, 59]
[195, 631]
[1259, 35]
[632, 119]
[504, 835]
[60, 119]
[1240, 313]
[295, 30]
[311, 205]
[644, 174]
[909, 910]
[573, 600]
[927, 9]
[10, 1202]
[133, 134]
[604, 279]
[530, 531]
[197, 599]
[287, 35]
[1012, 1]
[332, 336]
[159, 469]
[1362, 116]
[712, 1069]
[98, 99]
[37, 47]
[958, 316]
[195, 218]
[894, 139]
[394, 528]
[22, 23]
[1011, 378]
[1270, 1294]
[638, 518]
[282, 979]
[250, 285]
[201, 202]
[338, 183]
[942, 5]
[632, 973]
[823, 889]
[422, 935]
[1210, 9]
[10, 38]
[203, 1329]
[897, 898]
[1308, 591]
[1102, 1110]
[420, 421]
[303, 403]
[1135, 881]
[352, 353]
[563, 419]
[131, 1100]
[780, 5]
[1075, 794]
[311, 881]
[20, 1436]
[172, 1185]
[79, 183]
[180, 181]
[1373, 13]
[111, 1359]
[0, 714]
[311, 312]
[634, 108]
[1486, 1487]
[106, 470]
[18, 1248]
[84, 194]
[1429, 761]
[695, 138]
[1150, 135]
[52, 1038]
[577, 578]
[19, 689]
[94, 732]
[452, 453]
[301, 74]
[960, 961]
[129, 130]
[336, 202]
[514, 515]
[290, 291]
[823, 1096]
[10, 409]
[148, 149]
[408, 471, 377]
[10, 1223]
[569, 1118]
[1176, 288]
[138, 119]
[355, 61]
[1478, 643]
[996, 1145]
[1084, 9]
[1005, 1065]
[92, 419]
[406, 580]
[440, 1374]
[145, 1257]
[62, 65]
[203, 540]
[591, 453]
[1134, 202]
[636, 728]
[1353, 29]
[468, 469]
[521, 132]
[527, 202]
[562, 563]
[493, 316]
[848, 1038]
[90, 821]
[219, 204]
[199, 1124]
[1261, 572]
[60, 139]
[460, 1335]
[226, 116]
[719, 1434]
[847, 9]
[529, 219]
[807, 732]
[191, 192]
[217, 218]
[655, 1118]
[167, 947]
[538, 891]
[442, 443]
[449, 450]
[10, 385]
[282, 1381]
[534, 1407]
[651, 478]
[320, 515]
[756, 757]
[111, 112]
[671, 672]
[1091, 334]
[476, 181]
[195, 196]
[84, 218]
[535, 536]
[1152, 316]
[16, 382]
[924, 9]
[36, 533]
[981, 982]
[1147, 421]
[311, 185]
[466, 13]
[1210, 5]
[1524, 202]
[509, 9]
[1172, 178]
[774, 1522]
[268, 269]
[322, 1489]
[595, 583]
[933, 1146]
[335, 5]
[227, 1519]
[922, 1510]
[760, 761]
[365, 49]
[62, 341]
[841, 1241]
[762, 334]
[295, 1422]
[41, 586]
[102, 103]
[36, 403]
[716, 156]
[674, 905]
[1211, 312]
[10, 11]
[284, 285]
[1470, 35]
[422, 182]
[1333, 377]
[1054, 1173]
[1386, 496]
[1384, 377]
[1098, 321]
[36, 402]
[823, 1404]
[62, 146]
[333, 1248]
[832, 61]
[332, 202]
[243, 601]
[645, 646]
[172, 914]
[1398, 403]
[517, 947]
[131, 1300]
[976, 870]
[1046, 1047]
[482, 326]
[240, 383]
[634, 635]
[36, 19]
[46, 146]
[160, 1444]
[215, 890]
[37, 63]
[371, 459]
[634, 1278]
[1396, 832]
[18, 19]
[1091, 689]
[988, 356]
[170, 486]
[710, 782]
[394, 395]
[843, 174]
[211, 216]
[1276, 1277]
[770, 1530]
[181, 252]
[97, 346]
[971, 972]
[329, 330]
[924, 5]
[563, 1479]
[1031, 1032]
[948, 949]
[20, 21]
[226, 1242]
[963, 1054]
[1342, 1030]
[770, 771]
[1180, 946]
[44, 202]
[1154, 321]
[636, 637]
[918, 438]
[871, 872]
[206, 207]
[84, 765, 656]
[762, 689]
[416, 853]
[638, 840]
[265, 9]
[36, 689]
[416, 417]
[28, 29]
[1399, 1400]
[50, 51]
[589, 459]
[626, 1080]
[193, 1441]
[131, 75]
[37, 65]
[1465, 1466]
[744, 745]
[1220, 1221]
[90, 424]
[404, 838]
[36, 1061]
[534, 656]
[315, 316]
[247, 1124]
[700, 319]
[216, 61]
[392, 1505]
[418, 403]
[36, 1506]
[1298, 1299]
[550, 551]
[508, 803]
[60, 156]
[136, 1427]
[184, 185]
[289, 61]
[1053, 1054]
[542, 543]
[100, 970]
[8, 797]
[945, 946]
[365, 533]
[627, 791]
[406, 407]
[1074, 116]
[94, 164]
[1138, 1038]
[20, 1010]
[542, 95]
[1204, 35]
[104, 91]
[224, 615]
[365, 63]
[1090, 9]
[344, 403]
[634, 91]
[289, 116]
[145, 202]
[211, 409]
[911, 912]
[399, 119]
[1067, 53]
[866, 304]
[60, 61]
[454, 1099]
[712, 713]
[1302, 269]
[36, 379]
[446, 9]
[44, 36]
[203, 619]
[133, 724]
[1020, 1021]
[440, 441]
[94, 163]
[131, 68]
[1252, 1253]
[278, 279]
[305, 1451]
[342, 1452]
[1503, 1504]
[20, 1142]
[1295, 859]
[245, 419]
[1317, 1237]
[1431, 1432]
[665, 1118]
[520, 29]
[1249, 1250]
[1263, 1234]
[439, 138]
[243, 1059]
[1255, 182]
[240, 63]
[20, 189]
[94, 360]
[1442, 61]
[261, 1226]
[1387, 358]
[860, 1015]
[83, 1146]
[700, 223]
[602, 603]
[414, 415]
[482, 279]
[433, 713]
[529, 1443]
[1437, 946]
[136, 1004]
[1095, 135]
[748, 459]
[1027, 1028]
[579, 521]
[464, 107]
[159, 160]
[136, 169]
[20, 827]
[387, 614]
[113, 1433]
[509, 478]
[86, 351]
[1233, 1234]
[847, 1032]
[534, 5]
[220, 221]
[303, 146]
[1104, 478]
[1161, 40]
[1208, 798]
[1468, 1469]
[847, 5]
[211, 974]
[320, 321]
[18, 689]
[563, 135]
[1135, 283]
[398, 1446]
[36, 351]
[998, 1025]
[422, 423]
[64, 403]
[203, 941]
[331, 459]
[519, 5]
[557, 564]
[625, 403]
[355, 549]
[19, 837]
[29, 1070]
[1453, 1454]
[84, 794]
[1005, 1006]
[795, 802]
[928, 304]
[203, 284]
[39, 40]
[819, 288]
[702, 703]
[56, 836]
[106, 1330]
[327, 205]
[1102, 411]
[1058, 755]
[563, 572]
[971, 794]
[1483, 1113]
[390, 643]
[162, 5]
[16, 319]
[188, 9]
[1198, 1268]
[344, 63]
[90, 257]
[205, 859]
[825, 826]
[1297, 193]
[206, 1164]
[579, 891]
[131, 388]
[1492, 9]
[303, 9]
[438, 382]
[823, 1039]
[1269, 781]
[36, 354]
[1216, 40]
[29, 1409]
[172, 555]
[1189, 356]
[100, 101]
[261, 262, 632]
[807, 99]
[725, 726]
[165, 260]
[77, 78]
[673, 73]
[236, 42]
[776, 835]
[847, 208]
[1086, 515]
[977, 377]
[365, 116]
[577, 1447]
[879, 880]
[600, 601]
[113, 218]
[292, 1293]
[790, 1]
[892, 139]
[1346, 1347]
[193, 205]
[756, 112]
[725, 858]
[425, 193]
[404, 1036]
[857, 1397]
[524, 1416]
[136, 1007]
[344, 65]
[559, 560]
[825, 828]
[894, 61]
[295, 548]
[668, 216]
[863, 9]
[900, 1078]
[18, 334]
[20, 1103]
[36, 43]
[416, 233]
[538, 812]
[48, 403]
[251, 99]
[211, 251]
[92, 185]
[632, 61]
[102, 161]
[585, 728]
[577, 164]
[1000, 515]
[1063, 5]
[219, 629]
[211, 38]
[933, 536]
[1334, 401]
[253, 202]
[696, 197]
[1181, 1182]
[612, 613]
[10, 426]
[404, 405]
[197, 1221]
[1262, 61]
[282, 1325]
[344, 116]
[756, 907]
[400, 401]
[1, 714]
[1445, 401]
[338, 1474]
[600, 1059]
[830, 1305]
[197, 570]
[62, 403]
[230, 61]
[714, 715]
[211, 385]
[332, 1159]
[710, 711]
[84, 286]
[94, 54]
[1117, 29]
[160, 904]
[342, 775]
[1022, 926]
[388, 437]
[46, 63]
[1405, 1406]
[331, 174]
[1338, 1285]
[94, 954]
[1249, 1343]
[435, 1012]
[1228, 316]
[29, 252]
[911, 1078]
[460, 9]
[240, 781]
[249, 250]
[56, 980]
[1245, 1246]
[833, 834]
[955, 423]
[20, 561]
[1005, 1177]
[1302, 1303]
[793, 109]
[1269, 459]
[427, 508]
[913, 914]
[1319, 316]
[10, 537]
[706, 707]
[438, 319]
[12, 358]
[136, 238]
[679, 377]
[1336, 224]
[500, 283]
[145, 63]
[922, 923]
[408, 1370]
[942, 943]
[611, 91]
[723, 724]
[60, 1023]
[332, 1488]
[1515, 1516]
[292, 656]
[766, 161]
[191, 1476]
[188, 479]
[892, 119]
[278, 326]
[511, 469]
[170, 738]
[804, 805]
[402, 202]
[1378, 419]
[344, 202]
[444, 99]
[195, 356]
[10, 974]
[307, 389]
[301, 302]
[595, 1056]
[301, 1062]
[906, 907]
[36, 63]
[59, 1158]
[823, 824]
[1232, 654]
[36, 282]
[842, 689]
[1349, 498]
[854, 29]
[1527, 926]
[542, 99]
[64, 116]
[290, 1076]
[342, 732]
[14, 15]
[502, 615]
[1181, 1186]
[1272, 510]
[534, 1495]
[408, 377]
[90, 1348]
[299, 100]
[925, 926]
[686, 1148]
[160, 175]
[1219, 106]
[399, 139]
[77, 144]
[692, 375]
[211, 1202]
[1027, 1026]
[903, 689]
[82, 790]
[136, 256]
[625, 116]
[704, 705]
[627, 99]
[1394, 1395]
[931, 932]
[1057, 421]
[1464, 377]
[317, 1174]
[534, 84]
[418, 146]
[1001, 515]
[815, 816]
[823, 1490]
[1198, 1199]
[460, 5]
[950, 316]
[1044, 1045]
[215, 99]
[636, 1019]
[1264, 193]
[1291, 1292]
[653, 1015]
[524, 368]
[604, 605]
[106, 1511]
[1290, 97]
[454, 1408]
[915, 1288]
[1435, 61]
[94, 99]
[581, 377]
[884, 985]
[830, 831]
[1360, 1013]
[915, 916]
[230, 515]
[136, 1157]
[967, 1081]
[92, 1253]
[311, 135]
[573, 564]
[104, 105, 377]
[84, 1414]
[1181, 115]
[592, 383]
[34, 35]
[638, 168]
[42, 186]
[253, 65]
[654, 715]
[365, 241]
[219, 975]
[20, 673]
[414, 35]
[502, 503]
[784, 689]
[721, 722]
[1338, 116]
[1109, 35]
[240, 459]
[46, 65]
[534, 9]
[422, 351]
