[463, 678]
[115, 1446]
[87, 151]
[151, 152]
[1431, 617]
[172, 173]
[611, 983]
[455, 82]
[224, 441]
[397, 398]
[704, 1253]
[130, 1430]
[14, 568]
[587, 469, 470]
[572, 364]
[130, 240]
[716, 717]
[130, 131]
[606, 933]
[690, 691]
[561, 926]
[1148, 109]
[941, 942]
[124, 66]
[812, 997]
[193, 194]
[606, 607]
[376, 1406]
[83, 550]
[1193, 100]
[314, 1124]
[458, 9]
[958, 301]
[59, 533]
[1126, 37]
[43, 100]
[1259, 1260]
[18, 1389]
[832, 56]
[172, 195]
[266, 178]
[237, 139]
[1019, 1140]
[74, 1112]
[94, 95]
[224, 225]
[49, 1286]
[198, 199]
[344, 364]
[575, 576]
[1185, 101]
[493, 769]
[161, 1152]
[1219, 168]
[656, 1115]
[331, 450]
[146, 147]
[399, 82]
[881, 106]
[12, 209]
[1288, 171]
[179, 180]
[890, 56]
[1410, 1411]
[55, 381]
[687, 563]
[232, 269]
[87, 702]
[580, 581]
[731, 1291]
[287, 288]
[481, 267]
[924, 1019]
[526, 914]
[1215, 1303]
[627, 1168]
[275, 1251]
[1199, 1200]
[1180, 25]
[191, 935]
[537, 29]
[161, 1040]
[1319, 1320]
[124, 61]
[1341, 1342]
[525, 448]
[16, 60]
[227, 1025]
[507, 508]
[233, 1314]
[559, 1084]
[519, 1447]
[582, 263]
[720, 362]
[632, 633]
[1327, 11]
[161, 536]
[497, 1095]
[32, 1366]
[514, 634]
[463, 308]
[709, 5]
[10, 1213]
[366, 367]
[203, 204]
[683, 413]
[2, 3]
[832, 286]
[1425, 623]
[325, 110]
[1232, 746]
[910, 298]
[700, 701]
[1215, 1216]
[1, 681]
[718, 56]
[30, 895]
[1190, 1191]
[130, 158]
[302, 1441]
[334, 533]
[130, 110]
[156, 907]
[334, 315]
[313, 441]
[601, 1041]
[559, 710]
[463, 874]
[447, 195]
[803, 25]
[205, 1289]
[538, 539]
[694, 824]
[1419, 1420]
[1225, 110]
[266, 267]
[688, 1081]
[214, 500]
[696, 195]
[972, 359]
[149, 867]
[412, 413]
[75, 204]
[130, 222]
[140, 141]
[130, 573]
[30, 38]
[906, 938]
[920, 921]
[26, 27]
[169, 170]
[156, 157]
[819, 25]
[18, 1453]
[205, 671]
[101, 1463]
[159, 545]
[881, 1245]
[476, 477]
[303, 25]
[570, 571]
[297, 298]
[668, 1125]
[805, 1207]
[486, 241]
[370, 617]
[564, 9]
[198, 1167]
[522, 523]
[83, 84]
[340, 341]
[32, 202]
[132, 145]
[170, 236]
[759, 106]
[380, 58]
[1318, 110]
[65, 66]
[557, 1399]
[862, 863]
[395, 189]
[613, 157]
[107, 204]
[1076, 1077]
[92, 202]
[279, 280]
[285, 381]
[291, 396]
[17, 802]
[83, 402]
[496, 452]
[557, 152]
[1348, 797]
[884, 1462]
[101, 1391]
[314, 318]
[1118, 298]
[124, 584]
[293, 294]
[1148, 1149]
[85, 129]
[275, 1479]
[1344, 1345]
[606, 145]
[506, 125]
[1306, 1307]
[53, 54]
[187, 188]
[17, 1029]
[309, 310]
[955, 1113]
[55, 56]
[644, 868]
[389, 390]
[496, 451]
[115, 116]
[572, 381]
[1378, 110]
[183, 184]
[1091, 29]
[497, 498]
[218, 433]
[480, 9]
[755, 1112]
[1090, 795]
[30, 1179]
[79, 191]
[302, 272]
[395, 381]
[929, 673]
[434, 435]
[380, 56]
[712, 677]
[107, 335]
[1177, 1178]
[233, 959]
[559, 1155]
[973, 1]
[376, 775]
[650, 358]
[277, 1272]
[367, 1445]
[522, 855]
[958, 500]
[606, 1000]
[1465, 1458]
[318, 139]
[596, 448]
[590, 1317]
[828, 261]
[43, 44]
[1312, 1313]
[214, 100]
[446, 490]
[687, 874]
[1142, 760]
[41, 139]
[890, 286]
[1460, 1461]
[403, 183]
[130, 968]
[268, 1005]
[869, 870]
[77, 328]
[716, 95]
[55, 58]
[812, 204]
[374, 1161]
[172, 396]
[820, 333]
[302, 911]
[602, 545]
[0, 1]
[1298, 1243]
[30, 328]
[183, 1393]
[881, 14]
[602, 1231]
[611, 697]
[374, 1166]
[530, 1443]
[606, 100]
[291, 1117]
[424, 425]
[1302, 995]
[201, 93]
[749, 316]
[901, 5]
[87, 93]
[1449, 615]
[996, 1174]
[277, 278]
[738, 739]
[946, 947]
[653, 654]
[1202, 1203]
[16, 1214]
[429, 430]
[646, 545]
[149, 336]
[214, 215]
[1176, 292]
[393, 818]
[679, 747]
[881, 1046]
[447, 396]
[736, 737]
[224, 110]
[124, 1052]
[30, 31]
[274, 267]
[1369, 907]
[1333, 381]
[285, 58]
[212, 1208]
[543, 544]
[350, 89]
[823, 1349]
[1147, 102]
[543, 871]
[1037, 760]
[554, 1020]
[767, 498]
[12, 299]
[214, 301]
[224, 56]
[407, 408]
[273, 100]
[630, 822]
[806, 659]
[1054, 298]
[74, 0]
[30, 56]
[1098, 592]
[494, 905, 9]
[1227, 183]
[759, 104]
[901, 911]
[329, 1158]
[36, 677]
[644, 645]
[825, 1168]
[1162, 1163]
[1382, 388]
[1083, 654]
[517, 518]
[1182, 1322]
[1298, 1155]
[616, 3]
[229, 396]
[596, 335]
[712, 37]
[120, 121]
[191, 603]
[1280, 1347]
[372, 1456]
[30, 659]
[544, 129]
[502, 907]
[846, 847]
[53, 111]
[201, 854]
[189, 190]
[931, 760]
[788, 1056]
[630, 1140]
[901, 272]
[323, 324]
[908, 1063]
[382, 563]
[138, 190]
[30, 1283]
[627, 628]
[828, 133]
[417, 634]
[463, 726]
[1454, 1455]
[859, 261]
[260, 133]
[1329, 1330]
[32, 404]
[1119, 450]
[796, 204]
[8, 9]
[12, 363]
[740, 93]
[113, 114]
[1438, 1439]
[380, 381]
[275, 490]
[898, 899]
[172, 129]
[245, 246, 606]
[596, 195]
[1036, 110]
[461, 462]
[850, 792]
[666, 185]
[1001, 1002]
[291, 845]
[1085, 37]
[476, 298]
[220, 35]
[185, 577]
[313, 163]
[482, 483]
[1404, 1405]
[212, 110]
[318, 381]
[550, 1080]
[877, 878]
[291, 292]
[346, 347]
[372, 373]
[417, 923]
[105, 106]
[860, 1379]
[1390, 904]
[694, 695]
[1096, 1097]
[463, 263]
[377, 133]
[92, 93]
[14, 492]
[87, 674]
[787, 493]
[957, 106]
[245, 1192]
[872, 873]
[386, 358]
[569, 746]
[0, 681]
[31, 42]
[490, 491]
[681, 682]
[34, 566]
[112, 717]
[1058, 1059]
[283, 284]
[235, 836]
[18, 67]
[948, 396]
[185, 774]
[395, 190]
[438, 5]
[120, 748]
[30, 518]
[578, 1025]
[306, 551]
[57, 110]
[848, 849]
[414, 973]
[252, 253]
[1428, 5]
[68, 69]
[1105, 845]
[14, 719]
[449, 1029]
[1173, 441]
[544, 1432]
[302, 951]
[466, 467]
[886, 490]
[465, 82]
[393, 394]
[210, 227]
[630, 1080]
[206, 1045]
[920, 1042]
[1392, 904]
[356, 1336]
[984, 985]
[275, 276]
[613, 804]
[393, 1300]
[1217, 1218]
[218, 219]
[882, 883]
[949, 950]
[105, 1315]
[271, 29]
[559, 1464]
[788, 1247]
[813, 48]
[191, 524]
[323, 741]
[315, 1214]
[670, 671]
[1055, 129]
[30, 381]
[233, 234]
[788, 853]
[377, 261]
[788, 962]
[16, 659]
[1188, 232]
[132, 1220]
[34, 697]
[181, 605]
[589, 1244]
[273, 912]
[526, 88]
[12, 13]
[553, 554]
[633, 229]
[788, 1442]
[773, 425]
[788, 1357]
[487, 177]
[999, 267]
[886, 5]
[486, 635]
[54, 979]
[165, 166]
[1038, 483]
[285, 9]
[185, 643]
[149, 496]
[51, 401]
[293, 951]
[8, 763]
[181, 182]
[510, 129]
[352, 209]
[159, 706]
[788, 789]
[309, 195]
[39, 79]
[36, 37]
[765, 1458]
[992, 993]
[797, 1093]
[85, 292]
[195, 826]
[1321, 1153]
[193, 1130]
[124, 368]
[149, 451]
[773, 93]
[519, 490]
[55, 139]
[237, 190]
[765, 766]
[229, 845]
[85, 845]
[1131, 678]
[39, 30]
[839, 840]
[972, 1068]
[1305, 29]
[788, 1004]
[594, 595]
[1108, 519]
[805, 1274]
[514, 13]
[391, 392]
[30, 380]
[124, 125]
[138, 56]
[32, 33]
[205, 603]
[224, 163]
[391, 79]
[1237, 1238]
[1304, 1045]
[98, 1101]
[16, 17]
[275, 827]
[812, 605]
[569, 764]
[692, 693]
[548, 549]
[92, 837]
[881, 1434]
[361, 362]
[812, 9]
[484, 485]
[475, 103]
[47, 1002]
[765, 1412]
[856, 261]
[1022, 1184]
[565, 566]
[210, 593]
[1236, 371]
[619, 620]
[217, 394]
[344, 56]
[463, 464]
[112, 95]
[984, 1205]
[81, 82]
[205, 935]
[449, 11]
[240, 772]
[202, 100]
[600, 110]
[386, 454, 358]
[47, 48]
[61, 62]
[400, 328]
[875, 876]
[374, 375]
[496, 867]
[887, 888]
[240, 1157]
[31, 381]
[505, 25]
[484, 593]
[382, 383]
[1311, 25]
[18, 1109]
[323, 1403]
[238, 239]
[235, 1278]
[807, 483]
[886, 9]
[1044, 9]
[790, 791]
[893, 1112]
[98, 150]
[181, 204]
[447, 335]
[30, 168]
[936, 836]
[314, 918]
[1354, 1241]
[994, 995]
[520, 682]
[247, 248]
[1086, 132]
[544, 396]
[370, 371]
[1433, 1218]
[348, 349]
[1234, 1235]
[54, 1123]
[325, 190]
[565, 697]
[1181, 677]
[730, 659]
[1380, 305]
[264, 265]
[354, 267]
[85, 1218]
[743, 267]
[1232, 441]
[400, 895]
[965, 1145]
[6, 7]
[51, 800]
[859, 133]
[260, 261]
[264, 818]
[1351, 432]
[287, 369]
[154, 155]
[848, 917]
[41, 42]
[191, 256]
[30, 360]
[458, 459]
[740, 1473]
[18, 540]
[897, 980]
[185, 1466]
[181, 335]
[633, 23]
[884, 885]
[32, 1189]
[812, 5]
[1036, 56]
[784, 29]
[382, 801]
[559, 772]
[1338, 102]
[1340, 339]
[18, 257]
[183, 664]
[1223, 29]
[475, 123]
[183, 204]
[856, 133]
[927, 1042]
[54, 427]
[1011, 1012]
[87, 49]
[14, 104]
[1467, 1468]
[55, 533]
[65, 109]
[191, 1289]
[254, 255]
[436, 1361]
[127, 128]
[319, 29]
[418, 82]
[922, 298]
[1444, 9]
[356, 357]
[252, 586]
[668, 669]
[271, 272]
[419, 132]
[1321, 933]
[87, 914]
[447, 448]
[674, 675]
[1116, 129]
[323, 702]
[965, 1030]
[666, 667]
[442, 1295]
[96, 97]
[229, 555]
[422, 474]
[535, 381]
[32, 1167]
[161, 162]
[756, 913]
[68, 102]
[429, 934]
[446, 75]
[658, 529]
[354, 441]
[530, 234]
[996, 997]
[1301, 9]
[382, 25]
[683, 684]
[4, 5]
[16, 322]
[149, 164]
[557, 558]
[1051, 659]
[283, 1016]
[187, 1087]
[472, 473]
[153, 5]
[30, 1457]
[130, 556]
[185, 552]
[449, 339]
[136, 137]
[582, 583]
[1257, 1261]
[792, 795]
[262, 263]
[1372, 9]
[70, 29]
[198, 33]
[915, 350]
[24, 25]
[205, 299]
[590, 591]
[494, 626]
[893, 521]
[1397, 379]
[17, 585]
[456, 457]
[1280, 1281]
[59, 531]
[850, 795]
[223, 56]
[391, 190]
[526, 376]
[412, 684]
[1182, 1183]
[31, 1221]
[522, 599]
[295, 296]
[965, 1201]
[1435, 1074]
[754, 134, 135]
[514, 205]
[569, 441]
[860, 861]
[300, 301]
[320, 272]
[906, 93]
[490, 631]
[829, 9]
[83, 103]
[546, 547]
[1128, 1129]
[314, 1440]
[1148, 1153]
[409, 82]
[1060, 301]
[572, 110]
[1086, 66]
[30, 333]
[589, 84]
[191, 900]
[1355, 998]
[512, 190]
[410, 411]
[879, 272]
[117, 118]
[384, 385]
[973, 390]
[75, 760]
[724, 725]
[127, 693]
[916, 401]
[792, 793]
[1436, 1437]
[665, 1222, 66]
[266, 939]
[1415, 381]
[282, 272]
[1297, 210]
[1364, 1365]
[596, 102]
[761, 768]
[656, 657]
[122, 123]
[249, 9]
[1018, 1019]
[70, 9]
[520, 521]
[1100, 82]
[1175, 9]
[1394, 100]
[172, 292]
[143, 144]
[494, 495]
[227, 579]
[227, 228]
[73, 755]
[442, 5]
[344, 110]
[291, 86]
[235, 202]
[426, 9]
[1143, 29]
[1197, 1198]
[809, 810]
[285, 110]
[32, 93]
[39, 392]
[478, 479]
[393, 217]
[1259, 253]
[138, 139]
[124, 703]
[431, 432]
[1229, 82]
[519, 75]
[252, 604]
[755, 1]
[17, 659]
[90, 91]
[281, 9]
[325, 381]
[159, 468]
[291, 129]
[283, 65]
[172, 845]
[692, 1146, 376]
[203, 871]
[1006, 1007]
[175, 110]
[1323, 633]
[49, 50]
[1257, 1258]
[405, 406]
[672, 673]
[965, 1027]
[43, 110]
[1170, 1171]
[606, 261]
[937, 358]
[589, 635]
[18, 1008]
[1110, 1111]
[345, 3]
[534, 171]
[98, 99]
[285, 139]
[1343, 298]
[447, 845]
[22, 23]
[358, 359]
[625, 495]
[514, 1395]
[300, 500]
[683, 1032]
[201, 202]
[890, 381]
[325, 364]
[1156, 335]
[376, 805]
[532, 82]
[420, 421]
[1196, 852]
[515, 516]
[544, 511]
[519, 204]
[422, 1073]
[87, 88]
[258, 259]
[1075, 358]
[740, 741]
[522, 39]
[57, 56]
[1132, 1133]
[578, 579]
[1091, 267]
[1048, 542]
[578, 228]
[786, 145]
[318, 190]
[436, 437]
[311, 312]
[559, 855]
[0, 629]
[442, 9]
[18, 708]
[891, 892]
[640, 641]
[1181, 37]
[1064, 388]
[205, 597]
[1312, 1470]
[395, 139]
[101, 453]
[320, 977]
[522, 778]
[18, 177]
[140, 1309]
[1475, 190]
[380, 190]
[781, 782]
[196, 197]
[961, 483]
[812, 858]
[891, 1469]
[148, 452]
[578, 227]
[978, 483]
[148, 149]
[1147, 904]
[203, 129]
[1064, 1070]
[92, 854]
[126, 82]
[154, 244]
[1225, 100]
[711, 659]
[1015, 50]
[1225, 1240]
[161, 876]
[323, 376]
[1270, 1271]
[1144, 91]
[952, 110]
[1337, 25]
[132, 133]
[291, 1218]
[475, 84]
[957, 988]
[208, 659]
[823, 1401]
[559, 506]
[1024, 725]
[63, 64]
[191, 192]
[395, 1017]
[395, 286]
[302, 902]
[519, 1346]
[73, 74]
[442, 443]
[1259, 586]
[119, 47]
[183, 195]
[277, 1282]
[1195, 1241]
[756, 757]
[696, 335]
[89, 437]
[378, 379]
[901, 902]
[306, 307]
[606, 133]
[608, 609]
[509, 1371]
[115, 1233]
[107, 108]
[14, 1031]
[472, 1451]
[420, 401]
[1043, 129]
[688, 689]
[45, 46]
[268, 269]
[601, 3]
[391, 29]
[57, 381]
[646, 647]
[374, 513]
[561, 562]
[1373, 1374]
[79, 1471]
[1383, 729]
[89, 5]
[229, 230]
[1350, 381]
[262, 308]
[179, 1429]
[10, 11]
[1426, 1427]
[451, 452]
[821, 82]
[325, 56]
[210, 865]
[1352, 1353]
[751, 752]
[18, 1065]
[777, 498]
[990, 991]
[314, 190]
[625, 626]
[798, 799]
[1, 1198]
[749, 659]
[525, 195]
[1333, 110]
[30, 1057]
[1407, 1408]
[374, 1287]
[965, 966]
[384, 560]
[227, 593]
[426, 427]
[519, 623]
[1275, 298]
[864, 82]
[18, 1375]
[538, 545]
[1094, 100]
[1242, 1243]
[334, 100]
[670, 299]
[1138, 1139]
[55, 286]
[200, 5]
[526, 527]
[665, 132]
[18, 19]
[325, 58]
[889, 9]
[30, 624]
[1169, 29]
[289, 1402]
[130, 163]
[224, 364]
[651, 652]
[231, 232]
[1276, 1277]
[559, 1033]
[237, 58]
[83, 635]
[329, 330]
[1382, 1070]
[262, 874]
[1176, 173]
[132, 261]
[420, 1328]
[475, 635]
[541, 542]
[370, 1074]
[20, 21]
[196, 721]
[770, 771]
[636, 637]
[285, 286]
[1053, 132]
[206, 207]
[12, 923]
[662, 356]
[955, 956]
[85, 86]
[494, 9]
[28, 29]
[967, 82]
[475, 610]
[728, 729]
[1175, 5]
[1308, 84]
[61, 1452]
[331, 332]
[544, 554]
[39, 1474]
[602, 578]
[486, 103]
[744, 745]
[1173, 163]
[759, 335]
[1332, 396]
[124, 1062]
[195, 987]
[400, 168]
[315, 316]
[761, 762]
[614, 133]
[424, 741]
[262, 678]
[87, 338]
[618, 163]
[785, 272]
[91, 327]
[138, 1221]
[1105, 267]
[75, 76]
[1085, 677]
[1267, 1268]
[51, 940]
[376, 1134]
[25, 471]
[96, 930]
[424, 93]
[107, 1387]
[233, 1087]
[395, 58]
[380, 151]
[475, 402]
[519, 9]
[386, 1326]
[75, 270]
[572, 190]
[70, 171]
[198, 226]
[1385, 1386]
[1339, 358]
[903, 904]
[287, 861]
[18, 971]
[924, 925]
[1417, 358]
[1143, 272]
[460, 170]
[596, 845]
[1043, 66]
[1324, 1325]
[94, 717]
[172, 310]
[628, 976]
[291, 195]
[1264, 571]
[1358, 1359]
[720, 721]
[843, 844]
[1384, 1115]
[200, 29]
[484, 1072]
[602, 539]
[6, 998]
[720, 5]
[317, 5]
[30, 1310]
[200, 1092]
[1051, 316]
[1316, 974]
[1121, 500]
[470, 1303]
[1249, 1250]
[395, 56]
[742, 491]
[439, 440]
[820, 168]
[953, 954]
[266, 29]
[520, 1071]
[79, 80]
[718, 441]
[606, 66]
[506, 151]
[6, 842]
[1114, 398]
[32, 1284]
[675, 792]
[573, 719]
[315, 659]
[18, 428]
[59, 60]
[159, 160]
[31, 355]
[266, 448]
[1088, 1089]
[291, 173]
[75, 184]
[1414, 268]
[906, 202]
[273, 110]
[376, 408]
[1413, 988]
[848, 945]
[1009, 3]
[534, 5]
[220, 221]
[1298, 110]
[185, 326]
[49, 727, 792]
[368, 1204]
[676, 82]
[687, 1418]
[344, 649]
[47, 753]
[779, 780]
[320, 321]
[722, 106]
[1047, 301]
[927, 928]
[651, 919]
[172, 86]
[31, 56]
[422, 423]
[519, 5]
[130, 1381]
[1009, 1010]
[368, 416]
[201, 837]
[758, 132]
[75, 735, 490]
[1069, 29]
[135, 327]
[880, 417]
[138, 381]
[447, 102]
[866, 659]
[132, 100]
[39, 40]
[1103, 1104]
[1273, 1203]
[446, 5]
[1226, 1200]
[550, 630]
[149, 1396]
[718, 224]
[1355, 71, 72]
[135, 1459]
[281, 96]
[1099, 195]
[240, 506]
[1090, 792]
[266, 1285]
[417, 13]
[851, 852]
[30, 1026]
[344, 518]
[1230, 1231]
[205, 192]
[1035, 9]
[31, 58]
[302, 5]
[85, 195]
[100, 101]
[655, 401]
[688, 1388]
[519, 1360]
[165, 838]
[77, 78]
[122, 1151]
[526, 674]
[592, 367]
[87, 1137]
[130, 964]
[277, 150]
[101, 1290]
[365, 358]
[41, 58]
[1296, 553]
[412, 1049]
[1086, 1150, 66]
[538, 484]
[722, 870]
[733, 734]
[1248, 91]
[185, 1187]
[941, 1376]
[55, 322]
[334, 3]
[561, 358]
[210, 211]
[436, 1061]
[314, 139]
[841, 842]
[57, 58]
[42, 363]
[417, 363]
[894, 648]
[382, 1003]
[859, 100]
[25, 1034]
[960, 500]
[1103, 1476]
[1126, 677]
[295, 1141]
[510, 511]
[1305, 267]
[957, 1356]
[943, 944]
[85, 173]
[1021, 398]
[16, 316]
[17, 772]
[646, 593]
[646, 484]
[812, 171]
[367, 592]
[344, 225]
[344, 44]
[224, 764]
[938, 974]
[400, 401]
[1422, 1423]
[240, 433]
[124, 1257]
[346, 1448]
[25, 1362]
[1211, 1212]
[663, 216, 217]
[722, 723]
[571, 435]
[897, 797]
[1047, 500]
[714, 715]
[1252, 826]
[600, 56]
[16, 533]
[812, 196]
[25, 213]
[191, 597]
[32, 837]
[41, 56]
[205, 900]
[1294, 379]
[963, 563]
[39, 989]
[1215, 1292]
[1477, 888]
[898, 553]
[378, 601]
[825, 628]
[1106, 1107]
[266, 1335]
[30, 17]
[986, 888]
[1079, 25]
[833, 834]
[554, 1478]
[235, 93]
[1255, 1256]
[25, 236]
[30, 286]
[1148, 933]
[1228, 1007]
[87, 1283]
[45, 911]
[51, 52]
[1224, 554]
[621, 622]
[39, 190]
[499, 301]
[773, 702]
[1173, 764]
[16, 531]
[685, 145]
[191, 268]
[835, 5]
[504, 5]
[1472, 581]
[105, 1172]
[1135, 1136]
[1186, 1187]
[915, 1370]
[1293, 358]
[731, 732]
[240, 588]
[18, 794]
[30, 178]
[877, 1246]
[1254, 183]
[823, 824]
[499, 500]
[797, 100]
[1164, 1165]
[611, 612]
[825, 976]
[14, 15]
[1102, 190]
[1066, 1067]
[417, 299]
[679, 680]
[43, 381]
[1424, 29]
[77, 168]
[886, 75]
[202, 1068]
[1327, 659]
[960, 301]
[75, 1367]
[704, 705]
[931, 932]
[208, 11]
[509, 347]
[675, 795]
[808, 163]
[49, 648]
[1279, 82]
[908, 909]
[1262, 1263]
[55, 982]
[1206, 293]
[1060, 500]
[101, 167]
[130, 1122]
[736, 1480]
[522, 1269]
[613, 503]
[640, 1080]
[117, 1400]
[138, 364]
[965, 1154]
[35, 174]
[176, 9]
[376, 1398]
[992, 989]
[670, 209]
[1050, 9]
[101, 142]
[730, 316]
[686, 232]
[554, 1239]
[224, 746]
[898, 1127]
[629, 682]
[830, 831]
[10, 339]
[220, 749]
[51, 615]
[526, 93]
[283, 1028]
[30, 266]
[665, 66]
[573, 104]
[1421, 298]
[475, 241]
[87, 152]
[992, 1363]
[600, 58]
[1198, 629]
[34, 35]
[969, 141]
[41, 381]
[470, 489]
[1022, 1023]
[502, 503]
[85, 396]
[124, 557]
[814, 815]
[1121, 301]
[85, 178]
[83, 241]
[512, 58]
[1194, 298]
[938, 404]
[600, 381]
[534, 9]
