0 1
2 3
4 5
6 7
8 9
10 11
12 13
14 15
16 17
18 19
20 21
22 23
24 25
26 27
28 29
30 31
32 33
34 35
36 37
10 38
39 40
41 42
36 43
44 45
46 47
48 49
50 51
52 53
54 55
56 57
58 59
60 61
62 63
64 65
66 67
68 69
70 71
72 73
18 74
75 35
76 77
78 79
80 81
82 83
84 85
86 87
88 89
90 91
92 93
94 95
96 97
98 99
100 101
44 36
102 103
104 105
61 106
76 107
90 108
16 109
110 111
112 113
72 114
48 115
56 116
117 118
119 120
121 122
123 52
124 125
126 127
128 129
130 131
132 89
92 133
134 135
136 137
138 139
140 141
142 143
106 144
145 146
147 148
149 150
136 151
152 153
154 155
102 156
157 5
158 159
160 161
162 163
134 164
165 166
167 168
134 169
155 170
171 172
60 173
106 174
84 175
176 177
75 178
179 180
40 181
182 115
183 9
18 184
36 185
186 187
188 189
190 191
192 193
194 195
196 197
198 199
200 201
179 202
203 204
205 206
207 35
48 61
208 209
210 211
212 199
213 214
215 13
14 216
217 218
219 115
220 221
29 222
223 224
225 226
227 228
229 230
134 231
232 63
233 234
205 235
236 237
238 239
240 241
242 243
244 99
75 9
177 245
246 143
247 248
134 249
90 250
251 252
160 253
254 255
256 257
258 9
259 260
261 262
263 264
198 265
18 266
267 268
269 270
271 272
273 274
275 276
277 278
279 280
82 281
282 283
284 115
285 278
286 287
110 211
145 288
289 290
291 100
292 293
294 283
295 296
297 298
299 300
301 302
303 304
305 306
307 308
309 310
311 312
14 313
314 315
316 283
317 29
318 319
273 320
321 322
323 324
325 326
327 169
328 197
82 191
329 330
217 236
331 5
332 197
333 35
30 334
20 335
289 30
336 337
338 115
192 339
97 340
142 63
84 341
342 343
10 99
344 345
346 347
36 348
188 349
350 3
155 351
12 352
353 354
355 356
357 358
359 234
360 3
361 362
363 216
364 318
365 278
366 367
37 368
369 370
371 372
36 373
374 375
14 376
142 377
378 371
10 379
380 381
316 5
128 382
299 383
384 385
386 387
388 389
390 391
392 137
336 393
394 395
62 143
396 397
398 399
400 401
402 371
10 403
404 405
406 407
408 409
92 180
410 397
411 412
307 413
414 415
416 89
417 418
90 419
420 190
10 421
422 423
424 425
426 89
427 428
429 430
431 432
382 433
434 376
435 89
20 330
436 136
437 438
439 440
441 442
443 444
18 445
227 446
447 448
449 450
451 5
452 453
454 455
327 456
457 458
459 82
460 461
462 463
464 13
346 465
466 467
410 63
106 468
469 371
470 89
471 472
473 474
475 177
476 477
183 478
479 480
481 482
483 89
484 485
165 486
487 488
459 5
29 489
490 491
437 492
493 250
494 495
496 497
439 418
498 9
499 278
500 501
502 503
504 250
505 184
16 506
507 508
509 259
510 511
512 466
513 514
515 516
517 313
518 519
520 5
521 29
249 522
323 202
523 524
525 362
526 527
528 65
388 529
530 212
531 532
533 534
535 82
46 63
536 537
205 538
198 539
540 541
238 413
542 202
543 544
545 546
547 243
68 548
289 549
550 89
134 115
410 197
551 552
350 553
554 178
555 5
556 397
167 557
554 9
558 35
559 560
561 562
18 563
10 209
564 565
165 566
241 280
223 516
567 568
569 570
90 571
62 65
44 197
192 572
573 574
510 9
238 575
134 576
577 578
579 522
400 580
581 582
398 583
584 9
291 9
585 586
535 5
16 587
588 415
589 456
590 591
592 397
134 593
594 498
595 596
597 598
192 599
600 601
602 603
604 605
128 606
269 137
21 607
261 608
609 487
249 610
592 115
295 444
205 379
611 91
612 613
381 614
502 615
198 616
617 618
619 349
205 620
621 397
622 623
540 624
422 509
62 298
625 63
394 626
543 95
627 628
629 560
198 630
261 631
188 632
62 397
633 634
493 635
636 637
246 65
638 163
338 65
639 5
640 137
58 641
642 3
384 643
644 169
645 646
392 270
647 648
535 649
36 650
593 109
651 477
652 653
654 357
571 655
396 63
656 657
658 659
530 660
493 661
481 274
614 381
662 663
664 665
666 667
134 668
669 670
192 671
672 673
674 675
307 180
676 677
619 463
678 371
54 679
359 680
681 682
683 684
685 418
686 687
688 546
36 689
690 691
692 369
693 225
190 694
695 136
696 697
698 699
700 701
702 703
704 705
706 707
365 456
708 89
41 709
273 710
711 712
713 714
715 716
205 244
717 151
718 241
719 583
720 721
722 723
724 725
726 727
728 202
636 729
730 731
732 733
734 478
336 735
128 736
737 738
739 740
165 741
411 742
18 743
744 5
579 745
746 689
94 99
193 747
748 709
749 750
751 63
16 752
753 754
755 756
10 538
757 758
759 760
481 761
128 66
54 762
763 764
765 330
766 767
768 769
770 771
772 773
774 656
775 776
777 778
543 99
779 278
233 780
155 512
434 313
711 781
94 159
124 782
783 330
619 202
784 621
785 786
52 787
788 138
789 1
236 615
627 790
791 136
625 397
792 349
105 371
82 793
794 795
8 796
589 797
798 514
799 800
794 801
417 175
396 158
509 802
803 804
21 805
37 65
806 442
192 807
21 689
393 808
751 233
693 809
810 514
540 811
812 813
297 397
155 814
815 816
817 35
818 283
819 151
457 5
504 661
820 509
821 822
559 566
128 73
823 824
18 825
707 826
827 211
828 829
830 61
831 832
58 833
284 61
592 197
398 834
21 835
836 29
208 99
638 837
393 838
402 469
92 185
37 47
839 689
840 501
841 169
842 843
844 211
20 845
846 53
847 848
408 35
619 107
849 850
411 851
82 774
852 29
853 175
854 89
655 855
82 211
856 857
858 653
202 859
286 860
861 137
862 9
863 864
865 298
866 867
179 324
868 5
244 869
98 870
171 871
872 873
94 706
874 875
876 877
633 151
92 878
585 729
338 63
879 880
494 312
881 882
883 826
884 885
297 9
821 886
98 887
229 783
46 397
540 888
889 270
844 890
891 270
892 893
488 508
894 895
823 849
818 896
64 63
897 89
844 632
898 899
217 900
901 689
307 93
629 566
700 216
512 902
674 903
904 905
210 906
907 908
94 354
179 93
909 910
273 596
911 912
913 914
915 283
916 434
917 113
759 905
918 919
920 921
922 9
923 924
625 115
925 9
926 63
493 127
927 928
179 878
929 930
931 537
932 679
36 933
190 211
934 477
233 456
540 935
936 830
676 502
522 129
937 938
212 939
940 941
748 42
633 270
942 943
510 944
669 99
162 945
946 947
948 312
633 137
36 397
940 949
284 950
627 951
459 656
591 450
94 952
953 418
881 954
328 955
528 197
956 957
958 312
681 959
14 960
398 29
961 962
581 963
719 964
965 966
967 705
593 752
100 968
633 969
970 971
10 972
728 349
212 973
974 869
975 371
669 976
277 977
978 979
980 981
58 982
881 983
984 985
668 498
986 349
987 413
589 780
410 298
244 209
592 377
238 878
62 553
988 989
316 990
579 888
991 115
845 553
992 993
994 113
995 996
768 156
328 332
997 315
998 315
242 999
844 203
1000 501
821 1001
62 335
1002 583
205 972
134 1003
1004 1005
1006 89
134 1007
60 270
1008 146
350 61
1009 664
18 1010
1011 372
431 1012
742 276
976 1013
565 1014
858 1015
565 413
1016 501
57 1017
432 0
936 1018
755 404
62 1019
636 1020
1021 1022
526 133
522 158
565 574
1023 924
60 1024
202 1025
994 1026
179 133
44 1027
1028 1029
410 143
1030 1031
1032 1033
295 72
6 1034
1035 278
633 1036
1037 1038
398 1039
821 1040
279 1041
1042 1043
18 1044
1045 1046
1047 1048
217 615
1049 1050
1051 55
295 1052
410 1053
1054 1055
574 1056
595 1057
1058 415
1059 758
236 1060
37 397
1004 1061
36 1062
295 1063
464 1064
1004 1065
16 1066
36 21
713 1067
1068 1069
188 545
417 341
203 754
540 44
29 1070
579 1071
0 1072
1073 9
1074 115
110 349
1075 793
891 61
1076 501
481 596
726 857
731 175
106 1077
434 660
909 1078
167 1079
626 1080
956 1081
762 823
1082 73
307 878
1083 9
213 1084
30 1085
917 1086
1087 315
212 701
1088 562
429 1089
1090 9
1091 330
142 197
1092 136
128 1093
1094 312
1095 133
36 175
821 1096
1077 1097
1098 1099
1100 315
452 1101
128 1102
946 1103
1082 133
1104 405
18 1105
1106 477
1091 689
1107 1108
46 65
198 973
212 630
36 1097
209 1109
898 1110
1111 35
940 5
626 3
1104 1112
536 1113
502 1114
437 1115
384 1116
1117 371
1045 3
286 656
20 553
493 108
1118 251
1119 29
1072 0
655 1120
720 1121
1122 588
1123 684
579 1124
1028 1027
1125 42
242 1126
1127 136
1128 1129
299 893
36 396
1130 826
142 397
1131 35
792 113
830 1132
1133 61
535 9
396 197
861 270
205 38
513 1134
359 49
1135 614
926 397
1136 202
522 353
1137 89
102 1138
1139 517
1140 278
1141 1142
1143 1038
37 63
1144 1145
1146 535
18 1147
1148 1149
789 1150
995 1151
1152 415
681 537
659 27
686 1153
305 990
986 1154
1155 133
307 1156
1157 312
350 329
619 878
1158 465
1159 315
429 714
1160 1161
134 1162
57 1163
328 1164
698 1165
1166 42
1167 1168
210 133
200 1169
1170 710
1171 1172
332 397
1012 1
1173 1174
393 1175
94 1176
1177 173
236 601
1055 1178
233 377
297 115
249 446
329 689
309 1179
1180 793
865 63
462 349
1181 35
1182 97
1004 1183
724 1184
1185 943
1186 1187
126 1188
1189 73
167 1190
1186 1191
1004 1192
579 1193
1194 349
625 65
792 109
39 586
249 1195
342 1196
1197 1198
52 1038
388 1199
1200 1201
1202 1203
388 1204
1205 1206
205 1207
434 960
652 1208
1209 35
359 115
806 99
1210 1211
226 412
155 902
112 1212
1213 456
1032 1214
1215 5
753 5
1216 180
669 209
36 1217
1218 1219
277 35
600 237
462 413
1130 823
1220 29
1221 42
68 553
1222 1223
1224 106
94 735
1225 1226
961 1055
215 689
651 511
136 270
1227 241
10 1228
1229 1230
90 661
254 1231
707 823
6 875
1232 61
1233 312
1234 1049
1235 885
1236 1237
695 73
209 61
1238 1239
844 178
1004 1240
39 729
1213 169
1125 709
1241 1242
759 113
0 654
382 1243
623 367
328 143
700 313
1244 305
1021 1245
179 308
838 1246
571 1120
464 352
1216 308
1247 1248
219 1249
1250 1251
139 340
12 1252
20 1253
1254 1255
1256 1257
58 1258
1259 175
136 1260
37 1261
338 197
695 1262
713 430
1263 35
220 1264
1265 574
1266 61
246 197
765 689
1267 1239
1268 190
1269 1043
753 375
1270 89
1271 1272
1200 1273
1140 878
1274 780
57 444
223 61
336 778
316 949
1159 516
1275 986
316 941
46 143
119 1276
94 158
1277 511
922 5
1278 1279
275 851
1280 385
1281 1282
493 1283
574 1284
130 725
1285 623
1266 1286
577 159
1262 73
441 99
249 805
1234 1287
20 548
233 63
1288 1289
611 1290
297 143
844 9
898 1078
134 594
917 1291
986 61
913 1292
92 202
443 9
44 409
821 1293
233 797
1294 97
1295 1296
286 1297
1275 1298
1213 797
1299 859
739 1300
307 133
997 516
565 527
1301 190
1074 63
282 35
1127 73
20 69
94 54
1302 1303
1304 1305
629 600
1306 1307
36 298
783 689
1304 1308
535 656
828 1309
128 1304
1310 1311
417 933
1312 591
922 82
1313 1314
828 1315
1316 1317
540 1318
1319 1320
359 534
1321 1242
838 1322
1323 312
1324 1325
244 1326
1327 89
408 86
1087 516
36 1328
10 1329
277 1330
1181 283
410 196
473 9
54 1331
543 706
388 1332
1333 178
198 1334
691 163
106 1335
64 397
60 137
766 1336
462 202
1254 1337
1338 371
332 143
1339 395
1266 115
457 1340
676 566
1341 217
684 507
1342 1193
1314 1343
411 1344
1345 1247
1346 1031
208 887
889 137
488 1347
212 313
188 211
1348 1084
926 298
1186 969
1349 35
1100 516
696 192
1350 1351
104 91
90 1352
1185 107
36 534
142 1261
1353 497
185 1197
676 615
481 710
145 1354
898 1355
653 1015
36 1356
1357 29
1358 1359
844 1033
242 1360
112 1361
441 778
1362 1013
612 1363
321 737
1364 115
1365 1366
965 1081
1222 1367
1368 1191
1274 456
1369 659
1370 1371
402 1372
493 91
1373 1374
1375 13
535 211
439 1376
411 226
1377 1378
944 9
1215 9
1068 53
196 1379
1342 115
223 315
638 519
1380 413
970 793
1381 397
302 1382
1 715
277 1383
1254 1347
369 1384
1385 29
518 945
1386 107
1387 371
1388 352
1389 1390
462 107
212 616
94 1328
0 715
659 238
536 716
1391 312
277 463
194 1126
1392 1393
1131 278
535 1394
21 1064
1395 1396
1397 830
36 63
457 9
856 1398
1306 262
277 185
481 320
1399 397
1400 1401
1402 1287
1403 1034
994 1404
44 86
581 371
307 1257
86 198
821 1405
633 73
10 1207
1406 1407
190 202
535 1408
629 1272
452 1409
917 16
654 716
510 477
359 63
29 1410
297 65
1028 1411
1412 1413
10 1414
396 65
1349 278
82 1415
1416 945
1 1237
1417 460
314 516
1221 709
92 1257
633 61
1342 1289
525 1418
48 397
20 689
1419 9
1420 1421
64 115
10 870
92 413
155 466
18 1422
980 1423
289 1424
462 878
543 393
81 1150
329 1253
1014 1425
233 115
1426 115
47 376
892 1427
564 906
1428 319
134 1429
198 279
1430 405
1381 115
58 418
81 0
410 65
1431 764
1432 1153
167 912
1433 1434
110 1435
720 1436
604 274
50 949
515 315
1437 61
18 1438
1439 943
98 209
106 1440
1184 393
1441 5
1186 114
1442 943
190 1443
136 61
198 939
976 421
512 467
1444 61
36 341
233 169
530 1445
155 1446
1447 395
393 1448
577 1449
121 1450
559 502
856 1451
301 1452
1306 608
336 1453
611 661
777 99
60 151
1454 1455
393 1456
935 1457
1458 1459
799 1460
1461 1026
1462 279
1237 654
1463 397
411 1464
655 1178
806 735
809 1206
1465 371
1466 1467
179 413
1468 312
823 826
846 1038
1345 9
1469 1470
1471 35
1472 649
1473 1474
1475 5
205 403
666 1120
579 805
186 1476
24 1151
255 633
338 377
134 1477
205 209
931 1150
1478 643
565 1479
883 823
1480 1257
1379 960
917 1481
1482 1116
858 1208
92 308
1483 1484
1485 1486
891 137
940 283
565 133
1012 407
328 1487
751 456
316 1488
821 1489
547 1490
600 1060
595 583
1491 9
434 15
1166 709
207 5
493 419
381 1492
119 1493
542 463
535 1494
554 5
922 656
361 1495
338 397
307 202
1496 623
36 277
814 1497
1498 109
229 40
1368 969
1403 78
490 1499
66 1500
1127 1189
18 1501
1502 340
192 1226
853 348
1503 1504
386 1505
36 1506
252 1347
600 236
80 789
212 1334
128 577
799 1507
139 1508
408 197
627 99
543 952
920 1509
359 377
106 1510
530 15
29 245
579 1511
1512 1507
998 516
192 1513
1514 1515
929 1516
1464 412
1358 1517
702 641
1139 197
154 467
220 1518
86 1519
1520 603
777 1521
504 108
1375 689
1430 1112
672 1522
1523 197
44 1524
844 5
1525 924
1141 1526
574 1527
208 870
286 1528
770 1529
1011 1109
