0 1
2 3
4 5
6 7
8 9
10 11
12 13
14 15
16 17
18 19
20 21
22 23
24 25
26 27
28 29
30 31
32 33
34 35
36 37
32 38
39 40
41 42
43 44
45 46
47 48
49 50
51 52
53 54
55 56
57 58
59 60
61 62
63 64
20 65
66 67
68 31
69 70
71 72
73 74
75 76
77 78
79 80
81 82
83 84
85 7
86 87
88 89
90 91
39 32
92 93
94 95
96 97
66 98
81 99
16 100
101 102
103 104
63 105
43 106
51 107
108 91
109 110
111 112
113 114
115 47
116 117
118 119
120 121
122 80
123 124
83 125
126 127
128 129
130 131
132 133
134 135
136 137
97 138
139 140
128 141
142 143
144 145
94 146
147 7
148 149
150 151
126 152
153 154
155 156
126 157
145 158
159 160
97 161
75 162
163 164
68 165
166 167
35 168
169 106
170 11
20 171
32 172
173 174
175 176
177 178
179 180
181 182
183 184
185 186
187 188
166 189
190 191
192 31
43 96
193 194
195 196
197 186
198 199
200 13
14 201
202 203
204 106
205 206
27 207
208 209
210 211
212 213
126 214
215 54
216 217
218 219
220 221
222 223
224 225
164 226
68 11
227 135
228 229
126 230
81 231
232 233
148 234
235 236
237 238
239 11
240 241
242 243
185 244
20 245
246 247
248 249
250 251
252 253
254 255
73 256
257 258
259 106
260 253
261 262
103 196
263 264
265 266
267 92
268 258
269 270
271 272
273 274
275 276
277 278
279 280
281 282
283 284
14 285
286 287
288 258
289 27
290 291
292 293
248 294
295 296
297 157
298 184
73 178
202 218
299 300
301 7
302 184
303 31
304 305
18 306
307 308
309 106
179 310
87 311
134 54
75 312
313 89
314 315
316 317
32 318
319 5
175 320
145 321
322 323
12 324
325 326
327 328
329 217
330 5
331 332
333 334
335 336
337 201
338 290
339 253
33 340
341 342
343 344
32 345
346 347
14 348
134 349
350 343
351 352
120 353
288 7
273 354
355 356
357 358
359 360
307 361
362 129
363 364
53 135
365 366
367 368
369 370
371 372
373 374
375 376
83 167
377 378
379 366
277 380
381 382
383 80
384 385
81 386
387 177
388 389
390 80
391 392
393 394
395 396
353 397
398 348
399 80
18 300
400 128
401 402
403 404
405 406
407 408
20 409
210 410
411 412
413 414
415 7
416 417
297 418
419 420
421 422
423 73
424 425
426 13
427 428
316 429
430 431
379 54
97 432
433 80
434 435
436 437
438 164
439 440
441 80
442 443
153 444
445 446
423 7
27 447
448 449
403 450
451 231
452 453
454 455
401 385
456 11
457 253
458 459
460 461
462 231
463 171
464 465
466 467
16 468
469 470
471 430
472 473
474 475
476 285
477 478
479 7
480 27
230 481
295 189
482 483
484 332
485 486
487 56
359 488
489 197
490 491
492 493
41 54
494 73
495 496
497 498
185 499
220 380
500 189
501 502
503 504
505 225
57 506
507 80
126 106
379 184
319 508
509 165
510 366
509 11
155 511
512 31
513 514
20 515
516 517
313 194
518 519
153 520
223 255
521 475
522 523
524 525
53 56
81 526
39 184
292 527
179 528
529 530
469 11
220 531
126 532
533 534
535 481
369 536
537 538
367 539
540 11
267 11
541 542
494 7
543 382
16 544
545 418
546 547
548 366
126 549
550 456
551 552
179 553
554 555
556 557
558 559
120 560
246 129
19 561
240 562
563 445
548 106
230 564
565 82
566 567
352 568
460 569
570 571
572 320
185 573
574 366
497 575
53 272
576 54
363 577
578 514
185 579
240 580
53 366
175 581
582 583
451 584
585 586
309 56
227 56
587 151
588 129
49 589
590 5
355 591
592 157
593 594
362 247
595 596
494 597
32 598
549 100
599 600
601 602
603 327
365 54
526 604
466 605
606 607
489 608
451 609
610 249
568 352
611 612
613 614
615 616
126 617
179 618
619 620
277 167
621 622
572 425
623 624
329 625
427 13
626 343
627 628
629 630
631 385
632 633
634 504
32 428
635 636
637 341
638 208
177 639
640 128
641 642
643 644
645 646
647 648
649 80
339 418
650 651
36 652
248 653
654 655
656 657
658 659
660 141
661 223
662 539
663 664
665 666
667 668
669 670
671 189
585 672
673 674
675 676
307 677
120 678
679 680
153 681
377 682
20 683
684 7
535 685
610 539
686 428
687 652
180 688
689 690
691 692
693 54
16 694
695 696
697 698
699 700
120 59
623 701
702 703
704 300
705 706
707 708
709 466
710 711
712 713
714 715
501 89
716 467
717 253
206 718
216 719
145 471
398 285
654 720
116 721
722 300
572 189
723 574
724 725
47 726
727 130
728 3
218 569
729 730
731 128
576 366
732 320
73 733
734 735
10 736
545 737
738 739
740 473
384 162
734 741
365 742
743 744
19 745
33 56
746 406
179 747
19 428
361 748
693 216
638 749
750 473
497 751
752 753
271 366
754 755
145 756
757 31
758 258
759 141
419 7
462 609
513 520
742 323
120 64
760 761
762 763
20 764
765 196
766 96
767 768
49 769
259 96
548 184
367 770
19 771
772 27
773 343
193 89
587 774
361 775
83 172
33 42
776 428
777 459
778 157
779 780
18 781
782 196
783 48
375 31
784 785
786 27
572 98
787 788
377 789
90 692
73 709
610 790
791 27
792 162
793 80
604 794
73 196
795 796
797 602
189 798
261 799
800 129
801 11
802 803
804 272
805 806
166 296
807 7
159 808
809 810
811 812
813 814
582 141
83 815
541 672
309 54
816 817
452 284
818 819
820 821
822 823
271 11
212 722
497 824
41 366
825 247
826 467
782 827
828 247
829 830
446 465
831 832
762 787
55 54
833 80
782 581
202 834
277 84
835 428
578 520
645 201
471 836
466 826
619 837
838 839
195 840
841 842
166 84
248 843
844 845
846 847
848 258
849 398
850 102
697 839
851 852
853 854
855 11
856 857
576 106
858 11
859 54
166 815
451 119
860 861
862 496
863 864
865 624
32 866
177 196
216 418
497 867
868 766
621 460
481 121
869 870
197 871
872 873
687 37
582 247
874 875
469 876
150 877
582 129
32 366
878 284
872 879
259 880
729 881
423 466
547 412
882 335
883 385
818 884
298 885
487 184
627 886
887 888
889 284
14 890
367 27
891 892
537 893
894 895
896 648
549 694
92 897
898 899
582 900
671 320
197 901
902 343
252 903
49 904
905 906
907 908
818 909
910 911
617 456
912 380
545 719
379 272
548 349
220 815
53 508
913 914
288 915
535 824
916 106
917 918
781 508
919 920
921 922
923 102
263 146
298 302
924 287
224 925
926 287
782 190
927 459
53 306
928 539
126 929
930 931
932 80
933 137
319 96
934 613
20 935
936 344
395 937
682 251
519 938
797 939
519 380
304 940
941 459
396 2
52 942
868 943
944 371
53 945
585 946
947 948
485 125
519 530
481 742
949 857
189 950
923 951
166 125
39 952
953 954
955 956
379 135
957 958
361 959
960 961
269 63
8 962
963 253
582 964
965 966
367 967
254 968
969 970
20 971
972 973
974 975
202 569
976 977
978 979
269 980
379 981
982 983
530 984
985 382
986 700
218 987
33 366
32 988
930 989
269 990
426 991
930 992
16 993
32 19
658 994
384 312
175 503
190 696
497 39
535 995
27 996
997 11
998 106
103 320
999 733
828 96
1000 459
610 843
674 162
669 796
97 1001
398 608
155 1002
577 1003
887 1004
88 96
701 762
1005 64
277 815
1006 11
198 1007
850 1008
1009 287
197 646
1010 517
393 1011
1012 11
1013 300
134 184
120 1014
1015 128
1016 284
1017 125
32 162
1001 1018
1019 1020
1021 287
773 1022
413 1023
120 1024
0 1025
1005 125
1026 372
20 1027
679 1028
1029 1030
1013 428
41 56
185 901
193 96
197 579
32 1018
194 1031
1032 31
872 7
577 5
1026 1033
495 1034
460 1035
403 1036
355 1037
1038 343
972 5
261 466
18 508
451 99
1039 232
1040 27
604 1041
663 1042
1043 543
1044 630
535 1045
955 952
1046 37
1047 128
224 1048
1049 343
1050 1051
273 830
32 365
1052 821
134 366
1022 343
1053 31
192 1054
732 102
766 1055
1056 96
494 11
365 184
800 247
472 1057
329 44
1058 1059
1060 568
859 366
1061 189
481 322
1062 80
94 1063
1064 476
1065 1066
1067 253
33 54
1068 1069
1070 494
1022 27
20 1071
1072 1073
728 1074
921 1075
1076 382
607 25
632 1077
279 915
1078 125
277 1079
1080 284
319 299
572 815
1081 429
336 1082
1083 287
393 659
126 1084
52 1085
298 1086
643 1087
1088 37
869 1089
1090 1091
195 125
187 1092
1093 653
1094 1095
302 366
937 3
1096 1097
1098 1099
218 555
983 1100
216 349
271 106
1101 760
230 410
299 428
281 1102
1103 733
691 91
804 54
424 320
1104 31
1105 87
930 1106
667 1107
1108 875
1109 1110
1111 64
118 1112
155 1113
1109 1114
930 1115
535 1116
576 56
1117 320
732 100
34 542
230 1118
314 1119
1120 1121
359 1122
47 966
1123 1124
1125 1126
359 1127
398 890
601 1128
1129 31
329 106
746 89
1130 1131
209 378
145 836
101 1132
1133 418
960 1134
1135 7
695 7
1136 167
1137 1138
32 1139
252 31
554 219
424 380
1052 762
1140 27
57 508
1141 37
1142 1143
1144 97
1145 677
1146 1147
891 983
200 428
599 470
128 247
1148 223
869 529
614 651
313 1149
1150 1151
81 609
235 1152
8 812
1153 96
1154 284
1155 976
1156 823
1157 1158
640 64
1159 1160
194 96
782 165
930 1161
34 672
1133 157
1046 652
1162 1037
1163 1164
697 102
2 603
353 1165
298 135
645 285
947 1166
1167 279
166 278
1136 278
526 1041
426 324
204 1168
1169 1170
1171 1172
131 311
12 1173
18 1174
1175 1176
1177 1178
1179 162
128 1180
335 85
33 1181
309 184
640 1182
658 394
1183 31
1184 530
1185 96
227 184
704 428
1186 1160
1187 177
1188 970
695 347
1189 80
1190 1191
1067 815
1192 719
52 408
307 715
1083 475
288 879
288 873
41 135
111 1193
855 7
1194 1195
250 789
1196 356
1197 1198
662 843
530 1199
123 668
1185 1200
1182 64
405 89
1155 1201
18 506
230 745
216 54
1202 1203
565 1204
271 135
782 11
126 550
850 1205
846 1206
83 189
407 11
39 376
216 737
1207 87
1208 1209
261 1210
1133 737
1211 798
277 125
926 475
519 486
1212 177
998 54
257 31
1047 64
18 58
1145 623
1213 1214
578 554
1215 1216
1217 1218
32 272
722 428
1215 1219
494 466
120 1215
1220 1221
384 866
1222 547
1223 1224
855 73
1225 1226
1227 1228
497 1229
1230 1231
329 493
263 1232
1233 1164
775 1234
1235 284
1236 1237
1238 80
1239 1240
375 77
1009 475
1241 651
1242 1243
263 1244
32 1245
313 1246
252 1247
1104 258
379 183
623 1248
436 11
359 1249
1250 165
185 1251
636 151
55 366
97 1252
705 1253
424 189
1175 1254
1255 343
302 135
1256 364
1185 106
419 1257
1258 529
621 520
1259 202
630 464
1260 1116
1226 1261
377 1262
1263 1169
1264 958
825 129
446 1265
610 1266
197 285
175 196
1267 1007
859 272
1109 900
1268 31
641 179
1021 475
1269 1270
1271 82
1108 98
32 493
134 1181
172 1120
621 569
610 653
136 1272
602 939
32 1273
1274 27
1145 701
1275 1276
782 961
224 1277
101 1278
405 715
566 1279
1280 106
1281 1282
894 1004
1283 1114
1142 1284
1192 418
1285 607
1286 1287
451 82
775 1288
1289 13
494 196
401 1290
377 209
1291 1292
876 11
1135 11
183 1293
1260 106
521 287
587 478
1294 380
898 733
1295 366
276 1296
3 656
1175 1265
252 1297
341 1298
1299 27
477 877
1300 98
1301 343
1302 324
1303 1304
424 98
197 573
2 656
607 220
495 657
304 258
252 425
1305 284
181 1048
1053 253
1306 1307
494 1308
19 991
1239 1309
1310 766
32 54
795 1311
419 11
1217 241
252 172
1312 366
1313 1314
1315 1201
1316 962
39 77
923 1317
277 1178
537 343
77 185
1318 1319
582 64
1320 1321
177 189
494 1322
578 1191
413 1323
850 16
603 657
469 600
329 54
27 1324
271 56
955 1325
1326 1327
365 56
1268 253
73 1328
108 692
1329 421
3 1158
1330 877
882 1331
286 475
1141 652
85 414
83 1178
1332 523
582 96
1260 1203
484 1333
43 366
18 428
1334 11
1335 1336
55 106
83 380
145 430
20 1337
905 1338
424 815
72 1074
501 361
299 1174
938 1339
216 106
1340 106
42 348
829 1341
518 840
1342 291
126 1343
185 254
1295 106
49 385
72 2
379 56
1344 703
1345 1077
155 845
1346 1347
103 1348
663 1349
558 249
45 879
474 287
20 1350
88 194
1351 875
97 1352
1107 361
1109 105
1353 875
177 1354
128 96
185 871
1355 96
471 431
32 312
216 157
489 1356
145 1357
1358 364
361 1359
533 1360
113 1361
513 460
795 1362
275 1363
1217 562
307 1364
565 609
714 89
1365 1366
361 1367
1368 1369
867 1370
1371 1372
738 1373
1374 951
1375 254
1158 603
1376 366
377 1377
746 677
749 1124
604 1100
1378 343
662 1266
166 380
1379 1380
1381 284
762 821
1382 1383
1263 11
1384 31
1385 597
1386 1387
1388 7
615 1041
535 745
236 582
309 349
173 1389
126 1390
862 1074
1391 591
519 1392
820 762
1393 1178
1293 890
850 1394
1395 1037
797 1128
83 278
1396 1397
1398 1399
828 129
872 258
519 125
937 374
298 1400
693 418
288 1401
1318 1402
505 1403
554 987
1404 11
398 15
1088 652
192 7
1242 1405
451 386
352 1406
775 1149
1407 1405
111 1408
500 425
494 1409
509 7
855 466
331 1410
1411 589
309 366
277 189
32 252
756 1412
212 35
1283 900
1316 69
448 1413
1047 1111
59 1414
20 1415
792 318
179 1147
1416 1417
357 1418
32 1419
233 1265
71 728
554 218
197 1251
120 533
738 1420
131 1421
375 184
1422 1423
501 1424
853 1425
329 349
97 1426
489 15
27 226
535 1427
1428 1420
924 475
179 1429
1430 1224
1431 1432
1377 378
860 1433
1275 1434
1064 184
144 431
77 1435
1436 557
714 1437
462 99
1289 428
39 1438
1439 184
782 7
1065 1224
1440 857
530 1441
261 1442
710 1443
936 1031
