[463, 678]
[1225, 100, 101, 1391]
[148, 149, 496, 451]
[1144, 91, 327]
[75, 735, 490, 857, 491]
[30, 266, 448]
[446, 490, 491]
[151, 152]
[666, 185, 774]
[43, 100, 101, 1391]
[1431, 617]
[611, 983]
[455, 82]
[522, 39, 190]
[522, 39, 30, 266, 178, 1159, 1160]
[704, 1253]
[414, 415, 0, 1]
[130, 1430]
[130, 240]
[447, 195, 987]
[148, 149, 496, 452]
[246, 606, 100]
[83, 550, 1080]
[574, 480]
[941, 942]
[1090, 792, 793]
[124, 66]
[787, 493, 250]
[812, 997]
[193, 194]
[606, 607]
[906, 938, 974]
[83, 550]
[30, 178, 1159, 1160]
[1193, 100]
[859, 100, 101, 453]
[1209, 1210]
[419, 132, 145]
[458, 9]
[59, 533]
[1193, 100, 101, 167]
[543, 544, 511]
[1126, 37]
[235, 202, 1068]
[1265, 1266]
[202, 100, 101, 1391]
[1297, 210, 227, 593]
[18, 1389]
[289, 290]
[172, 195]
[237, 139]
[522, 39, 30, 328]
[334, 315, 316]
[202, 100, 101, 1039, 1057]
[1225, 100, 101, 167]
[49, 1286]
[198, 199]
[344, 364]
[522, 39, 30, 1310]
[334, 100, 101, 1463]
[493, 769]
[1296, 553, 554, 1478]
[718, 224, 110]
[161, 1152]
[633, 229, 230]
[1219, 168]
[656, 1115]
[1293, 358, 359]
[245, 246, 606, 100, 101]
[303, 25, 1034]
[399, 82]
[1348, 797, 100, 101]
[1288, 171]
[890, 56]
[1410, 1411]
[100, 101, 142]
[55, 381]
[246, 606, 100, 101, 1463]
[687, 563]
[30, 266, 178, 1159, 1160]
[232, 269]
[1090, 792, 795]
[87, 702]
[273, 100, 101, 1039, 1057]
[580, 581]
[906, 938, 404]
[731, 1291]
[287, 288]
[758, 132, 100, 101, 453]
[149, 496, 451, 452]
[526, 914]
[522, 39, 989]
[275, 1251]
[1348, 797, 100]
[1108, 519, 75]
[1199, 1200]
[130, 574, 480, 9]
[1094, 100, 101]
[191, 935]
[1368, 444, 445]
[537, 29]
[1319, 1320]
[124, 61]
[1341, 1342]
[525, 448]
[446, 75, 1367]
[227, 1025]
[233, 1314]
[519, 1447]
[632, 633]
[528, 529]
[161, 536]
[419, 132, 100]
[497, 1095]
[32, 1366]
[665, 132, 100, 101, 142]
[1266, 1299]
[543, 544, 554, 1478]
[203, 204]
[683, 413]
[325, 110]
[1232, 746]
[559, 506, 151, 152]
[1185, 101, 1290]
[1146, 376, 805, 1274]
[910, 298]
[1, 681]
[214, 100, 101, 1391]
[718, 56]
[30, 895]
[1190, 1191]
[130, 158]
[522, 896]
[727, 792, 795]
[1, 1198, 629]
[130, 110]
[156, 907]
[419, 132, 100, 101, 453]
[1078, 242, 243, 1303]
[447, 195]
[803, 25]
[205, 1289]
[526, 376, 775]
[694, 824]
[1419, 1420]
[414, 415, 0]
[666, 185, 643]
[1086, 132, 100]
[688, 1081]
[323, 376, 805]
[972, 359]
[149, 867]
[73, 755, 1, 1198, 629, 682]
[412, 413]
[803, 25, 1362]
[140, 141]
[1108, 519, 490, 857, 491]
[30, 38]
[26, 27]
[169, 170]
[156, 157]
[819, 25]
[646, 484, 485]
[0, 629, 682]
[49, 727]
[391, 79, 191, 268]
[522, 39, 30, 17]
[101, 1463]
[159, 545]
[754, 134, 135, 327]
[881, 1245]
[1265, 1266, 1299]
[476, 477]
[805, 1207]
[486, 241]
[370, 617]
[564, 9]
[1193, 100, 101, 1039]
[210, 227, 593]
[898, 553, 554, 1020]
[340, 341]
[32, 202]
[170, 236]
[519, 75, 204]
[759, 106]
[245, 246, 606, 133]
[380, 58]
[886, 490, 491]
[85, 195, 987]
[1318, 110]
[65, 66]
[557, 1399]
[395, 189]
[613, 157]
[107, 204]
[665, 132, 145]
[1076, 1077]
[92, 202]
[17, 802]
[496, 452]
[557, 152]
[1146, 376, 1406]
[884, 1462]
[314, 318]
[1118, 298]
[124, 584]
[293, 294]
[323, 376, 1406]
[1148, 1149]
[85, 129]
[201, 202, 100, 101, 1391]
[275, 1479]
[1344, 1345]
[897, 797, 100, 101, 167]
[1306, 1307]
[187, 188]
[955, 1113]
[1094, 100, 101, 1039]
[389, 390]
[496, 451]
[572, 381]
[1378, 110]
[1091, 29]
[1090, 795]
[30, 1179]
[79, 191]
[302, 272]
[434, 435]
[380, 56]
[522, 39, 79, 191, 256]
[712, 677]
[107, 335]
[235, 202, 100, 101, 1039]
[233, 959]
[559, 1155]
[376, 775]
[696, 195, 826]
[100, 101, 1463]
[881, 14, 104]
[811, 533]
[277, 1272]
[367, 1445]
[522, 855]
[958, 500]
[0, 1, 1198, 629, 342, 343]
[606, 1000]
[1465, 1458]
[334, 100, 101, 1039, 1057]
[245, 246, 606, 100, 101, 453]
[39, 30, 31, 58]
[39, 30, 266, 939]
[172, 195, 826]
[828, 261]
[43, 44]
[687, 874]
[1142, 760]
[403, 183]
[665, 132, 100]
[77, 328]
[716, 95]
[812, 204]
[602, 545]
[16, 17, 585]
[30, 328]
[881, 14]
[602, 1231]
[1224, 554, 1020]
[291, 1117]
[201, 93]
[522, 39, 30, 178, 1159]
[758, 132, 100, 101, 1391]
[506, 337, 338]
[946, 947]
[646, 545]
[149, 336]
[214, 215]
[1176, 292]
[39, 30, 31, 56]
[87, 49, 648]
[366, 367, 592]
[224, 110]
[1248, 91, 327]
[124, 1052]
[30, 31]
[274, 267]
[1369, 907]
[543, 544, 554]
[39, 30, 624]
[797, 100, 101, 167]
[1333, 381]
[285, 58]
[212, 1208]
[543, 544]
[178, 1159, 1160]
[1323, 633, 229, 845]
[823, 1349]
[665, 132, 100, 101, 453]
[1147, 102]
[1037, 760]
[214, 301]
[224, 56]
[273, 100]
[522, 39, 30, 895]
[522, 39, 1474]
[1054, 298]
[74, 0]
[419, 132, 100, 101, 142]
[1227, 183]
[1, 1198, 629, 342]
[759, 104]
[901, 911]
[1108, 519, 490]
[74, 0, 1, 1198, 629]
[246, 606, 145]
[79, 191, 935]
[100, 101, 1039, 1057]
[1162, 1163]
[1382, 388]
[517, 518]
[387, 388]
[1180, 25, 1362]
[16, 811]
[1182, 1322]
[616, 3]
[596, 335]
[712, 37]
[39, 79, 191]
[120, 121]
[87, 151, 152]
[1053, 132, 100, 101, 1463]
[886, 75, 735]
[906, 202, 100, 101, 453]
[544, 129]
[846, 847]
[53, 111]
[201, 854]
[189, 190]
[73, 74, 0, 1, 681, 682]
[788, 1056]
[87, 674, 675]
[323, 324]
[323, 376, 408]
[973, 1, 681]
[382, 563]
[138, 190]
[395, 189, 1331, 923]
[39, 79, 191, 935]
[828, 133]
[417, 634]
[463, 726]
[886, 75, 76]
[1454, 1455]
[260, 133]
[1329, 1330]
[797, 100, 101, 1290]
[1119, 450]
[522, 39, 79, 191, 268, 1005]
[12, 363]
[675, 792, 816, 817]
[419, 132, 100, 101, 1039, 1057]
[380, 381]
[245, 246, 606]
[596, 195]
[1036, 110]
[850, 792]
[906, 202, 100]
[1001, 1002]
[880, 417, 13]
[476, 298]
[220, 35]
[1086, 132, 100, 101, 142]
[185, 577]
[313, 163]
[482, 483]
[596, 195, 987]
[755, 1, 1198, 629, 342, 343]
[1094, 100, 101, 453]
[212, 110]
[318, 381]
[877, 878]
[291, 292]
[235, 202, 100, 101, 142]
[16, 17, 802]
[245, 246, 606, 933]
[105, 106]
[446, 490, 857, 491]
[896, 1409]
[694, 695]
[1096, 1097]
[183, 195, 987]
[240, 506, 337, 338]
[275, 490, 857]
[886, 490, 857]
[377, 133]
[101, 1039, 1057]
[350, 89, 437]
[202, 100, 101]
[14, 492]
[30, 266, 939]
[787, 493]
[132, 100, 101, 1391]
[872, 873]
[414, 973, 1, 681]
[386, 358]
[39, 30, 266, 1285]
[1394, 100, 101, 1391]
[273, 100, 101, 453]
[393, 707]
[1082, 567, 398]
[245, 246, 606, 100, 101, 142]
[34, 566]
[112, 717]
[1058, 1059]
[235, 836]
[87, 49, 1286]
[395, 190]
[438, 5]
[120, 748]
[578, 1025]
[306, 551]
[41, 42, 363]
[654, 488]
[848, 849]
[39, 30, 17, 772]
[414, 415, 0, 629, 342]
[602, 578, 1025]
[1053, 132, 145]
[1105, 845]
[14, 719]
[1173, 441]
[134, 135]
[544, 1432]
[393, 394]
[522, 39, 30, 360]
[522, 39, 79, 191]
[49, 727, 792, 793]
[630, 1080]
[289, 290, 1334]
[206, 1045]
[920, 1042]
[30, 266, 1335]
[1392, 904]
[1185, 101, 1463]
[1217, 1218]
[105, 1315]
[271, 29]
[525, 195, 826]
[559, 1464]
[813, 48]
[87, 49, 727, 792, 816, 817]
[1197, 1198, 629, 342, 343]
[315, 1214]
[633, 229, 845]
[886, 75, 1367]
[377, 261]
[788, 962]
[132, 1220]
[34, 697]
[181, 605]
[589, 1244]
[1337, 25, 236]
[633, 229]
[1197, 1198, 629, 342]
[788, 1442]
[788, 1357]
[487, 177]
[446, 75, 735, 490, 857, 491]
[505, 25, 236]
[886, 5]
[486, 635]
[54, 979]
[165, 166]
[646, 484, 1072]
[1038, 483]
[49, 727, 792, 795]
[285, 9]
[382, 25, 236]
[51, 401]
[293, 951]
[1053, 132, 100]
[246, 606, 933]
[352, 209]
[39, 30, 266, 267]
[788, 789]
[1193, 100, 101, 1290]
[130, 240, 588]
[309, 195]
[1146, 376]
[39, 79]
[924, 1019, 1140]
[79, 191, 268]
[765, 1458]
[992, 993]
[85, 292]
[1394, 100, 101, 142]
[195, 826]
[803, 25, 213]
[193, 1130]
[124, 368]
[73, 74, 0, 1, 1198, 629, 682]
[773, 93]
[446, 75, 76]
[765, 766]
[750, 598, 381]
[39, 30]
[214, 100, 101, 142]
[906, 202, 100, 101, 142]
[1079, 25, 1034]
[839, 840]
[1305, 29]
[454, 358, 359]
[788, 1004]
[594, 595]
[1108, 519, 1346]
[39, 30, 380, 190]
[43, 100, 101, 1039]
[391, 392]
[138, 56]
[32, 33]
[205, 603]
[224, 163]
[73, 755, 1, 1198, 629]
[1237, 1238]
[98, 1101]
[275, 827]
[1146, 376, 1134]
[812, 605]
[569, 764]
[522, 39, 79, 80]
[548, 549]
[578, 227, 228]
[578, 227, 579]
[812, 9]
[915, 350, 351]
[475, 103]
[47, 1002]
[765, 1412]
[1094, 100, 101, 142]
[856, 261]
[1022, 1184]
[565, 566]
[210, 593]
[39, 30, 178]
[1236, 371]
[619, 620]
[30, 266, 1285]
[87, 674, 675, 792]
[344, 56]
[463, 464]
[1094, 100, 101, 1290]
[984, 1205]
[632, 633, 229, 555]
[240, 772]
[419, 132, 1220]
[400, 328]
[235, 202, 100, 101, 453]
[797, 100, 101]
[374, 375]
[240, 1157]
[1323, 633, 229, 230]
[31, 381]
[53, 54, 427]
[505, 25]
[484, 593]
[727, 792]
[859, 100, 101, 142]
[886, 490, 631]
[382, 383]
[1311, 25]
[323, 1403]
[235, 1278]
[807, 483]
[886, 9]
[1044, 9]
[699, 168]
[98, 150]
[181, 204]
[447, 335]
[275, 490, 631]
[936, 836]
[606, 100, 101, 1039]
[79, 191, 1289]
[994, 995]
[522, 39, 30, 31, 56]
[247, 248]
[1086, 132]
[850, 792, 793]
[544, 396]
[30, 17, 659]
[1146, 376, 1398]
[1433, 1218]
[348, 349]
[1234, 1235]
[325, 190]
[565, 697]
[1181, 677]
[354, 267]
[201, 202, 100, 101, 167]
[85, 1218]
[743, 267]
[1232, 441]
[400, 895]
[73, 755, 1, 1198]
[39, 30, 266, 448]
[51, 800]
[260, 261]
[264, 818]
[273, 100, 101, 142]
[1225, 100, 101, 1039]
[1351, 432]
[149, 783, 1450]
[287, 369]
[154, 155]
[41, 42]
[30, 360]
[39, 30, 266]
[283, 65, 66]
[100, 101, 1290]
[559, 506, 151]
[897, 980]
[181, 335]
[119, 47, 1002]
[727, 792, 793]
[32, 1189]
[812, 5]
[522, 39, 30, 31, 381]
[559, 772]
[1340, 339]
[18, 257]
[1108, 519, 75, 270]
[415, 0, 681, 682]
[1223, 29]
[850, 792, 795]
[130, 573, 719]
[183, 204]
[856, 133]
[522, 39, 79]
[73, 74, 0, 629]
[927, 1042]
[337, 338]
[1011, 1012]
[522, 39, 30, 31, 58]
[526, 674, 675, 792, 793]
[14, 104]
[1467, 1468]
[240, 506, 151, 152]
[30, 17, 1029]
[65, 109]
[1254, 183, 204]
[191, 1289]
[254, 255]
[127, 128]
[1227, 183, 204]
[922, 298]
[850, 792, 816, 817]
[356, 357]
[1108, 519, 75, 184]
[252, 586]
[668, 669]
[271, 272]
[87, 914]
[87, 49, 727, 792, 793]
[674, 675]
[1116, 129]
[522, 39, 30, 1179]
[965, 1030]
[522, 39, 30, 266, 178, 1159]
[522, 39, 30]
[229, 555]
[422, 474]
[535, 381]
[87, 674, 675, 795]
[662, 356, 357]
[68, 102]
[429, 934]
[446, 75]
[354, 441]
[996, 997]
[1301, 9]
[1083, 654, 488, 489]
[382, 25]
[683, 684]
[85, 178, 1159, 1160]
[1297, 210, 211]
[1394, 100, 101, 453]
[16, 322]
[132, 100, 101, 167]
[246, 606, 1000]
[1053, 132, 100, 101, 1039, 1057]
[149, 164]
[557, 558]
[245, 246]
[803, 25, 471]
[149, 496, 867]
[1086, 132, 1220]
[73, 74, 0, 629, 342, 343]
[124, 61, 62]
[130, 642]
[1051, 659]
[303, 25, 236]
[526, 674, 675, 792, 795]
[214, 100, 101]
[130, 556]
[378, 601, 1041]
[446, 75, 735, 490]
[449, 339]
[136, 137]
[214, 100, 101, 453]
[582, 583]
[522, 39, 79, 191, 524]
[1099, 195, 987]
[1257, 1261]
[262, 263]
[376, 805, 1274]
[522, 39, 30, 56]
[198, 33]
[915, 350]
[24, 25]
[205, 299]
[403, 183, 664]
[494, 626]
[893, 521]
[1397, 379]
[49, 727, 792, 816, 817]
[17, 585]
[456, 457]
[1280, 1281]
[59, 531]
[850, 795]
[629, 342]
[797, 100, 101, 1039]
[323, 376, 805, 1274]
[526, 376]
[412, 684]
[1182, 1183]
[522, 599]
[295, 296]
[859, 100, 101, 1391]
[39, 30, 17, 802]
[74, 0, 1, 681, 682]
[266, 178, 1159]
[514, 205]
[569, 441]
[246, 606, 100, 101, 453]
[860, 861]
[85, 195, 826]
[880, 417, 634]
[490, 631]
[829, 9]
[83, 103]
[414, 973, 1, 1198, 629]
[409, 82]
[43, 100, 101, 453]
[16, 17, 772]
[1060, 301]
[544, 554, 1478]
[1355, 998]
[512, 190]
[553, 554, 1478]
[879, 272]
[117, 118]
[384, 385]
[973, 390]
[1053, 132, 100, 101, 1039]
[698, 699]
[1180, 25, 471]
[792, 793]
[1436, 1437]
[665, 1222, 66]
[1415, 381]
[282, 272]
[185, 186]
[1364, 1365]
[419, 132, 133]
[596, 102]
[31, 42, 363]
[1075, 358, 359]
[1185, 101, 453]
[587, 469, 470, 1303]
[1394, 100]
[172, 292]
[494, 495]
[227, 579]
[53, 54, 979]
[227, 228]
[442, 5]
[632, 633, 23]
[291, 86]
[235, 202]
[30, 17, 772]
[426, 9]
[334, 100, 101, 1039]
[1143, 29]
[1197, 1198]
[1108, 519, 75, 760]
[809, 810]
[1198, 629, 682]
[39, 392]
[478, 479]
[538, 484, 593]
[393, 217]
[0, 1, 1198]
[246, 606, 100, 101, 1039]
[1259, 253]
[522, 39, 30, 1457]
[692, 1146, 376, 805, 1274]
[124, 703]
[519, 75]
[606, 100, 101, 453]
[755, 1]
[519, 75, 76]
[325, 381]
[79, 191, 524]
[291, 129]
[1355, 71]
[283, 65]
[30, 31, 42]
[415, 0, 1, 1198, 629]
[754, 134]
[175, 110]
[1323, 633]
[49, 50]
[1257, 1258]
[405, 406]
[606, 100, 101]
[90, 91, 327]
[43, 110]
[1170, 1171]
[937, 358]
[589, 635]
[124, 368, 1204]
[522, 39, 79, 191, 597]
[18, 1008]
[73, 74, 0, 1, 1198, 629, 342, 343]
[240, 506, 125]
[735, 490, 857, 491]
[1323, 633, 229, 396]
[1150, 66]
[415, 0, 629, 682]
[534, 171]
[285, 139]
[1343, 298]
[22, 23]
[281, 96, 930]
[625, 495]
[1108, 519, 490, 857]
[300, 500]
[201, 202]
[890, 381]
[0, 1, 1198, 629, 682]
[665, 132, 100, 101]
[376, 805]
[420, 421]
[515, 516]
[522, 39, 30, 380, 151, 152]
[544, 511]
[519, 204]
[30, 380, 190]
[258, 259]
[73, 755, 1, 1198, 629, 342]
[353, 304, 305]
[201, 202, 100, 101, 142]
[57, 56]
[1132, 1133]
[897, 797, 100, 101, 1463]
[1091, 267]
[1048, 542]
[522, 39, 30, 266, 29]
[786, 145]
[1079, 25, 471]
[311, 312]
[559, 855]
[442, 9]
[640, 641]
[1181, 37]
[1064, 388]
[205, 597]
[1312, 1470]
[735, 490, 857]
[1348, 797, 100, 101, 167]
[602, 578, 227, 1025]
[92, 202, 100, 101, 167]
[666, 185, 1187]
[283, 65, 109]
[148, 452]
[1193, 100, 101, 1039, 1057]
[978, 483]
[148, 149]
[242, 243]
[273, 100, 101]
[393, 1416, 394]
[39, 30, 56]
[291, 195, 826]
[522, 39, 30, 624]
[92, 854]
[881, 14, 15]
[126, 82]
[39, 79, 191, 268]
[309, 195, 987]
[380, 151, 152]
[1311, 25, 1362]
[39, 30, 1310]
[148, 149, 164]
[161, 876]
[201, 202, 100, 101, 1039]
[550, 630, 822]
[323, 376]
[1270, 1271]
[1144, 91]
[952, 110]
[1337, 25]
[132, 133]
[291, 1218]
[514, 205, 671]
[957, 988]
[39, 30, 380, 151]
[559, 506]
[395, 1017]
[395, 286]
[302, 902]
[43, 100, 101, 142]
[73, 74]
[442, 443]
[119, 47]
[183, 195]
[277, 1282]
[87, 674, 675, 792, 816, 817]
[756, 757]
[87, 49, 727, 792]
[79, 191, 268, 1005]
[608, 609]
[509, 1371]
[1311, 25, 236]
[472, 1451]
[522, 39, 30, 266, 178]
[601, 3]
[1094, 100, 101, 1463]
[446, 490, 857]
[246, 606, 261]
[382, 25, 1362]
[245, 246, 606, 145]
[391, 29]
[898, 553, 554, 1478]
[220, 749, 316]
[646, 647]
[149, 451, 452]
[79, 191, 268, 269]
[79, 1471]
[1383, 729]
[1350, 381]
[262, 308]
[414, 415, 0, 1, 1198, 629]
[30, 31, 1221]
[755, 1, 1198]
[1368, 444]
[821, 82]
[87, 49, 727]
[692, 1146, 376, 1406]
[665, 132, 100, 101, 1039, 1057]
[1352, 1353]
[751, 752]
[391, 79, 191, 268, 269]
[777, 498]
[990, 991]
[130, 240, 506]
[235, 202, 100, 101, 1463]
[886, 75, 735, 490]
[235, 202, 100, 101]
[625, 626]
[242, 243, 1303]
[393, 707, 265]
[1, 1198]
[525, 195]
[30, 1057]
[1407, 1408]
[39, 30, 659]
[384, 560]
[426, 427]
[864, 82]
[525, 195, 987]
[1225, 100, 101]
[1242, 1243]
[334, 100]
[670, 299]
[1138, 1139]
[55, 286]
[30, 380, 151]
[419, 132, 261]
[519, 490, 857, 491]
[665, 132]
[889, 9]
[30, 624]
[1169, 29]
[130, 163]
[403, 183, 195, 987]
[172, 195, 987]
[522, 39, 30, 266, 267]
[85, 178, 1159]
[124, 557, 152]
[245, 246, 606, 100]
[1108, 519, 490, 631]
[83, 635]
[329, 330]
[262, 874]
[132, 261]
[414, 973, 1, 1198, 629, 682]
[587, 469, 470, 489]
[770, 771]
[39, 30, 31, 42, 363]
[718, 224, 163]
[245, 246, 606, 1000]
[1348, 797, 100, 101, 1039]
[578, 227, 593]
[1053, 132]
[206, 207]
[246, 606, 133]
[662, 356]
[955, 956]
[1227, 183, 195, 987]
[39, 30, 17]
[1079, 25, 213]
[28, 29]
[967, 82]
[475, 610]
[1308, 84]
[61, 1452]
[331, 332]
[544, 554]
[660, 661]
[1013, 1014]
[39, 30, 1179]
[414, 973, 1, 1198]
[376, 805, 1207]
[446, 75, 270]
[1332, 396]
[735, 490, 631]
[1348, 797, 1093]
[315, 316]
[39, 30, 266, 1335]
[629, 342, 343]
[87, 338]
[148, 149, 867]
[186, 713]
[785, 272]
[391, 79, 191, 935]
[91, 327]
[75, 76]
[758, 132, 1220]
[1085, 677]
[446, 75, 184]
[132, 100, 101]
[181, 528, 529]
[692, 1146]
[51, 940]
[96, 930]
[24, 25, 236]
[424, 93]
[475, 402]
[386, 1326]
[70, 171]
[198, 226]
[1339, 358]
[130, 240, 772]
[148, 149, 496, 867]
[414, 415, 0, 681]
[386, 358, 359]
[1143, 272]
[32, 202, 100, 101, 453]
[596, 845]
[94, 717]
[245, 246, 606, 100, 101, 1039, 1057]
[74, 0, 1, 681]
[246, 606, 100, 101, 1039, 1057]
[897, 797, 100, 101, 1290]
[1227, 183, 195]
[880, 417, 363]
[1337, 25, 1034]
[628, 976]
[1358, 1359]
[16, 811, 533]
[506, 151, 152]
[843, 844]
[1384, 1115]
[200, 29]
[32, 202, 100, 101, 1463]
[484, 1072]
[6, 998]
[39, 30, 1057]
[720, 5]
[30, 1310]
[200, 1092]
[446, 490, 631]
[519, 75, 735]
[1051, 316]
[1301, 1209, 1210]
[470, 1303]
[742, 491]
[414, 415, 0, 629, 682]
[1102, 501]
[30, 31, 42, 363]
[439, 440]
[820, 168]
[148, 149, 783]
[953, 954]
[0, 681, 682]
[266, 29]
[520, 1071]
[79, 80]
[718, 441]
[606, 66]
[30, 266, 178]
[587, 469]
[1114, 398]
[32, 202, 100, 101]
[32, 1284]
[522, 39, 79, 191, 268, 269]
[334, 100, 101, 1290]
[315, 659]
[18, 428]
[31, 355]
[53, 54, 1123]
[30, 380, 56]
[1348, 797, 100, 101, 1391]
[291, 173]
[39, 79, 191, 268, 1005]
[273, 110]
[376, 408]
[1413, 988]
[522, 39, 30, 178]
[897, 797, 100]
[1009, 3]
[220, 221]
[1298, 110]
[185, 326]
[124, 61, 1452]
[73, 74, 0, 1]
[627, 628, 976]
[797, 100, 101, 1391]
[522, 39, 30, 17, 1029]
[981, 387]
[31, 56]
[148, 149, 496, 451, 452]
[422, 423]
[718, 224, 746]
[567, 398]
[130, 1381]
[368, 416]
[758, 132]
[138, 381]
[514, 205, 935]
[419, 132, 100, 101, 1391]
[522, 39, 79, 191, 603]
[39, 40]
[1103, 1104]
[1273, 1203]
[1146, 376, 805, 1207]
[674, 675, 792, 816]
[201, 202, 100, 101, 1290]
[446, 5]
[606, 100, 101, 1391]
[1226, 1200]
[550, 630]
[39, 30, 17, 585]
[149, 1396]
[246, 606, 100, 101, 1290]
[718, 224]
[87, 674, 675, 792, 816]
[135, 1459]
[189, 1331, 923]
[240, 506]
[201, 202, 100, 101]
[1090, 792]
[417, 13]
[202, 100, 101, 167]
[43, 100, 101]
[1339, 358, 359]
[1230, 1231]
[663, 216]
[414, 973, 1]
[1197, 1198, 629, 682]
[205, 192]
[391, 79, 191, 192]
[1035, 9]
[31, 58]
[905, 9]
[85, 195]
[79, 191, 256]
[655, 401]
[522, 39, 30, 266]
[688, 1388]
[519, 1360]
[165, 838]
[275, 490, 857, 491]
[30, 266, 267]
[122, 1151]
[522, 39, 30, 31, 1221]
[526, 674]
[73, 74, 0, 629, 342]
[592, 367]
[87, 1137]
[130, 964]
[277, 150]
[178, 1159]
[41, 58]
[1296, 553]
[538, 484]
[722, 870]
[733, 734]
[1248, 91]
[185, 1187]
[941, 1376]
[1108, 519, 623]
[55, 322]
[273, 100, 101, 1391]
[561, 358]
[692, 1146, 376, 775]
[522, 39, 30, 17, 772]
[73, 74, 0, 1, 1198, 629, 342]
[92, 202, 100, 101, 1463]
[314, 139]
[414, 415, 0, 629, 342, 343]
[841, 842]
[57, 58]
[894, 648]
[323, 376, 1134]
[490, 857]
[25, 1034]
[960, 500]
[130, 574, 480]
[30, 266, 29]
[510, 511]
[1305, 267]
[74, 0, 681, 682]
[74, 0, 1, 1198]
[1021, 398]
[17, 772]
[755, 1, 681]
[646, 593]
[812, 171]
[367, 592]
[32, 202, 100]
[246, 606, 100, 101, 142]
[344, 225]
[378, 601, 3]
[938, 974]
[973, 1, 1198, 629]
[400, 401]
[660, 661, 157]
[665, 1222]
[1180, 25, 213]
[124, 1257]
[346, 1448]
[39, 30, 266, 178, 1159, 1160]
[571, 435]
[886, 75, 204]
[1086, 132, 145]
[1224, 554, 1239]
[32, 202, 100, 101, 142]
[1047, 500]
[714, 715]
[1297, 210, 227]
[1394, 100, 101, 1039]
[1252, 826]
[600, 56]
[32, 837]
[41, 56]
[74, 0, 1, 1198, 629, 342]
[366, 367, 1445]
[205, 900]
[1294, 379]
[898, 553]
[1348, 797, 100, 101, 1039, 1057]
[323, 376, 1398]
[1106, 1107]
[1185, 101, 142]
[570, 571, 435]
[1193, 100, 101, 1391]
[554, 1478]
[235, 93]
[25, 236]
[39, 30, 168]
[674, 675, 792, 816, 817]
[1148, 933]
[1228, 1007]
[45, 911]
[51, 52]
[1224, 554]
[621, 622]
[574, 480, 9]
[124, 557, 558]
[602, 578, 227, 593]
[973, 1, 1198, 629, 342]
[606, 100, 101, 142]
[130, 240, 506, 151]
[1108, 519, 1447]
[1173, 764]
[1108, 519, 490, 491]
[685, 145]
[191, 268]
[835, 5]
[105, 1172]
[1086, 132, 100, 101, 1391]
[1135, 1136]
[819, 25, 1362]
[731, 732]
[240, 588]
[30, 178]
[1198, 629, 342]
[877, 1246]
[1039, 1057]
[633, 229, 396]
[823, 824]
[499, 500]
[1164, 1165]
[14, 15]
[1102, 190]
[758, 132, 100, 101, 167]
[735, 490, 491]
[819, 25, 236]
[522, 39, 30, 1057]
[314, 318, 139]
[1066, 1067]
[235, 202, 100, 101, 1290]
[417, 299]
[679, 680]
[1078, 242]
[43, 381]
[606, 100, 101, 1039, 1057]
[526, 674, 675]
[77, 168]
[886, 75]
[202, 1068]
[415, 0, 1, 1198]
[666, 185, 577]
[931, 932]
[208, 11]
[509, 347]
[522, 39, 79, 1471]
[49, 648]
[675, 792, 795]
[1262, 1263]
[55, 982]
[859, 100, 101, 1039, 1057]
[16, 17, 1029]
[101, 167]
[130, 1122]
[191, 268, 1005]
[24, 25, 1362]
[736, 1480]
[522, 1269]
[613, 503]
[640, 1080]
[117, 1400]
[493, 250, 251]
[35, 174]
[176, 9]
[245, 246, 606, 100, 101, 1391]
[992, 989]
[670, 209]
[1050, 9]
[1414, 268, 269]
[1083, 654, 488]
[686, 232]
[224, 746]
[898, 1127]
[10, 339]
[220, 749]
[283, 1028]
[30, 266]
[87, 152]
[992, 1363]
[600, 58]
[415, 0, 1]
[969, 141]
[41, 381]
[470, 489]
[1022, 1023]
[1053, 132, 100, 101, 167]
[675, 792, 793]
[915, 350, 89, 5]
[1053, 132, 100, 101, 1290]
[334, 100, 101, 167]
[1394, 100, 101]
[414, 415, 0, 1, 1198, 629, 342]
[1121, 301]
[83, 241]
[522, 39, 40]
[512, 58]
[1194, 298]
[938, 404]
[600, 381]
[897, 797, 100, 101, 453]
[115, 1446]
[87, 151]
[444, 445]
[30, 31, 56]
[172, 173]
[39, 30, 518]
[73, 74, 0, 681]
[224, 441]
[39, 30, 31, 381]
[73, 74, 0]
[397, 398]
[32, 202, 100, 101, 1290]
[0, 1, 681]
[0, 1, 681, 682]
[14, 568]
[587, 469, 470]
[572, 364]
[915, 350, 351, 1120]
[716, 717]
[1108, 519, 75, 76]
[130, 131]
[606, 933]
[690, 691]
[561, 926]
[906, 202, 100, 101, 1391]
[526, 376, 1406]
[886, 75, 735, 490, 631]
[1148, 109]
[75, 735, 490, 491]
[414, 973, 1, 1198, 629, 342, 343]
[376, 1406]
[973, 1, 681, 682]
[1146, 376, 408]
[74, 0, 629, 342]
[314, 1124]
[415, 0, 1, 1198, 629, 682]
[958, 301]
[350, 351]
[73, 74, 1112]
[403, 183, 195]
[1108, 519, 75, 204]
[100, 101, 167]
[43, 100]
[1259, 1260]
[1225, 100, 101, 142]
[832, 56]
[266, 178]
[1019, 1140]
[74, 1112]
[94, 95]
[224, 225]
[1193, 100, 101, 142]
[240, 506, 337]
[575, 576]
[1185, 101]
[273, 100, 101, 1039]
[39, 30, 380, 151, 152]
[1, 681, 682]
[331, 450]
[146, 147]
[881, 106]
[12, 209]
[179, 180]
[314, 318, 190]
[481, 267]
[924, 1019]
[981, 387, 388]
[1215, 1303]
[627, 1168]
[494, 905]
[1180, 25]
[281, 96, 97]
[161, 1040]
[665, 132, 100, 101, 167]
[414, 415, 0, 629]
[201, 202, 100, 101, 1463]
[0, 1, 1198, 629, 342]
[30, 31, 355]
[522, 39, 30, 38]
[663, 216, 217, 394]
[16, 60]
[522, 39, 30, 17, 802]
[201, 202, 100]
[507, 508]
[559, 1084]
[582, 263]
[720, 362]
[1327, 11]
[39, 30, 380]
[32, 202, 1068]
[638, 639]
[522, 39, 30, 266, 1335]
[514, 634]
[886, 490, 857, 491]
[463, 308]
[709, 5]
[10, 1213]
[366, 367]
[469, 470, 1303]
[522, 39, 30, 380, 58]
[2, 3]
[832, 286]
[1425, 623]
[415, 0, 1, 681]
[39, 30, 381]
[700, 701]
[1215, 1216]
[130, 240, 506, 337, 338]
[30, 17, 585]
[79, 191, 603]
[353, 304]
[302, 1441]
[334, 533]
[39, 30, 1457]
[334, 315]
[313, 441]
[601, 1041]
[559, 710]
[897, 797, 100, 101, 1039]
[463, 874]
[543, 544, 975]
[666, 185, 186, 713]
[30, 31, 58]
[538, 539]
[522, 39, 30, 31, 355]
[1225, 110]
[266, 267]
[522, 39, 30, 659]
[592, 367, 1445]
[214, 500]
[696, 195]
[654, 488, 489]
[519, 490, 491]
[75, 204]
[130, 222]
[642, 480, 9]
[1195, 1013]
[210, 227, 1025]
[130, 573]
[519, 75, 1367]
[718, 224, 441]
[250, 251]
[906, 938]
[920, 921]
[18, 1453]
[522, 39, 30, 380, 56]
[1185, 101, 1039, 1057]
[1099, 195, 826]
[205, 671]
[915, 350, 89, 437]
[803, 25, 1034]
[39, 79, 191, 256]
[303, 25]
[570, 571]
[646, 484, 593]
[297, 298]
[550, 630, 1080]
[668, 1125]
[198, 1167]
[522, 523]
[1296, 553, 554, 1239]
[83, 84]
[1086, 132, 100, 101, 1290]
[74, 0, 629]
[132, 100, 101, 1039, 1057]
[132, 145]
[149, 496, 452]
[862, 863]
[39, 30, 380, 381]
[246, 606, 100, 101, 1391]
[279, 280]
[285, 381]
[897, 797, 100, 101, 142]
[291, 396]
[1188, 232, 269]
[1146, 376, 805]
[130, 240, 506, 337]
[414, 973, 390]
[83, 402]
[596, 195, 826]
[1348, 797]
[101, 1391]
[34, 35, 174]
[39, 30, 17, 659]
[606, 145]
[92, 202, 100]
[506, 125]
[53, 54]
[130, 240, 1157]
[149, 496, 451]
[650, 358, 359]
[17, 1029]
[309, 310]
[55, 56]
[644, 868]
[115, 116]
[446, 75, 735, 490, 491]
[183, 184]
[514, 205, 1289]
[497, 498]
[218, 433]
[665, 132, 100, 101, 1290]
[87, 674, 675, 792, 795]
[480, 9]
[755, 1112]
[519, 75, 735, 490, 631]
[87, 674, 675, 792, 793]
[395, 381]
[929, 673]
[1254, 183, 184]
[797, 100, 101, 453]
[1177, 1178]
[1297, 210, 227, 1025]
[214, 100, 101, 1463]
[886, 75, 184]
[973, 1]
[650, 358]
[419, 132, 100, 101, 167]
[490, 857, 491]
[553, 554, 1020]
[1193, 100, 101, 453]
[39, 79, 191, 603]
[318, 139]
[596, 448]
[590, 1317]
[1312, 1313]
[214, 100]
[395, 189, 190]
[522, 39, 30, 266, 1285]
[446, 490]
[41, 139]
[890, 286]
[1460, 1461]
[334, 100, 101]
[514, 205, 597]
[130, 968]
[268, 1005]
[290, 1334]
[869, 870]
[55, 58]
[374, 1161]
[172, 396]
[134, 135, 327]
[820, 333]
[1108, 519, 75, 735, 490, 491]
[302, 911]
[886, 75, 270]
[0, 1]
[1298, 1243]
[246, 606]
[183, 1393]
[632, 633, 229, 396]
[39, 30, 266, 29]
[578, 227, 1025]
[611, 697]
[374, 1166]
[75, 735]
[530, 1443]
[606, 100]
[424, 425]
[1302, 995]
[749, 316]
[901, 5]
[87, 93]
[1449, 615]
[996, 1174]
[277, 278]
[1180, 25, 1034]
[738, 739]
[653, 654]
[1202, 1203]
[16, 1214]
[414, 973, 1, 1198, 629, 342]
[653, 654, 488]
[291, 195, 987]
[429, 430]
[134, 135, 1459]
[415, 0, 629, 342, 343]
[393, 818]
[679, 747]
[881, 1046]
[30, 380, 381]
[447, 396]
[736, 737]
[391, 79, 80]
[522, 39, 79, 191, 1289]
[973, 1, 1198, 629, 342, 343]
[30, 380, 58]
[350, 351, 1120]
[191, 268, 269]
[350, 89]
[210, 227, 228]
[632, 633, 229]
[30, 380, 151, 152]
[543, 871]
[859, 100, 101, 1039]
[554, 1020]
[767, 498]
[12, 299]
[526, 674, 675, 795]
[1108, 519, 75, 735, 490, 857, 491]
[220, 749, 659]
[407, 408]
[630, 822]
[210, 227, 579]
[806, 659]
[970, 638]
[30, 56]
[148, 149, 1396]
[202, 100, 101, 1463]
[1098, 592]
[494, 905, 9]
[391, 79, 1471]
[329, 1158]
[1053, 132, 261]
[36, 677]
[644, 645]
[825, 1168]
[1086, 1150]
[1348, 797, 100, 101, 1463]
[1083, 654]
[522, 39, 30, 266, 939]
[1108, 519, 1360]
[32, 202, 100, 101, 1039, 1057]
[1298, 1155]
[229, 396]
[391, 79, 191, 900]
[881, 14, 568]
[191, 603]
[1280, 1347]
[39, 79, 1471]
[1394, 100, 101, 1290]
[372, 1456]
[132, 100, 101, 1463]
[30, 659]
[502, 907]
[1414, 268, 1005]
[931, 760]
[334, 100, 101, 1391]
[309, 195, 826]
[630, 1140]
[1078, 242, 243]
[901, 272]
[908, 1063]
[30, 1283]
[627, 628]
[1098, 592, 367, 1445]
[859, 261]
[32, 404]
[796, 204]
[8, 9]
[130, 240, 433]
[391, 79, 191]
[740, 93]
[1079, 25, 1362]
[87, 49, 727, 792, 816]
[113, 114]
[1438, 1439]
[275, 490]
[898, 899]
[172, 129]
[461, 462]
[666, 185]
[698, 699, 168]
[291, 845]
[543, 544, 975, 1377]
[1085, 37]
[245, 246, 606, 607]
[522, 39, 30, 1283]
[1404, 1405]
[550, 1080]
[39, 30, 266, 178, 1159]
[543, 544, 396]
[419, 132, 100, 101]
[727, 792, 816]
[346, 347]
[1086, 132, 100, 101, 1039]
[372, 373]
[148, 149, 336]
[417, 923]
[522, 39, 30, 168]
[758, 132, 100, 101, 1463]
[860, 1379]
[1390, 904]
[463, 263]
[39, 30, 333]
[850, 792, 816]
[1254, 183, 195, 826]
[245, 246, 606, 100, 101, 167]
[1086, 132, 100, 101, 167]
[92, 93]
[1311, 25, 471]
[1337, 25, 213]
[32, 202, 100, 101, 1039]
[87, 674]
[758, 132, 145]
[957, 106]
[235, 202, 100, 101, 167]
[245, 1192]
[787, 493, 250, 251]
[1227, 183, 184]
[569, 746]
[0, 681]
[31, 42]
[490, 491]
[130, 240, 506, 125]
[73, 74, 0, 1, 681]
[681, 682]
[283, 284]
[18, 67]
[948, 396]
[185, 774]
[1086, 132, 100, 101, 1039, 1057]
[30, 518]
[245, 246, 606, 100, 101, 1039]
[522, 39, 79, 191, 900]
[755, 1, 1198, 629, 342]
[1225, 100, 101, 1039, 1057]
[57, 110]
[414, 973]
[252, 253]
[231, 232, 269]
[526, 674, 675, 792]
[1428, 5]
[68, 69]
[273, 100, 101, 1290]
[449, 1029]
[666, 185, 186]
[75, 735, 490, 631]
[302, 951]
[466, 467]
[886, 490]
[465, 82]
[210, 227]
[1108, 519, 75, 735, 490, 857]
[214, 100, 101, 167]
[356, 1336]
[984, 985]
[275, 276]
[613, 804]
[393, 1300]
[218, 219]
[882, 883]
[949, 950]
[273, 100, 101, 167]
[522, 39, 30, 178, 1159, 1160]
[788, 1247]
[79, 191, 597]
[191, 524]
[323, 741]
[505, 25, 213]
[670, 671]
[39, 79, 191, 524]
[1055, 129]
[30, 381]
[233, 234]
[788, 853]
[906, 202, 100, 101, 1039]
[1090, 792, 816]
[16, 659]
[1188, 232]
[382, 25, 213]
[246, 606, 66]
[273, 912]
[522, 39, 30, 380, 151]
[526, 88]
[12, 13]
[30, 178, 1159]
[553, 554]
[526, 376, 805]
[663, 776]
[30, 266, 178, 1159]
[773, 425]
[1331, 923]
[132, 100, 101, 453]
[755, 1, 681, 682]
[999, 267]
[1394, 100, 101, 167]
[39, 30, 1283]
[519, 75, 735, 490, 857]
[185, 643]
[514, 205, 900]
[149, 496]
[73, 74, 0, 629, 682]
[906, 202, 100, 101, 167]
[8, 763]
[181, 182]
[1227, 183, 195, 826]
[501, 299]
[686, 232, 269]
[130, 642, 480, 9]
[510, 129]
[159, 706]
[323, 376, 775]
[39, 30, 178, 1159, 1160]
[36, 37]
[665, 132, 100, 101, 1463]
[797, 1093]
[39, 79, 80]
[1321, 1153]
[149, 451]
[519, 490]
[812, 196, 197]
[55, 139]
[237, 190]
[229, 845]
[85, 845]
[1131, 678]
[972, 1068]
[303, 25, 471]
[1108, 519]
[246, 606, 607]
[805, 1274]
[514, 13]
[73, 74, 0, 1, 1198, 629]
[792, 816, 817]
[803, 25, 236]
[30, 380]
[92, 202, 100, 101, 1039]
[124, 125]
[391, 79]
[1304, 1045]
[16, 17]
[1094, 100, 101, 167]
[692, 693]
[493, 250]
[522, 39, 30, 266, 448]
[1108, 519, 75, 735]
[92, 837]
[881, 1434]
[886, 75, 760]
[361, 362]
[484, 485]
[391, 79, 191, 268, 1005]
[973, 1, 1198, 629, 682]
[74, 0, 1, 1198, 629, 682]
[812, 196, 721]
[859, 100, 101, 167]
[39, 30, 178, 1159]
[217, 394]
[112, 95]
[419, 132, 100, 101, 1039]
[81, 82]
[447, 195, 826]
[205, 935]
[73, 755, 1, 1198, 629, 342, 343]
[449, 11]
[202, 100]
[600, 110]
[49, 727, 792, 816]
[386, 454, 358]
[47, 48]
[61, 62]
[875, 876]
[92, 202, 100, 101, 1290]
[718, 224, 225]
[496, 867]
[124, 368, 416]
[887, 888]
[169, 170, 236]
[1185, 101, 1391]
[1086, 132, 133]
[386, 454, 358, 359]
[391, 79, 191, 597]
[561, 358, 359]
[897, 797, 1093]
[1264, 571, 435]
[514, 205, 192]
[18, 1109]
[238, 239]
[522, 39, 30, 1026]
[214, 100, 101, 1290]
[1394, 100, 101, 1463]
[790, 791]
[893, 1112]
[130, 574]
[30, 168]
[314, 918]
[505, 25, 1034]
[1354, 1241]
[520, 682]
[1108, 519, 75, 1367]
[522, 39, 30, 518]
[370, 371]
[1337, 25, 471]
[54, 1123]
[730, 659]
[1380, 305]
[264, 265]
[119, 47, 753]
[522, 39, 30, 17, 585]
[965, 1145]
[6, 7]
[915, 350, 89]
[692, 1146, 376, 1134]
[859, 133]
[92, 202, 1068]
[1159, 1160]
[1297, 210, 227, 579]
[1053, 132, 100, 101, 1391]
[1225, 100, 101, 453]
[522, 39, 79, 191, 192]
[848, 917]
[1297, 210, 227, 228]
[191, 256]
[415, 0, 629, 342]
[458, 459]
[740, 1473]
[18, 540]
[185, 1466]
[75, 735, 490, 857]
[633, 23]
[884, 885]
[1323, 633, 23]
[1036, 56]
[784, 29]
[382, 801]
[1338, 102]
[1323, 633, 229]
[1108, 519, 75, 735, 490, 631]
[303, 25, 1362]
[183, 664]
[886, 75, 735, 490, 857, 491]
[475, 123]
[54, 427]
[87, 49]
[382, 25, 471]
[522, 39, 30, 381]
[55, 533]
[415, 0, 629]
[505, 25, 471]
[415, 0, 1, 1198, 629, 342, 343]
[1254, 183, 664]
[436, 1361]
[319, 29]
[543, 544, 1432]
[418, 82]
[692, 1146, 376, 1398]
[1227, 183, 664]
[1444, 9]
[519, 75, 735, 490, 857, 491]
[419, 132]
[897, 797, 100, 101, 1039, 1057]
[1321, 933]
[73, 755, 1, 681, 682]
[447, 448]
[83, 550, 630, 1140]
[323, 702]
[666, 667]
[1254, 183, 1393]
[442, 1295]
[132, 100, 101, 142]
[201, 202, 1068]
[96, 97]
[446, 75, 760]
[201, 202, 100, 101, 453]
[32, 1167]
[161, 162]
[1086, 132, 261]
[756, 913]
[906, 202, 100, 101]
[446, 75, 735, 490, 631]
[658, 529]
[522, 39, 30, 31]
[530, 234]
[522, 39, 30, 380, 190]
[522, 39, 30, 31, 42, 363]
[4, 5]
[526, 376, 408]
[886, 75, 735, 490, 491]
[526, 376, 805, 1274]
[663, 776, 1163]
[414, 415, 0, 1, 1198, 629, 682]
[73, 755, 1112]
[825, 628, 976]
[283, 1016]
[187, 1087]
[472, 473]
[153, 5]
[30, 1457]
[1193, 100, 101]
[185, 552]
[975, 1377]
[758, 132, 100]
[792, 795]
[92, 202, 100, 101, 1039, 1057]
[1372, 9]
[70, 29]
[124, 1257, 1261]
[590, 591]
[403, 183, 204]
[1348, 797, 100, 101, 1290]
[223, 56]
[414, 415, 0, 681, 682]
[391, 190]
[522, 39, 30, 380]
[74, 0, 1, 1198, 629, 342, 343]
[31, 1221]
[303, 25, 213]
[965, 1201]
[1348, 797, 100, 101, 453]
[1435, 1074]
[754, 134, 135]
[859, 100, 101]
[519, 490, 857]
[300, 301]
[124, 1257, 1258]
[320, 272]
[906, 93]
[758, 132, 100, 101, 1290]
[1086, 132, 100, 101]
[666, 185, 326]
[1197, 1198, 629]
[546, 547]
[1053, 132, 1220]
[1128, 1129]
[74, 0, 629, 682]
[314, 1440]
[235, 202, 100, 101, 1391]
[1148, 1153]
[130, 573, 104]
[415, 0, 1, 1198, 629, 342]
[39, 79, 191, 900]
[87, 49, 50]
[572, 110]
[1086, 66]
[30, 333]
[589, 84]
[191, 900]
[130, 642, 480]
[130, 240, 506, 151, 152]
[410, 411]
[39, 79, 191, 1289]
[75, 760]
[220, 35, 174]
[724, 725]
[127, 693]
[916, 401]
[544, 975]
[797, 100, 101, 1039, 1057]
[334, 315, 1214]
[266, 939]
[1079, 25, 236]
[1297, 210, 593]
[342, 343]
[0, 1, 1198, 629]
[559, 506, 337, 338]
[39, 30, 380, 58]
[1297, 210]
[761, 768]
[656, 657]
[122, 123]
[735, 490]
[148, 149, 783, 1450]
[249, 9]
[1018, 1019]
[538, 484, 485]
[469, 470, 489]
[70, 9]
[365, 358, 359]
[520, 521]
[1100, 82]
[1175, 9]
[143, 144]
[73, 755]
[344, 110]
[526, 674, 675, 792, 816]
[245, 246, 606, 100, 101, 1290]
[273, 100, 101, 1463]
[285, 110]
[718, 224, 364]
[32, 93]
[148, 149, 451, 452]
[506, 337]
[138, 139]
[881, 14, 1031]
[431, 432]
[1229, 82]
[252, 604]
[17, 659]
[90, 91]
[665, 132, 261]
[87, 49, 727, 792, 795]
[281, 9]
[159, 468]
[632, 633, 229, 845]
[172, 845]
[692, 1146, 376]
[203, 871]
[1006, 1007]
[39, 30, 380, 56]
[672, 673]
[965, 1027]
[92, 202, 100, 101, 142]
[39, 30, 31]
[1018, 1019, 1140]
[606, 261]
[216, 217]
[73, 74, 0, 1, 1198]
[43, 100, 101, 1290]
[776, 1163]
[1110, 1111]
[519, 75, 735, 490]
[496, 451, 452]
[101, 1039]
[345, 3]
[98, 99]
[447, 845]
[358, 359]
[1225, 100, 101, 1290]
[514, 1395]
[74, 0, 629, 342, 343]
[906, 202, 100, 101, 1290]
[683, 1032]
[505, 25, 1362]
[1053, 132, 100, 101]
[325, 364]
[1156, 335]
[532, 82]
[415, 0, 1, 681, 682]
[1196, 852]
[422, 1073]
[87, 88]
[1075, 358]
[740, 741]
[522, 39]
[544, 554, 1239]
[578, 579]
[692, 1146, 376, 805]
[266, 178, 1159, 1160]
[553, 554, 1239]
[578, 228]
[755, 1, 1198, 629]
[318, 190]
[436, 437]
[0, 629]
[18, 708]
[446, 75, 735, 490, 857]
[891, 892]
[718, 224, 56]
[334, 315, 659]
[395, 139]
[101, 453]
[320, 977]
[522, 778]
[1311, 25, 1034]
[18, 177]
[140, 1309]
[1475, 190]
[380, 190]
[781, 782]
[1193, 100, 101, 1463]
[196, 197]
[961, 483]
[812, 858]
[891, 1469]
[578, 227]
[1147, 904]
[203, 129]
[1064, 1070]
[391, 79, 191, 256]
[154, 244]
[246, 606, 100, 101]
[1225, 100]
[39, 30, 286]
[711, 659]
[519, 75, 760]
[1015, 50]
[1225, 1240]
[79, 191, 192]
[391, 79, 191, 1289]
[350, 89, 5]
[475, 84]
[119, 47, 48]
[906, 202, 100, 101, 1039, 1057]
[1108, 519, 5]
[1198, 629, 342, 343]
[665, 132, 133]
[208, 659]
[823, 1401]
[674, 675, 795]
[1024, 725]
[39, 30, 328]
[63, 64]
[191, 192]
[314, 318, 381]
[460, 170, 236]
[519, 1346]
[522, 39, 30, 333]
[1259, 586]
[83, 550, 630, 1080]
[1195, 1241]
[391, 79, 191, 603]
[696, 335]
[89, 437]
[519, 490, 631]
[378, 379]
[1086, 132, 100, 101, 453]
[901, 902]
[306, 307]
[606, 133]
[1254, 183, 195]
[115, 1233]
[419, 132, 100, 101, 1290]
[107, 108]
[14, 1031]
[633, 229, 555]
[420, 401]
[1043, 129]
[100, 101, 1039]
[606, 100, 101, 1290]
[39, 79, 191, 192]
[688, 689]
[45, 46]
[268, 269]
[674, 675, 792, 795]
[57, 381]
[374, 513]
[561, 562]
[1254, 183, 195, 987]
[124, 557, 1399]
[414, 415, 0, 1, 1198]
[665, 132, 1220]
[1311, 25, 213]
[1373, 1374]
[675, 792, 816]
[89, 5]
[229, 230]
[906, 202, 1068]
[214, 100, 101, 1039]
[522, 39, 79, 191, 268]
[235, 202, 100, 101, 1039, 1057]
[754, 134, 135, 1459]
[179, 1429]
[10, 11]
[1426, 1427]
[451, 452]
[898, 553, 554, 1239]
[415, 0]
[1082, 567]
[39, 30, 1026]
[382, 25, 1034]
[39, 30, 31, 355]
[787, 493, 769]
[325, 56]
[661, 157]
[351, 1120]
[210, 865]
[1108, 519, 75, 735, 490]
[73, 755, 1, 681]
[18, 1065]
[674, 675, 792]
[314, 190]
[792, 816]
[39, 30, 266, 178]
[798, 799]
[43, 100, 101, 167]
[674, 675, 792, 793]
[275, 490, 491]
[749, 659]
[559, 506, 337]
[1333, 110]
[374, 1287]
[965, 966]
[92, 202, 100, 101, 453]
[543, 544, 129]
[227, 593]
[1206, 293, 294]
[519, 623]
[1275, 298]
[18, 1375]
[538, 545]
[39, 30, 31, 1221]
[1094, 100]
[32, 202, 100, 101, 1391]
[692, 1146, 376, 805, 1207]
[1098, 592, 367]
[200, 5]
[526, 527]
[18, 19]
[325, 58]
[289, 1402]
[224, 364]
[651, 652]
[231, 232]
[83, 550, 630, 822]
[1276, 1277]
[403, 183, 184]
[39, 30, 38]
[559, 1033]
[897, 797, 100, 101, 1391]
[237, 58]
[1382, 1070]
[395, 189, 1331]
[1176, 173]
[420, 1328]
[475, 635]
[541, 542]
[1206, 293, 951]
[393, 1416]
[370, 1074]
[20, 21]
[196, 721]
[859, 100, 101, 1463]
[202, 100, 101, 1039]
[665, 132, 100, 101, 1391]
[149, 783]
[973, 1, 1198]
[185, 186, 713]
[636, 637]
[285, 286]
[12, 923]
[85, 86]
[494, 9]
[880, 417, 923]
[30, 31, 381]
[526, 376, 805, 1207]
[728, 729]
[1175, 5]
[414, 415, 0, 1, 681, 682]
[39, 1474]
[602, 578]
[1102, 501, 299]
[486, 103]
[744, 745]
[39, 30, 31, 42]
[1173, 163]
[759, 335]
[124, 1062]
[195, 987]
[132, 100, 101, 1039]
[1, 1198, 629, 682]
[400, 168]
[488, 489]
[761, 762]
[323, 376, 805, 1207]
[614, 133]
[424, 741]
[262, 678]
[216, 217, 394]
[522, 39, 30, 17, 659]
[618, 163]
[74, 0, 1]
[543, 544, 554, 1020]
[79, 191, 900]
[138, 1221]
[1105, 267]
[1108, 519, 9]
[1267, 1268]
[514, 205, 299]
[376, 1134]
[25, 471]
[107, 1387]
[233, 1087]
[395, 58]
[0, 629, 342, 343]
[380, 151]
[1337, 25, 1362]
[519, 9]
[75, 270]
[1323, 633, 229, 555]
[550, 630, 1140]
[572, 190]
[1385, 1386]
[903, 904]
[1086, 132, 100, 101, 1463]
[287, 861]
[18, 971]
[924, 925]
[181, 528]
[1417, 358]
[602, 578, 227]
[898, 553, 554]
[460, 170]
[83, 550, 630]
[1043, 66]
[1324, 1325]
[172, 310]
[1297, 210, 865]
[291, 195]
[1264, 571]
[559, 506, 125]
[720, 721]
[602, 539]
[317, 5]
[304, 305]
[758, 132, 100, 101, 1039]
[797, 100, 101, 142]
[240, 506, 151]
[1316, 974]
[522, 39, 79, 191, 935]
[1121, 500]
[758, 132, 133]
[1249, 1250]
[395, 56]
[393, 217, 394]
[880, 417, 299]
[414, 415, 0, 1, 1198, 629, 342, 343]
[602, 578, 227, 579]
[391, 79, 191, 524]
[446, 75, 735]
[522, 39, 30, 286]
[696, 195, 987]
[414, 415]
[506, 151]
[6, 842]
[675, 792]
[573, 719]
[602, 578, 227, 228]
[30, 17, 802]
[59, 60]
[73, 74, 0, 681, 682]
[159, 160]
[653, 654, 488, 489]
[1053, 132, 133]
[266, 448]
[415, 0, 681]
[235, 202, 100]
[666, 185, 1466]
[1088, 1089]
[245, 246, 606, 100, 101, 1463]
[75, 184]
[1414, 268]
[906, 202]
[937, 358, 359]
[1417, 358, 359]
[848, 945]
[534, 5]
[39, 79, 191, 268, 269]
[1185, 101, 1039]
[49, 727, 792]
[368, 1204]
[676, 82]
[687, 1418]
[344, 649]
[47, 753]
[779, 780]
[320, 321]
[722, 106]
[538, 484, 1072]
[1047, 301]
[927, 928]
[651, 919]
[172, 86]
[1053, 132, 100, 101, 453]
[334, 100, 101, 453]
[386, 454]
[519, 5]
[1009, 1010]
[201, 837]
[403, 183, 195, 826]
[75, 735, 490]
[1069, 29]
[135, 327]
[1195, 1013, 1014]
[880, 417]
[447, 102]
[906, 202, 100, 101, 1463]
[214, 100, 101, 1039, 1057]
[866, 659]
[132, 100]
[245, 246, 606, 261]
[1090, 792, 816, 817]
[544, 975, 1377]
[201, 202, 100, 101, 1039, 1057]
[522, 39, 30, 380, 381]
[519, 75, 184]
[1355, 71, 72]
[281, 96]
[1099, 195]
[245, 246, 606, 66]
[266, 1285]
[189, 1331]
[851, 852]
[602, 578, 228]
[30, 1026]
[344, 518]
[414, 973, 1, 681, 682]
[39, 30, 895]
[783, 1450]
[302, 5]
[519, 75, 270]
[100, 101]
[665, 132, 100, 101, 1039]
[77, 78]
[758, 132, 261]
[632, 633, 229, 230]
[202, 100, 101, 142]
[101, 1290]
[365, 358]
[24, 25, 213]
[412, 1049]
[1086, 1150, 66]
[707, 265]
[819, 25, 471]
[1301, 1209]
[43, 100, 101, 1463]
[334, 3]
[210, 211]
[1094, 100, 101, 1039, 1057]
[436, 1061]
[74, 0, 681]
[602, 578, 579]
[1180, 25, 236]
[1296, 553, 554, 1020]
[42, 363]
[417, 363]
[71, 72]
[382, 1003]
[859, 100]
[0, 629, 342]
[183, 195, 826]
[606, 100, 101, 167]
[522, 39, 392]
[1103, 1476]
[1126, 677]
[295, 1141]
[522, 39, 30, 31, 42]
[543, 544, 554, 1239]
[957, 1356]
[943, 944]
[16, 17, 659]
[39, 30, 360]
[85, 173]
[16, 316]
[646, 484]
[419, 132, 100, 101, 1463]
[897, 797, 100, 101]
[344, 44]
[224, 764]
[886, 75, 735, 490, 857]
[1422, 1423]
[240, 433]
[25, 1362]
[544, 554, 1020]
[403, 183, 1393]
[1211, 1212]
[663, 216, 217]
[722, 723]
[246, 606, 100, 101, 167]
[897, 797]
[1227, 183, 1393]
[39, 79, 191, 597]
[16, 533]
[812, 196]
[25, 213]
[191, 597]
[1146, 376, 775]
[963, 563]
[1348, 797, 100, 101, 142]
[39, 989]
[1215, 1292]
[1477, 888]
[378, 601]
[825, 628]
[266, 1335]
[32, 202, 100, 101, 167]
[606, 100, 101, 1463]
[30, 17]
[454, 358]
[1296, 553, 554]
[598, 381]
[986, 888]
[1079, 25]
[1224, 554, 1478]
[833, 834]
[1255, 1256]
[30, 286]
[43, 100, 101, 1039, 1057]
[87, 1283]
[819, 25, 1034]
[148, 149, 496]
[750, 598]
[100, 101, 453]
[92, 202, 100, 101]
[1225, 100, 101, 1463]
[1185, 101, 167]
[39, 190]
[414, 415, 0, 1, 681]
[499, 301]
[773, 702]
[16, 531]
[642, 480]
[727, 792, 816, 817]
[73, 755, 1]
[504, 5]
[1472, 581]
[1186, 1187]
[758, 132, 100, 101]
[915, 1370]
[1293, 358]
[816, 817]
[514, 205, 603]
[18, 794]
[857, 491]
[662, 356, 1336]
[859, 100, 101, 1290]
[446, 75, 204]
[666, 185, 552]
[755, 1, 1198, 629, 682]
[758, 132, 100, 101, 142]
[519, 75, 735, 490, 491]
[1254, 183]
[797, 100]
[1, 1198, 629, 342, 343]
[526, 376, 1398]
[334, 100, 101, 142]
[611, 612]
[825, 976]
[1053, 132, 100, 101, 142]
[469, 470]
[1094, 100, 101, 1391]
[92, 202, 100, 101, 1391]
[1424, 29]
[1327, 659]
[960, 301]
[75, 1367]
[704, 705]
[758, 132, 100, 101, 1039, 1057]
[675, 795]
[808, 163]
[1279, 82]
[908, 909]
[1206, 293]
[1060, 500]
[881, 14, 719]
[202, 100, 101, 1290]
[138, 364]
[965, 1154]
[1394, 100, 101, 1039, 1057]
[376, 1398]
[970, 638, 639]
[132, 100, 101, 1290]
[526, 376, 1134]
[1108, 519, 204]
[101, 142]
[730, 316]
[554, 1239]
[629, 682]
[718, 224, 764]
[830, 831]
[1222, 66]
[51, 615]
[526, 93]
[202, 100, 101, 453]
[665, 66]
[573, 104]
[692, 1146, 376, 408]
[1421, 298]
[39, 30, 17, 1029]
[475, 241]
[522, 896, 1409]
[24, 25, 1034]
[1198, 629]
[24, 25, 471]
[34, 35]
[526, 674, 675, 792, 816, 817]
[881, 14, 492]
[502, 503]
[243, 1303]
[100, 101, 1391]
[85, 396]
[124, 557]
[814, 815]
[819, 25, 213]
[85, 178]
[148, 149, 451]
[797, 100, 101, 1463]
[1416, 394]
[534, 9]
