[29, 222]
[388, 529]
[554, 5]
[821, 1489]
[1158, 465]
[633, 969]
[669, 209]
[1137, 89]
[62, 335]
[530, 212]
[1342, 1289]
[457, 5]
[62, 553]
[1159, 516]
[171, 871]
[651, 511]
[220, 1518]
[29, 489]
[1215, 5]
[130, 131]
[638, 837]
[633, 61]
[54, 55]
[533, 534]
[1285, 623]
[100, 968]
[82, 281]
[261, 262]
[847, 848]
[528, 197]
[286, 656]
[1008, 146]
[522, 129]
[1004, 1065]
[481, 596]
[14, 216]
[659, 27]
[625, 65]
[213, 1084]
[493, 419]
[70, 71]
[853, 175]
[1088, 562]
[285, 278]
[891, 137]
[806, 99]
[236, 615]
[212, 973]
[18, 1147]
[702, 641]
[633, 151]
[289, 290]
[94, 95]
[1357, 29]
[1512, 1507]
[765, 330]
[1094, 312]
[198, 199]
[1030, 1031]
[1406, 1407]
[92, 1257]
[622, 623]
[642, 3]
[530, 1445]
[21, 607]
[134, 1007]
[240, 241]
[179, 180]
[402, 469, 371]
[1045, 3]
[763, 764]
[82, 83]
[1381, 115]
[66, 67]
[766, 1336]
[627, 951]
[827, 211]
[1098, 1099]
[493, 635]
[20, 689]
[30, 1085]
[1141, 1526]
[528, 65]
[994, 1404]
[711, 712]
[44, 1027]
[739, 740]
[625, 397]
[246, 65]
[256, 257]
[242, 1360]
[437, 492]
[821, 1001]
[1346, 1031]
[1319, 1320]
[136, 1260]
[554, 9]
[52, 787]
[457, 9]
[384, 1116]
[37, 397]
[623, 367]
[932, 679]
[881, 983]
[132, 89]
[916, 434]
[18, 1105]
[842, 843]
[904, 905]
[1004, 1240]
[585, 586]
[188, 189]
[1215, 9]
[314, 516]
[338, 197]
[1213, 797]
[844, 1033]
[14, 960]
[844, 632]
[1185, 107]
[732, 733]
[1045, 1046]
[1146, 535]
[1502, 340]
[1087, 516]
[366, 367]
[1, 1237]
[203, 204]
[521, 29]
[2, 3]
[305, 990]
[558, 35]
[208, 99]
[295, 1063]
[700, 701]
[696, 192]
[90, 419]
[202, 859]
[836, 29]
[1274, 456]
[208, 887]
[1466, 1467]
[207, 5]
[192, 1513]
[394, 626]
[1237, 654]
[681, 537]
[1220, 29]
[579, 1511]
[299, 893]
[513, 1134]
[493, 91]
[1259, 175]
[1250, 1251]
[434, 960]
[868, 5]
[198, 616]
[1339, 395]
[1281, 1282]
[1274, 780]
[282, 283]
[1143, 1038]
[299, 300]
[493, 1283]
[140, 141]
[21, 805]
[29, 245]
[92, 180]
[316, 941]
[920, 921]
[26, 27]
[535, 211]
[145, 1354]
[669, 99]
[1152, 415]
[422, 509]
[547, 1490]
[62, 1019]
[565, 527]
[205, 235]
[303, 304]
[476, 477]
[1186, 969]
[297, 298]
[669, 976]
[625, 63]
[726, 857]
[134, 1003]
[633, 634]
[75, 9]
[759, 760]
[436, 136]
[130, 725]
[1068, 53]
[494, 312]
[92, 202]
[279, 280]
[502, 1114]
[142, 197]
[1181, 283]
[212, 313]
[695, 1262, 73]
[81, 0]
[858, 1015]
[510, 9]
[1042, 1043]
[505, 184]
[1148, 1149]
[39, 586]
[1306, 1307]
[1194, 349]
[350, 61]
[286, 1297]
[309, 310]
[213, 214]
[386, 387]
[242, 999]
[459, 5]
[636, 1020]
[1491, 9]
[167, 912]
[700, 216]
[139, 1508]
[417, 418]
[386, 1505]
[439, 1376]
[493, 108]
[523, 524]
[696, 697]
[917, 1481]
[1323, 312]
[18, 825]
[327, 169]
[1087, 315]
[208, 209]
[12, 1252]
[922, 82]
[1167, 1168]
[267, 268]
[1482, 1116]
[128, 736]
[504, 250]
[595, 596]
[249, 522]
[396, 197]
[726, 727]
[328, 143]
[614, 381]
[898, 1078]
[965, 1081]
[338, 377]
[1135, 614]
[765, 689]
[307, 413]
[1004, 1192]
[359, 63]
[1381, 397]
[229, 40]
[392, 137]
[629, 1272]
[1420, 1421]
[86, 1519]
[136, 270]
[688, 546]
[1342, 1193]
[1266, 61]
[0, 1]
[1111, 35]
[617, 618]
[1364, 115]
[676, 615]
[844, 178]
[18, 184]
[473, 9]
[424, 425]
[36, 348]
[382, 433]
[828, 1309]
[713, 430]
[307, 878]
[316, 5]
[277, 278]
[242, 1126]
[946, 947]
[1202, 1203]
[1028, 1411]
[429, 430]
[718, 241]
[219, 1249]
[342, 1196]
[396, 397]
[249, 1195]
[198, 630]
[292, 293]
[681, 959]
[294, 283]
[1236, 1237]
[24, 1151]
[30, 31]
[976, 421]
[543, 544]
[535, 82]
[1004, 1061]
[1218, 1219]
[167, 168]
[889, 270]
[579, 745]
[36, 650]
[307, 1156]
[0, 654]
[863, 864]
[994, 1026]
[1166, 709]
[1221, 709]
[90, 108]
[106, 468]
[510, 944, 9]
[1244, 305]
[192, 1226]
[314, 315]
[1397, 830]
[82, 191]
[749, 750]
[10, 1329]
[581, 963]
[301, 1452]
[597, 598]
[18, 1010]
[6, 1034]
[535, 656]
[10, 1414]
[956, 957]
[62, 397]
[286, 287]
[167, 1079]
[420, 190]
[518, 519]
[165, 486]
[338, 397]
[593, 109]
[493, 127]
[1271, 1272]
[176, 177]
[483, 89]
[1076, 501]
[753, 754]
[307, 308]
[589, 797]
[128, 606]
[509, 802]
[496, 497]
[249, 610]
[408, 409]
[297, 65]
[323, 324]
[273, 320]
[203, 754]
[627, 628]
[817, 35]
[821, 1040]
[36, 1097]
[1444, 61]
[128, 73]
[1454, 1455]
[236, 237]
[589, 780]
[1275, 1298]
[64, 65]
[21, 689]
[1177, 173]
[94, 706]
[652, 653]
[8, 9]
[434, 376]
[92, 133]
[282, 35]
[380, 381]
[898, 899]
[655, 855]
[909, 1078]
[838, 1322]
[155, 351]
[233, 169]
[393, 838]
[316, 1488]
[997, 315]
[16, 506]
[72, 73]
[994, 113]
[1270, 89]
[254, 255, 633]
[898, 1355]
[751, 456]
[48, 49]
[1011, 1109]
[56, 57]
[889, 137]
[80, 789]
[775, 776]
[672, 1522]
[90, 661]
[592, 377]
[147, 148]
[659, 238]
[931, 1150]
[46, 397]
[777, 99]
[510, 477]
[346, 347]
[297, 115]
[1225, 1226]
[427, 428]
[332, 143]
[286, 1528]
[839, 689]
[57, 1017]
[917, 1291]
[686, 687]
[542, 202]
[92, 93]
[417, 175]
[719, 964]
[1140, 878]
[64, 63]
[1130, 826]
[61, 106]
[207, 35]
[327, 456]
[639, 5]
[1369, 659]
[84, 85]
[872, 873]
[142, 143]
[1002, 583]
[410, 397]
[10, 99]
[1514, 1515]
[1321, 1242]
[1475, 5]
[223, 224]
[920, 1509]
[490, 491]
[883, 823]
[600, 1060]
[681, 682]
[289, 30]
[119, 1493]
[856, 857]
[155, 902]
[102, 156]
[1213, 169]
[18, 743]
[325, 326]
[768, 156]
[82, 211]
[336, 735]
[748, 42]
[398, 1039]
[277, 977]
[76, 77]
[68, 69]
[84, 341]
[1100, 516]
[134, 135]
[466, 467]
[844, 211]
[821, 1096]
[535, 1408]
[41, 709]
[799, 1460]
[126, 127]
[82, 774, 656]
[128, 382]
[846, 1038]
[205, 538]
[171, 172]
[212, 1334]
[1028, 1027]
[757, 758]
[365, 456]
[655, 1178]
[277, 185]
[984, 985]
[90, 571]
[275, 276]
[717, 151]
[1437, 61]
[504, 661]
[1058, 415]
[328, 1164]
[821, 1405]
[986, 349]
[90, 1352]
[273, 274]
[223, 315]
[60, 151]
[233, 234]
[443, 444]
[277, 1383]
[1073, 9]
[124, 782]
[592, 115]
[1119, 29]
[12, 13]
[791, 136]
[328, 197]
[1380, 413]
[1241, 1242]
[772, 773]
[441, 778]
[136, 151]
[393, 1456]
[535, 649]
[720, 1121]
[437, 438]
[75, 178]
[359, 115]
[209, 61]
[165, 166]
[619, 463]
[134, 593]
[249, 446]
[898, 1110]
[88, 89]
[1210, 1211]
[753, 5]
[384, 643]
[36, 37]
[232, 63]
[992, 993]
[52, 53]
[542, 463]
[60, 173]
[713, 1067]
[917, 113]
[398, 583]
[81, 1150]
[94, 158]
[338, 115]
[998, 516]
[98, 870]
[866, 867]
[1141, 1142]
[1157, 312]
[459, 656]
[686, 1153]
[883, 826]
[609, 487, 488]
[1235, 885]
[1375, 689]
[1267, 1239]
[36, 341]
[953, 418]
[124, 125]
[676, 502]
[32, 33]
[647, 648]
[6, 875]
[128, 1102]
[233, 780]
[16, 17]
[974, 869]
[44, 1524]
[874, 875]
[1160, 1161]
[212, 199]
[976, 1013]
[493, 250]
[1125, 709]
[94, 1328]
[66, 1500]
[929, 930]
[1254, 1347]
[707, 823]
[361, 362]
[464, 352]
[777, 778]
[484, 485]
[540, 811]
[1021, 1022]
[522, 158]
[233, 456]
[155, 1446]
[574, 1056]
[1104, 405]
[1419, 9]
[18, 563]
[210, 133]
[1498, 109]
[179, 413]
[794, 795]
[1310, 1311]
[948, 312]
[573, 574]
[658, 659]
[830, 61]
[374, 375]
[217, 900]
[1430, 405]
[336, 337]
[915, 283]
[359, 680]
[1205, 1206]
[36, 298]
[997, 516]
[1389, 1390]
[238, 239]
[359, 377]
[297, 397]
[987, 413]
[16, 109]
[344, 345]
[1159, 315]
[488, 508]
[145, 146]
[190, 211]
[1170, 710]
[160, 253]
[192, 807]
[454, 455]
[57, 444]
[1295, 1296]
[350, 553]
[629, 566]
[247, 248]
[167, 557]
[390, 391]
[162, 163]
[263, 264]
[471, 472]
[182, 115]
[36, 277]
[179, 93]
[967, 705]
[190, 694]
[431, 1012]
[986, 1154]
[584, 9]
[1224, 106]
[1368, 969]
[1275, 986]
[6, 7]
[946, 1103]
[592, 197]
[734, 478]
[1131, 278]
[564, 565]
[1399, 397]
[926, 298]
[155, 170]
[20, 330]
[154, 155]
[41, 42]
[892, 893]
[198, 279]
[210, 906]
[579, 1071]
[692, 369]
[1312, 591]
[884, 885]
[1127, 1189, 73]
[365, 278]
[1082, 133]
[633, 137]
[119, 1276]
[429, 714]
[728, 202]
[936, 830]
[18, 1501]
[152, 153]
[408, 86]
[543, 393]
[36, 185]
[1074, 63]
[10, 870]
[192, 671]
[481, 482]
[1462, 279]
[134, 576]
[29, 1410]
[106, 174]
[856, 1398]
[565, 413]
[490, 1499]
[134, 249]
[48, 61]
[844, 890]
[1222, 1223]
[179, 324]
[1306, 608]
[592, 397]
[644, 169]
[36, 933]
[820, 509]
[852, 29]
[1123, 684]
[273, 710]
[707, 826]
[72, 114]
[1386, 107]
[1256, 1257]
[1480, 1257]
[698, 1165]
[271, 272]
[297, 9]
[1345, 9]
[1021, 1245]
[359, 49]
[1391, 312]
[555, 5]
[447, 448]
[674, 675]
[940, 5]
[536, 716]
[1342, 115]
[676, 677]
[840, 501]
[1233, 312]
[751, 233]
[666, 667]
[988, 989]
[96, 97]
[978, 979]
[44, 197]
[1004, 1005]
[543, 706]
[581, 582]
[16, 1066]
[198, 939]
[1200, 1201]
[307, 133]
[473, 474]
[295, 444]
[626, 3]
[768, 769]
[371, 372]
[748, 709]
[44, 45]
[995, 996]
[683, 684]
[336, 778]
[4, 5]
[695, 73]
[1000, 501]
[619, 202]
[785, 786]
[1107, 1108]
[160, 161]
[20, 335]
[20, 553]
[526, 133]
[355, 356]
[439, 418]
[136, 137]
[411, 226]
[1127, 136]
[739, 1300]
[102, 1138]
[498, 9]
[223, 516]
[236, 1060]
[128, 129]
[217, 615]
[388, 1199]
[24, 25]
[865, 298]
[998, 315]
[134, 115]
[590, 591]
[18, 1438]
[16, 587]
[1353, 497]
[128, 1304]
[881, 954]
[525, 1418]
[894, 895]
[1278, 1279]
[462, 202]
[577, 159]
[676, 566]
[36, 1356]
[58, 641]
[629, 560]
[295, 296]
[244, 869]
[75, 35]
[751, 63]
[396, 63]
[530, 660]
[881, 882]
[321, 322]
[579, 805]
[907, 908]
[205, 244]
[238, 878]
[1128, 1129]
[695, 136]
[378, 371]
[604, 274]
[567, 568]
[338, 65]
[612, 1363]
[1125, 42]
[958, 312]
[208, 870]
[633, 73]
[117, 118]
[384, 385]
[200, 1169]
[698, 699]
[724, 725]
[844, 5]
[104, 105, 371]
[457, 458]
[828, 1315]
[92, 308]
[342, 343]
[360, 3]
[328, 332]
[46, 47]
[14, 313]
[62, 63]
[530, 15]
[1133, 61]
[134, 1477]
[165, 566]
[307, 1257]
[30, 334]
[155, 512]
[656, 657]
[574, 1527]
[128, 66]
[766, 767]
[1266, 1286]
[295, 72]
[396, 65]
[1447, 395]
[459, 82]
[600, 236]
[475, 177]
[494, 495]
[227, 446]
[227, 228]
[1155, 133]
[244, 1326]
[1075, 793]
[54, 679]
[564, 906]
[277, 463]
[1011, 372]
[86, 87]
[18, 266]
[719, 583]
[289, 1424]
[54, 762, 823]
[1327, 89]
[917, 16]
[443, 9]
[591, 450]
[759, 113]
[876, 877]
[897, 89]
[970, 971]
[393, 1175]
[305, 306]
[48, 115]
[183, 9]
[1032, 1214]
[600, 237]
[792, 113]
[1037, 1038]
[37, 368]
[90, 91]
[1254, 1255]
[39, 729]
[638, 163]
[1186, 1191]
[64, 115]
[452, 1409]
[229, 783]
[633, 270]
[398, 29]
[58, 59]
[1216, 180]
[569, 570]
[233, 63]
[261, 608]
[136, 61]
[559, 502]
[638, 519]
[1091, 330]
[672, 673]
[236, 601]
[190, 191]
[179, 308]
[909, 910]
[1433, 1434]
[212, 701]
[295, 1052]
[1012, 1]
[112, 1212]
[212, 616]
[98, 99]
[192, 339]
[37, 47]
[167, 1190]
[462, 463]
[755, 756]
[22, 23]
[1035, 278]
[844, 9]
[488, 1347]
[799, 1507]
[10, 38]
[515, 516]
[1471, 35]
[1166, 42]
[36, 1217]
[1395, 1396]
[238, 413]
[535, 1494]
[678, 371]
[179, 878]
[1209, 35]
[307, 202]
[1441, 5]
[244, 209]
[50, 949]
[56, 116]
[861, 270]
[402, 1372]
[311, 312]
[205, 38]
[1358, 1517]
[1082, 73]
[106, 144]
[759, 905]
[205, 379]
[291, 100]
[329, 689]
[636, 729]
[1227, 241]
[52, 1038]
[724, 1184, 393]
[577, 578]
[452, 453]
[194, 1126]
[94, 1176]
[693, 225, 226]
[289, 549]
[196, 197]
[619, 878]
[242, 243]
[381, 1492]
[92, 878]
[806, 442]
[392, 270]
[1478, 643]
[1388, 352]
[44, 86]
[36, 1328]
[481, 320]
[186, 1476]
[62, 65]
[20, 548]
[1442, 943]
[1288, 1289]
[865, 63]
[18, 1044]
[316, 990]
[1387, 371]
[363, 216]
[720, 1436]
[36, 534]
[543, 95]
[217, 218]
[329, 1253]
[674, 903]
[1181, 35]
[1349, 35]
[449, 450]
[1100, 315]
[806, 735]
[198, 973]
[1304, 1305]
[518, 945]
[481, 761]
[134, 164]
[470, 89]
[830, 1132]
[556, 397]
[94, 354]
[1012, 407]
[336, 393]
[783, 330]
[434, 313]
[1092, 136]
[685, 418]
[1520, 603]
[47, 376]
[708, 89]
[531, 532]
[536, 1113]
[123, 52]
[1483, 1484]
[595, 583]
[68, 548]
[746, 689]
[700, 313]
[94, 159]
[157, 5]
[110, 211]
[561, 562]
[651, 477]
[398, 834]
[350, 3]
[1028, 1029]
[1373, 1374]
[662, 663]
[102, 103]
[229, 230]
[841, 169]
[1304, 1308]
[540, 541]
[10, 1228]
[198, 539]
[388, 1332]
[10, 11]
[258, 9]
[1068, 1069]
[547, 243]
[536, 537]
[1127, 73]
[1059, 758]
[451, 5]
[60, 137]
[540, 1318]
[155, 466]
[119, 120]
[48, 397]
[186, 187]
[995, 1151]
[220, 1264]
[429, 1089]
[408, 197]
[1213, 456]
[579, 1124]
[794, 801]
[1047, 1048]
[1083, 9]
[828, 829]
[1392, 1393]
[110, 1435]
[158, 159]
[241, 280]
[246, 197]
[1266, 115]
[645, 646]
[1117, 371]
[1458, 1459]
[611, 661]
[64, 397]
[219, 115]
[1375, 13]
[21, 835]
[112, 113]
[198, 1334]
[965, 966]
[110, 349]
[543, 99]
[1004, 1183]
[328, 1487]
[62, 298]
[410, 197]
[112, 1361]
[1385, 29]
[37, 63]
[798, 514]
[205, 620]
[441, 442]
[154, 467]
[526, 527]
[437, 1115]
[1144, 1145]
[18, 19]
[359, 534]
[1091, 689]
[284, 61]
[512, 902]
[1403, 78, 79]
[810, 514]
[858, 653]
[499, 278]
[394, 395]
[1316, 1317]
[134, 1162]
[925, 9]
[493, 661]
[629, 600]
[434, 660]
[1265, 574]
[329, 330]
[20, 69]
[589, 456]
[410, 196]
[1221, 42]
[1468, 312]
[92, 413]
[410, 63]
[551, 552]
[20, 21]
[205, 972]
[205, 209]
[770, 771]
[273, 596]
[205, 403]
[1130, 823]
[636, 637]
[62, 143]
[217, 236]
[36, 1062]
[991, 115]
[36, 689]
[1131, 35]
[28, 29]
[212, 630]
[50, 51]
[626, 1080]
[57, 1163]
[323, 202]
[393, 808]
[1173, 1174]
[37, 65]
[744, 5]
[435, 89]
[821, 1293]
[121, 122]
[205, 206]
[1348, 1084]
[980, 981]
[10, 1207]
[922, 656]
[1426, 115]
[579, 888]
[400, 580]
[388, 1204]
[1301, 190]
[36, 1506]
[934, 477]
[410, 65]
[1333, 178]
[244, 99]
[269, 137]
[402, 371]
[1280, 385]
[579, 522]
[1185, 943]
[565, 133]
[202, 1025]
[1232, 61]
[406, 407]
[410, 298]
[106, 1335]
[783, 689]
[261, 631]
[789, 1150]
[80, 81]
[819, 151]
[104, 91]
[361, 1495]
[854, 89]
[68, 553]
[1090, 9]
[581, 371]
[911, 912]
[333, 35]
[126, 1188]
[1324, 1325]
[60, 61]
[1370, 1371]
[1368, 1191]
[593, 752]
[12, 352]
[481, 710]
[577, 1449]
[393, 1448]
[627, 790]
[44, 36]
[46, 143]
[246, 143]
[411, 1344]
[1358, 1359]
[396, 158]
[720, 721]
[789, 1]
[332, 397]
[1503, 1504]
[818, 896]
[1294, 97]
[452, 1101]
[1362, 1013]
[1186, 114]
[1432, 1153]
[369, 1384]
[937, 938]
[277, 35]
[82, 793]
[269, 270]
[410, 143]
[142, 397]
[922, 5]
[500, 501]
[554, 178]
[328, 955]
[439, 440]
[711, 781]
[940, 283]
[1106, 477]
[188, 632]
[1234, 1287]
[233, 377]
[1200, 1273]
[388, 389]
[462, 413]
[602, 603]
[21, 1064]
[414, 415]
[1400, 1401]
[1461, 1026]
[307, 180]
[134, 231]
[913, 1292]
[770, 1529]
[779, 278]
[917, 1086]
[121, 1450]
[8, 796]
[226, 412]
[525, 362]
[97, 340]
[1416, 945]
[411, 412]
[853, 348]
[535, 9]
[540, 888]
[10, 421]
[1016, 501]
[98, 887]
[1074, 115]
[209, 1109]
[98, 209]
[20, 1253]
[220, 221]
[215, 689]
[1222, 1367]
[194, 195]
[931, 537]
[346, 465]
[929, 1516]
[611, 1290]
[821, 886]
[215, 13]
[205, 1207]
[106, 1440]
[927, 928]
[82, 1415]
[434, 15]
[540, 624]
[422, 423]
[715, 716]
[1473, 1474]
[633, 1036]
[961, 1055]
[1032, 1033]
[846, 53]
[398, 399]
[565, 574]
[1051, 55]
[29, 1070]
[110, 111]
[309, 1179]
[1095, 133]
[223, 61]
[666, 1120]
[408, 35]
[1338, 371]
[39, 40]
[702, 703]
[462, 878]
[543, 952]
[58, 418]
[961, 962]
[1439, 943]
[1523, 197]
[1136, 202]
[299, 383]
[58, 833]
[254, 1231]
[134, 169]
[134, 1429]
[513, 514]
[512, 466]
[922, 9]
[1472, 649]
[411, 851]
[291, 9]
[1023, 924]
[188, 349]
[891, 270]
[1377, 1378]
[233, 115]
[100, 101]
[799, 800]
[1402, 1287]
[40, 181]
[60, 270]
[655, 1120]
[14, 376]
[10, 379]
[1054, 1055]
[669, 670]
[76, 107]
[284, 115]
[535, 5]
[464, 13]
[879, 880]
[600, 601]
[1104, 1112]
[177, 245]
[317, 29]
[417, 933]
[571, 1120]
[520, 5]
[210, 211]
[559, 560]
[1431, 764]
[940, 949]
[179, 133]
[307, 93]
[980, 1423]
[36, 43]
[504, 108]
[535, 1394]
[803, 804]
[183, 478]
[92, 185]
[464, 1064]
[510, 511]
[36, 396]
[856, 1451]
[16, 752]
[54, 1331]
[162, 945]
[58, 1258]
[612, 613]
[1365, 1366]
[94, 952]
[579, 1193]
[1055, 1178]
[400, 401]
[1269, 1043]
[722, 723]
[0, 715]
[1263, 35]
[1496, 623]
[94, 54]
[198, 265]
[926, 397]
[918, 919]
[1229, 1230]
[316, 283]
[1403, 1034]
[10, 209]
[297, 143]
[1350, 1351]
[1465, 371]
[10, 403]
[10, 972]
[46, 63]
[382, 1243]
[1299, 859]
[165, 741]
[417, 341]
[1, 715]
[812, 813]
[1268, 190]
[18, 445]
[36, 21]
[861, 137]
[60, 1024]
[18, 1422]
[1254, 1337]
[823, 826]
[1182, 97]
[512, 467]
[36, 373]
[1302, 1303]
[550, 89]
[479, 480]
[913, 914]
[233, 797]
[249, 805]
[706, 707]
[574, 1284]
[892, 1427]
[970, 793]
[94, 735]
[275, 851]
[331, 5]
[128, 1093]
[142, 63]
[571, 655]
[788, 138, 139]
[540, 44]
[942, 943]
[611, 91]
[36, 397]
[585, 729]
[652, 1208]
[1006, 89]
[84, 175]
[359, 234]
[792, 109]
[10, 538]
[1186, 1187]
[1277, 511]
[200, 201]
[332, 197]
[37, 1261]
[441, 99]
[284, 950]
[515, 315]
[559, 566]
[821, 822]
[625, 115]
[926, 63]
[1216, 308]
[36, 63]
[381, 614]
[410, 1053]
[336, 1453]
[823, 824]
[18, 74]
[86, 198]
[654, 716]
[818, 283]
[1428, 319]
[862, 9]
[975, 371]
[14, 15]
[502, 615]
[956, 1081]
[1463, 397]
[212, 939]
[923, 924]
[238, 575]
[350, 329]
[139, 340]
[190, 1443]
[1140, 278]
[595, 1057]
[1525, 924]
[986, 61]
[1412, 1413]
[462, 349]
[704, 705]
[462, 107]
[457, 1340]
[627, 99]
[142, 1261]
[192, 599]
[565, 1479]
[369, 370]
[640, 137]
[792, 349]
[188, 211]
[277, 1330]
[815, 816]
[58, 982]
[858, 1208]
[1180, 793]
[753, 375]
[426, 89]
[1139, 197]
[831, 832]
[90, 250]
[1341, 217]
[44, 409]
[142, 377]
[653, 1015]
[1349, 278]
[604, 605]
[728, 349]
[36, 175]
[192, 572]
[481, 274]
[1306, 262]
[777, 1521]
[94, 99]
[190, 202]
[338, 63]
[145, 288]
[1238, 1239]
[936, 1018]
[149, 150]
[279, 1041]
[128, 577]
[1430, 1112]
[940, 941]
[1171, 1172]
[1485, 1486]
[891, 61]
[416, 89]
[286, 860]
[619, 107]
[316, 949]
[901, 689]
[34, 35]
[619, 349]
[106, 1510]
[713, 714]
[1469, 1470]
[179, 202]
[502, 503]
[838, 1246]
[46, 65]
[844, 203]
