1089,2 5
1089,1 1
510,1 1
1276,2 1
1276,1 1
1237,1 1
967,1 2
606,1 4
450,1 1
411,1 1
359,2 1
1364,1 1
359,1 1
8,1 2
546,1 1
390,1 2
1325,1 2
507,1 1
868,1 2
96,1 2
0,3 1
0,2 3
351,1 1
0,1 3
673,5 1
299,1 2
829,1 1
57,1 4
673,4 7
673,3 1
1130,1 1
486,1 1
673,2 5
673,1 3
18,1 15
634,1 1
291,1 3
821,1 1
1226,1 3
769,1 2
1070,1 2
956,1 1
252,1 1
10,1 3
1031,1 1
574,1 1
1353,1 1
348,1 1
896,1 1
1127,1 1
85,3 1
1314,1 1
85,2 3
340,4 1
85,1 9
153,1 1
340,3 7
340,2 4
340,1 4
1449,1 1
475,2 2
1480,1 1
475,1 1
114,1 2
662,2 1
249,6 1
301,1 1
662,1 1
249,5 7
249,4 1
249,3 8
249,2 1
249,1 2
1441,1 1
758,2 1
758,1 1
945,2 1
945,1 1
906,5 1
1194,1 2
189,1 2
906,4 7
1381,2 1
719,1 1
906,3 1
1381,1 1
376,1 3
906,2 2
906,1 2
563,1 3
750,1 1
1155,2 1
1155,1 1
698,1 1
337,1 2
1342,1 1
181,1 2
1116,1 1
74,4 1
659,1 3
74,3 3
74,2 3
846,1 1
74,1 2
142,1 2
1438,1 1
1095,1 2
277,2 3
1282,1 1
277,1 5
103,2 1
464,1 2
103,1 7
425,5 1
1056,1 2
425,4 7
1243,1 2
425,3 1
1430,2 1
612,4 1
425,2 5
1430,1 1
425,1 1
612,3 7
612,2 1
612,1 8
973,1 6
1204,4 1
1017,1 2
1204,3 7
1204,2 1
1204,1 1
178,1 1
708,1 1
552,1 1
139,1 2
1331,1 1
687,1 2
700,4 2
513,1 1
700,3 5
170,2 1
700,2 1
170,1 1
700,1 2
1279,1 1
648,2 1
648,1 1
63,1 1
492,1 3
1427,2 2
1427,1 1
24,2 5
266,1 2
1271,1 3
24,1 1
453,2 2
453,1 6
1045,1 1
588,1 2
775,1 1
1367,1 1
549,3 4
549,2 6
549,1 2
736,1 1
923,3 3
393,1 1
923,2 2
923,1 2
580,2 1
580,1 1
167,1 2
354,1 1
541,1 1
128,1 1
676,1 2
315,1 1
502,1 3
998,1 1
824,1 1
52,1 3
481,1 8
1260,1 1
442,1 3
216,4 1
216,3 7
1395,1 2
216,2 1
577,1 1
216,1 4
403,1 1
764,1 2
1169,1 1
951,1 2
1356,1 1
899,1 3
538,1 1
195,1 2
382,2 2
382,1 5
88,5 1
912,1 1
88,4 2
88,3 2
1317,1 2
88,2 5
88,1 11
156,1 2
343,1 1
49,4 1
891,1 1
49,3 3
49,2 1
49,1 4
117,1 3
478,1 2
304,1 2
1444,1 1
283,2 2
283,1 2
41,2 1
813,1 2
41,1 5
1405,1 1
948,1 1
244,2 1
244,1 1
792,1 1
1197,1 1
1023,1 1
1210,1 1
205,1 3
1158,1 2
1345,1 1
888,1 1
371,2 1
1119,3 9
371,1 1
1119,2 9
1119,1 1
1306,1 1
849,1 1
77,1 3
145,1 1
332,1 1
693,1 1
1098,1 1
1285,1 1
467,1 1
654,2 2
654,1 4
841,1 1
789,1 1
428,1 3
30,3 3
30,2 17
30,1 23
1207,1 1
420,5 1
937,1 1
420,4 2
233,1 4
420,3 3
420,2 3
420,1 2
781,1 3
1186,1 2
742,1 2
1334,1 2
329,1 6
516,1 2
1108,3 1
1108,2 1
360,1 2
1108,1 1
134,4 1
134,3 7
682,4 1
838,1 1
134,2 1
134,1 5
682,3 2
682,2 2
682,1 1
321,1 1
1274,1 1
1100,3 1
1100,2 2
1100,1 2
1048,1 1
1235,2 3
1235,1 1
778,1 1
417,1 1
604,1 1
965,1 3
739,1 2
222,2 3
222,1 3
1175,1 1
357,1 1
6,1 3
544,2 3
544,1 3
318,2 1
318,1 6
505,1 2
94,1 2
297,1 2
827,2 5
827,1 1
55,1 8
671,3 1
484,1 1
671,2 2
671,1 2
310,1 2
1076,1 1
16,2 4
16,1 9
445,1 1
1398,1 1
219,1 1
250,5 1
250,4 7
406,1 4
767,1 3
250,3 1
954,1 1
250,2 8
250,1 1
198,1 2
728,1 3
1351,1 1
346,1 1
1125,1 1
668,2 1
307,2 5
307,1 1
668,1 1
83,3 2
83,2 2
151,2 2
83,1 7
151,1 7
1291,1 1
816,1 1
1065,1 1
247,1 1
795,3 1
795,2 2
795,1 1
1026,2 1
1026,1 1
1213,1 1
208,1 2
187,2 1
187,1 8
1192,1 2
717,1 1
374,1 2
1309,3 3
1309,2 4
200,1 3
1309,1 1
148,1 1
1153,1 1
335,1 2
696,1 3
1340,1 2
1288,1 1
109,1 4
657,2 1
657,1 1
140,1 6
1093,3 1
1093,2 1
275,4 1
1093,1 1
805,4 1
275,3 7
979,1 2
805,3 7
275,2 1
805,2 1
275,1 3
805,1 2
101,2 1
462,1 1
101,1 1
1054,1 1
1241,1 1
236,1 1
784,1 1
423,1 5
1189,1 1
971,1 1
932,2 1
932,1 2
1337,1 1
706,2 1
1181,1 1
706,1 1
550,2 4
550,1 6
69,1 2
1142,1 1
324,1 3
511,2 5
511,1 1
1277,2 1
1277,1 1
646,1 2
1238,3 2
833,1 3
61,1 3
1238,2 5
490,1 3
1238,1 1
968,1 2
607,1 2
264,1 4
22,1 1
399,2 1
399,1 6
225,1 1
586,1 1
1230,1 1
773,1 3
960,1 1
1004,1 2
1365,1 1
1139,1 1
508,1 2
1,4 1
1,3 1
1,2 2
1,1 2
352,1 2
126,2 9
674,3 1
487,1 1
126,1 10
313,2 2
674,2 8
674,1 2
313,1 2
1079,1 1
500,1 4
1266,3 2
1266,2 5
1266,1 1
448,1 4
635,2 1
635,1 2
822,1 1
409,3 2
409,2 5
409,1 1
957,1 1
440,1 1
388,2 5
1393,1 1
388,1 5
1032,1 1
918,1 1
762,3 2
401,3 1
575,1 3
214,1 2
401,2 1
762,2 1
762,1 1
401,1 8
1167,1 1
1354,1 1
536,1 2
193,2 2
193,1 9
723,1 2
380,1 5
910,1 4
858,3 1
858,2 2
858,1 2
289,2 1
289,1 2
819,1 1
47,1 3
476,1 2
115,1 1
663,1 1
1068,1 1
1255,1 1
798,1 1
624,1 1
281,1 1
811,2 5
811,1 1
1029,1 2
1403,1 1
759,1 1
1060,1 1
242,3 2
946,1 2
242,2 3
242,1 5
790,1 1
203,5 1
907,3 3
203,4 7
907,2 1
1021,1 1
203,3 1
1382,1 1
907,1 3
203,2 2
203,1 4
751,1 1
525,2 9
886,1 2
525,1 9
712,1 2
1117,1 1
1478,1 1
75,3 3
75,2 1
75,1 7
691,1 1
1439,1 1
36,2 1
36,1 3
652,1 2
239,1 3
426,1 3
787,1 1
270,1 2
800,2 1
800,1 3
1205,1 1
748,1 3
935,1 2
231,1 4
1184,1 3
1371,1 1
327,3 2
1145,1 1
327,2 5
1332,1 1
327,1 5
875,1 1
171,1 1
649,5 1
649,4 7
1106,1 1
1467,1 1
649,3 1
649,2 4
132,4 2
649,1 4
132,3 4
836,1 2
132,2 8
493,1 1
132,1 15
680,1 1
1428,1 1
1085,2 1
1085,1 1
25,1 5
1046,1 2
1233,1 1
415,1 1
1420,1 1
602,2 2
963,1 2
602,1 5
1368,2 1
1368,1 2
1007,1 1
924,1 1
581,1 1
220,1 2
1329,1 1
1173,1 1
4,1 1
129,1 2
1321,1 1
92,2 1
503,1 2
864,1 2
92,1 1
1269,1 2
638,3 4
638,2 2
638,1 1
295,2 2
295,1 9
53,1 5
121,2 3
121,1 1
482,1 2
1417,1 1
1074,1 2
256,1 1
14,1 6
1396,1 1
578,1 4
1222,1 1
1357,1 1
726,2 6
196,1 2
726,1 3
383,1 2
913,1 1
570,1 1
1318,1 1
1162,1 1
531,2 2
531,1 2
666,1 1
1310,1 3
81,1 1
627,1 1
284,1 1
42,1 1
814,1 1
1063,5 1
471,1 1
1063,4 7
1063,3 1
1063,2 5
1063,1 1
245,1 1
793,1 2
432,1 2
1385,1 1
567,2 1
567,1 3
1159,1 4
1346,1 2
889,2 5
889,1 1
185,2 1
185,1 5
372,2 2
715,1 1
372,1 1
902,1 2
694,2 1
694,1 1
520,2 8
39,4 5
881,1 1
520,1 4
39,3 25
39,2 26
1112,2 1
39,1 7
1473,1 1
1112,1 2
107,1 3
1247,1 1
1434,1 1
977,1 1
31,2 1
273,1 2
1208,4 1
31,1 6
1208,3 2
460,2 1
1208,2 1
460,1 1
1208,1 1
421,4 1
595,1 3
421,3 3
421,2 3
421,1 1
1187,1 2
556,2 2
556,1 2
930,1 1
878,1 1
174,2 2
704,2 2
174,1 8
704,1 2
1109,2 2
1109,1 1
496,1 3
683,3 1
683,2 2
683,1 2
322,1 3
1088,3 1
1088,2 1
870,1 1
1088,1 1
28,1 1
457,1 1
1462,1 1
1101,1 2
644,1 1
1236,4 1
1049,1 1
1236,3 7
831,1 3
1236,2 1
1236,1 3
1423,1 1
418,1 3
262,1 2
20,1 1
397,4 2
397,3 9
397,2 3
397,1 4
1041,1 2
584,2 1
927,1 2
584,1 4
1002,1 1
1363,1 1
358,1 1
732,1 1
1137,1 2
867,4 1
1324,2 5
1324,1 1
867,3 7
319,1 3
867,2 1
867,1 3
163,1 5
350,1 7
828,1 2
124,1 2
1490,1 1
1264,1 1
17,1 5
1451,1 1
633,2 1
994,1 1
633,1 2
290,1 1
820,2 2
820,1 8
251,1 1
386,2 1
1391,1 1
386,1 5
212,2 3
916,1 2
212,1 4
1352,2 1
1352,1 1
895,2 10
191,2 1
534,1 1
895,1 4
191,1 2
721,1 1
1487,1 1
1313,2 1
1313,1 2
669,1 1
308,1 1
856,1 3
1448,1 1
287,1 6
1292,1 2
817,1 1
45,1 2
661,3 1
661,2 1
661,1 1
796,1 8
435,1 2
983,1 1
622,1 1
1027,1 1
757,1 2
944,1 1
240,1 1
188,1 1
905,1 1
201,1 4
1154,1 2
884,1 1
523,1 1
180,2 1
180,1 1
73,5 1
1115,1 2
73,4 2
73,3 3
73,2 3
73,1 2
1437,1 1
619,1 3
276,1 1
102,3 1
806,1 1
102,2 7
34,1 2
102,1 1
237,5 1
237,4 7
237,3 1
598,2 1
237,2 2
598,1 1
237,1 4
785,1 1
424,1 1
1377,1 1
559,2 3
559,1 1
746,1 1
177,1 1
707,1 1
364,1 1
138,2 2
499,2 1
1143,1 1
499,1 2
138,1 1
512,2 2
873,1 1
512,1 3
1104,4 1
1278,1 1
1104,3 7
1104,2 1
1104,1 1
1239,1 1
1426,1 1
608,3 1
608,2 4
969,1 1
608,1 4
452,2 10
452,1 3
226,1 8
413,1 1
600,1 1
961,1 1
735,3 1
735,2 3
392,2 1
735,1 1
392,1 3
98,1 3
2,1 1
540,1 3
59,1 2
488,1 1
90,5 1
1132,1 2
90,4 7
90,3 1
90,2 2
90,1 4
1267,1 1
636,1 3
293,1 1
51,2 3
51,1 2
1228,1 1
254,1 3
12,1 5
763,5 1
763,4 1
576,2 1
576,1 1
1220,1 1
763,3 2
763,2 2
763,1 2
898,1 1
724,1 2
1129,1 1
1316,1 1
87,1 2
859,1 1
155,1 1
890,2 6
890,1 5
1121,1 1
664,1 2
851,1 1
438,1 1
625,1 1
986,1 1
1217,2 2
1217,1 1
1061,1 2
1196,3 1
430,1 3
1196,2 7
1196,1 1
204,4 1
565,3 2
378,1 2
204,3 7
204,2 1
565,2 3
204,1 2
565,1 8
1157,3 2
752,1 1
1157,2 5
1157,1 1
1344,1 1
526,1 3
183,2 2
183,1 5
900,1 2
1305,2 1
1305,1 1
1097,5 1
1097,4 7
1097,3 1
1097,2 5
1097,1 3
279,1 4
466,2 1
37,1 1
1110,1 1
466,1 1
840,1 2
1058,1 1
1245,1 1
1432,1 1
614,1 1
975,1 1
1019,1 1
1206,2 1
1206,1 2
593,3 2
593,2 1
593,1 1
367,1 1
554,1 1
741,2 3
741,1 1
689,1 3
515,1 2
702,1 2
65,1 2
837,1 1
494,1 1
1429,1 1
1086,1 1
268,3 1
268,2 1
268,1 7
26,1 1
455,1 3
642,1 1
1047,1 1
229,1 4
1234,1 1
260,1 1
1008,1 1
738,1 2
395,1 1
1361,5 1
1361,4 7
1361,3 1
1361,2 2
356,2 3
356,1 2
1361,1 1
1000,1 3
543,1 1
730,1 3
317,1 2
678,1 3
93,1 1
865,1 1
161,1 4
1457,1 1
639,2 4
639,1 2
122,1 2
670,2 2
670,1 1
1262,2 1
1262,1 1
444,1 1
992,1 2
631,1 2
1397,1 1
766,5 1
218,2 1
766,4 7
218,1 1
766,3 1
579,1 2
766,2 5
1410,1 1
405,1 1
766,1 1
384,2 2
384,1 2
210,1 2
571,1 2
532,5 1
158,1 2
1350,2 5
532,4 2
1350,1 1
532,3 4
532,2 6
532,1 6
893,1 2
1485,1 1
119,1 2
306,1 6
150,3 1
854,1 1
150,2 7
150,1 2
1446,1 1
989,2 1
43,4 1
989,1 1
43,3 7
285,2 2
43,2 1
285,1 4
815,1 1
43,1 4
1407,4 1
472,1 1
1407,3 7
1407,2 1
1407,1 1
1064,1 1
981,5 1
981,4 1
794,1 1
981,3 2
981,2 2
1199,2 1
1199,1 1
620,1 1
981,1 2
1386,1 1
207,1 8
529,5 5
529,4 25
529,3 26
529,2 8
1191,2 5
529,1 7
1191,1 1
373,1 2
903,1 1
1308,3 3
1308,2 1
560,1 3
79,3 2
1308,1 1
79,2 9
79,1 3
695,1 3
521,1 1
1287,1 1
469,1 6
1113,1 2
1300,1 1
71,1 1
843,1 1
1248,1 1
1435,1 1
32,5 1
1092,2 1
978,2 1
32,4 7
1092,1 1
32,3 1
978,1 1
617,1 3
100,3 1
32,2 2
100,2 1
1209,3 1
804,1 1
32,1 9
461,1 1
100,1 2
1209,2 2
1209,1 1
1053,1 2
939,1 2
235,2 1
235,1 1
596,1 2
1240,1 1
1014,1 1
1201,1 1
744,1 1
1149,1 1
1336,3 4
1336,2 2
1336,1 1
518,1 2
1180,1 1
362,1 2
68,1 3
136,1 1
323,1 1
684,1 1
