[1202, 27, 478]
[58, 289]
[482, 621]
[227, 763]
[151, 152]
[1118, 57, 102, 1419]
[1084, 306]
[1197, 5]
[27, 216]
[124, 718]
[398, 82, 192, 606]
[1423, 57, 102]
[250, 251, 619, 954]
[640, 347, 348]
[874, 57, 102, 142]
[1120, 602]
[1058, 490]
[1282, 184, 194]
[923, 277]
[1057, 776]
[202, 203, 57]
[54, 55]
[648, 649]
[376, 377]
[941, 942]
[964, 1404]
[640, 347]
[1014, 1015]
[528, 40, 32, 271, 1364]
[82, 192, 273]
[278, 57, 102, 142]
[640, 698]
[314, 194, 1007]
[334, 335]
[1477, 105]
[217, 57]
[328, 368]
[547, 492, 1100]
[130, 243, 511, 151, 152]
[398, 82, 192, 1315]
[1214, 57, 102]
[528, 40, 32, 271, 453]
[1327, 1013]
[76, 772, 1, 697]
[78, 79]
[1118, 57, 102, 1060]
[100, 101, 361]
[138, 368]
[644, 645, 232, 403]
[86, 559, 641, 1160]
[267, 313]
[667, 940]
[1378, 813, 57, 102, 1316]
[173, 194, 842]
[422, 0, 1, 1219]
[149, 799, 1476]
[412, 498, 253, 254]
[1482, 1483]
[577, 780]
[400, 190]
[398, 82, 192]
[90, 690, 691, 806]
[1214, 57, 102, 142]
[20, 993]
[421, 994, 1, 1219, 640, 347, 348]
[40, 399]
[199, 203, 57, 102]
[401, 220]
[32, 33, 59]
[1247, 57]
[398, 82, 192, 956]
[600, 1344]
[1166, 383, 1155]
[378, 1484]
[607, 453]
[82, 83]
[94, 203, 57, 102, 142]
[1162, 776]
[793, 503]
[57, 102, 142]
[400, 191]
[251, 619, 1021]
[607, 103]
[449, 5]
[1077, 132, 264]
[1110, 132, 57, 102, 1316]
[512, 513]
[1249, 184, 194]
[531, 194]
[655, 203, 1093]
[1408, 310]
[22, 1135]
[1413, 1414]
[1444, 361, 362]
[27, 478]
[494, 178]
[226, 59]
[334, 1178]
[32, 331]
[1378, 813, 57, 102, 459]
[585, 586]
[501, 456]
[10, 527]
[1280, 842]
[130, 111]
[767, 609]
[528, 529]
[874, 264]
[319, 938]
[732, 733]
[90, 1309]
[100, 87]
[519, 206, 1315]
[124, 62]
[206, 1315]
[1095, 31]
[528, 40, 32, 675]
[990, 141]
[1054, 0, 1, 1219]
[857, 858]
[899, 424, 304]
[553, 1458]
[40, 82, 192, 193]
[203, 57, 102, 1316]
[501, 457]
[130, 243]
[130, 158]
[296, 194, 842]
[1077, 132, 133]
[298, 299]
[710, 840]
[1101, 361, 362]
[161, 1062]
[510, 27, 1053]
[767, 609, 387]
[827, 197, 737]
[1118, 57, 102]
[1410, 395]
[296, 861]
[482, 409]
[32, 19, 675]
[613, 773]
[615, 588, 230, 1042]
[206, 193]
[952, 953]
[130, 243, 1177]
[223, 766, 321]
[412, 413]
[282, 283]
[86, 559, 641]
[569, 361]
[819, 27]
[40, 32, 675]
[681, 132, 57, 102, 1060]
[874, 133]
[140, 141]
[220, 402]
[682, 186, 1208]
[1503, 191]
[19, 675]
[588, 230, 231]
[26, 27]
[169, 170]
[156, 157]
[919, 813, 57, 102, 459]
[18, 828]
[1131, 524, 1375]
[919, 813, 57, 102]
[1216, 1268]
[1322, 211, 603]
[32, 33, 356]
[1219, 640, 347, 348]
[1282, 184, 194, 1007]
[476, 477]
[410, 184, 680]
[740, 888]
[250, 251, 619]
[156, 247]
[734, 59]
[40, 32, 271, 453]
[6, 1016]
[1103, 27, 1053]
[383, 1435]
[42, 61]
[528, 40, 32, 386, 61]
[1454, 5]
[276, 277]
[528, 610]
[422, 0, 1, 1219, 640, 347, 348]
[1, 1219, 640]
[77, 0, 1054]
[199, 238, 203, 57, 102, 1316]
[307, 5]
[905, 78, 205]
[1131, 524, 78, 757, 642, 643]
[1054, 0, 640, 347]
[1054, 0, 640, 698]
[238, 203, 57, 102]
[1123, 191]
[567, 1108]
[227, 368]
[388, 817]
[199, 238, 203]
[1102, 245, 246, 1328]
[639, 997]
[1423, 57, 102, 1060, 1081]
[1110, 132, 57, 102, 459]
[40, 32, 33, 59]
[1142, 455]
[1120, 602, 371]
[76, 772, 1]
[1168, 1173]
[1054, 0, 1, 1219, 640, 347, 348]
[73, 172]
[192, 1315]
[774, 132, 264]
[86, 104]
[374, 1099]
[1247, 57, 102, 1060, 1081]
[1131, 524]
[182, 183]
[452, 194, 1007]
[267, 268]
[524, 78, 79]
[77, 1136]
[419, 420]
[1118, 57]
[1123, 506]
[1378, 813, 57, 102, 1489]
[984, 571]
[655, 203]
[148, 149, 501, 457]
[734, 227, 780]
[905, 78, 776]
[1206, 102, 459]
[184, 194]
[421, 422, 0, 1, 1219]
[32, 338]
[528, 40, 32, 1043]
[1437, 1438]
[532, 383, 821, 1228]
[223, 766, 675]
[148, 149, 501, 456]
[449, 78, 185]
[774, 132, 133]
[910, 911]
[88, 861]
[532, 533]
[1110, 132, 57, 102, 1489]
[32, 386, 61]
[1275, 93, 330]
[449, 78, 275]
[286, 1034]
[458, 361, 362]
[199, 203, 57, 102, 168]
[991, 650]
[1077, 132, 57, 102, 168]
[1143, 306]
[1197, 9]
[124, 69]
[211, 230, 231]
[214, 215]
[204, 889]
[396, 397]
[10, 393]
[1352, 645]
[835, 27]
[1055, 9]
[507, 928]
[684, 1148]
[1300, 1301]
[76, 77, 0]
[30, 31]
[138, 191]
[186, 1208]
[192, 616]
[285, 277]
[1102, 245]
[410, 184]
[56, 145]
[236, 237, 274]
[40, 32, 1199]
[813, 1117]
[1125, 1504]
[46, 111]
[524, 78, 757, 642]
[528, 40, 32, 1485]
[0, 1, 1219, 640, 347]
[0, 1, 1219, 640, 698]
[203, 57, 102, 1489]
[14, 943]
[655, 203, 57, 102, 142]
[1209, 237, 274]
[1071, 505]
[1139, 129]
[1110, 132]
[40, 32, 636]
[314, 315]
[202, 203, 57, 102]
[278, 57, 102, 1489]
[483, 301]
[1131, 524, 78, 1396]
[211, 883]
[1103, 27, 239]
[199, 229]
[532, 690, 691, 806, 832]
[429, 1098]
[1255, 446]
[866, 806, 832]
[1024, 1025]
[782, 1486]
[931, 301]
[822, 675]
[941, 1064]
[50, 745, 806, 832]
[311, 720]
[528, 40, 32, 363]
[919, 813, 1117]
[76, 77, 0, 1, 697]
[637, 500]
[519, 206, 193]
[77, 0, 697, 698]
[695, 764]
[120, 121]
[400, 190, 191]
[90, 50, 51]
[194, 842]
[410, 184, 205]
[1054, 0, 640]
[400, 289]
[534, 535]
[40, 32, 19]
[803, 498, 253, 254]
[846, 847]
[859, 860]
[491, 104]
[40, 32, 19, 818]
[1206, 102]
[552, 553, 562, 1506]
[511, 151, 152]
[326, 383, 821, 1303]
[1384, 1016]
[499, 927]
[539, 540]
[319, 323]
[1163, 277]
[1384, 74]
[1367, 103]
[528, 40, 82, 192, 193]
[90, 690, 691, 809]
[236, 237]
[1366, 27, 216]
[1378, 813, 57, 102, 1060, 1081]
[652, 653]
[1166, 383, 1427]
[271, 453]
[1114, 809]
[380, 381]
[827, 197]
[1131, 524, 78, 757]
[398, 82, 192, 273, 274]
[1226, 298]
[1302, 1224]
[159, 724]
[326, 383, 1435]
[349, 47]
[48, 49]
[56, 57]
[251, 619, 954]
[278, 111]
[528, 40, 82, 192, 1315]
[592, 268]
[318, 163]
[323, 191]
[569, 361, 362]
[1176, 339]
[877, 878]
[40, 32, 386, 191]
[388, 1020]
[1168, 1169]
[712, 194]
[874, 57, 102, 1060, 1081]
[542, 5]
[892, 1061]
[782, 1439]
[203, 57]
[421, 422, 0, 1, 697, 698]
[536, 235]
[986, 1222]
[273, 1023]
[1152, 694]
[1216, 1031, 1032]
[1217, 868]
[42, 139]
[148, 149, 1425]
[654, 487]
[192, 956]
[1393, 1394]
[84, 85]
[90, 50, 745, 806, 809]
[774, 132, 57, 102, 459]
[192, 273, 274]
[223, 224]
[691, 806, 832]
[1259, 500]
[974, 975]
[1282, 184]
[746, 747]
[528, 40, 32, 33]
[781, 503]
[553, 403]
[578, 579, 440]
[192, 606]
[130, 582, 487]
[421, 422, 0, 1, 1219, 640, 347]
[76, 77]
[410, 184, 1422]
[607, 194]
[296, 1140]
[531, 453]
[82, 192, 530]
[134, 135]
[280, 642, 643]
[449, 78]
[1366, 27, 478]
[90, 50, 745, 806, 807]
[819, 27, 1391]
[388, 27, 239]
[485, 486]
[1470, 9]
[829, 49]
[76, 772]
[90, 690, 691, 806, 807]
[273, 274]
[567, 511, 151]
[90, 690, 691]
[134, 135, 1487]
[421, 422, 0, 1, 1219, 640, 698]
[638, 1190]
[443, 444]
[730, 36]
[1322, 211, 212]
[1283, 1284]
[528, 40, 32, 39]
[919, 1000]
[10, 203, 57, 102, 1316]
[528, 40, 32, 271]
[392, 458]
[425, 85]
[681, 132, 57, 102, 168]
[170, 239]
[528, 40, 32, 271, 272]
[398, 82, 192, 259]
[422, 0]
[611, 61]
[421, 422, 0, 1, 697]
[148, 149, 885]
[427, 408]
[437, 438]
[803, 498, 785]
[1014, 1196]
[1106, 575]
[88, 194, 842]
[532, 383, 821, 1303]
[250, 251, 619, 57, 102, 1060]
[644, 645, 232]
[328, 59]
[542, 9]
[173, 174]
[165, 166]
[839, 1379]
[881, 1061]
[278, 57, 102, 1316]
[201, 1116]
[900, 1460]
[308, 27, 216]
[265, 266]
[351, 352]
[789, 719]
[994, 1, 1219, 640, 347, 348]
[324, 31]
[407, 916]
[988, 85]
[52, 53]
[607, 194, 1007]
[905, 78, 1396]
[1343, 995]
[645, 232, 861]
[619, 133]
[148, 149, 799]
[90, 690, 691, 806, 809]
[839, 840]
[217, 57, 102, 1489]
[619, 57]
[774, 132, 57, 102, 1060, 1081]
[662, 492]
[197, 737]
[102, 1316]
[108, 109]
[401, 834]
[524, 642]
[528, 794]
[1423, 57, 102, 459]
[1464, 1465]
[678, 359, 360]
[1378, 813, 57, 102, 142]
[552, 553, 403]
[978, 1008]
[660, 886]
[149, 341]
[528, 40, 32, 33, 387]
[32, 33]
[655, 95]
[896, 1273]
[199, 238, 203, 57, 102, 1060, 1081]
[319, 323, 191]
[559, 641, 1160]
[524, 205]
[52, 53, 999]
[588, 230]
[1246, 562]
[1345, 111]
[10, 1189]
[124, 372, 1225]
[777, 778]
[899, 424, 646]
[532, 383, 1155]
[655, 203, 57, 102]
[40, 32, 289]
[615, 1254]
[20, 551]
[528, 40, 32, 271, 1311]
[565, 566]
[736, 365]
[625, 5]
[619, 620]
[463, 464]
[86, 409]
[499, 9]
[923, 932]
[1287, 596]
[14, 366]
[234, 235]
[271, 1311]
[46, 57, 102, 1419]
[1247, 57, 102]
[1131, 524, 78, 185]
[532, 935]
[615, 554]
[223, 38]
[1400, 9]
[40, 32, 386, 151]
[374, 375]
[326, 1432]
[836, 338]
[524, 78, 757, 642, 643]
[1120, 602, 371, 1471]
[336, 337]
[470, 584]
[874, 57]
[588, 231]
[827, 9]
[524, 78, 776]
[1462, 1463]
[40, 1009]
[46, 57, 102, 168]
[1285, 1289]
[98, 150]
[986, 1044]
[184, 680]
[1033, 51]
[367, 361]
[250, 251, 619, 57]
[1285, 1286]
[715, 171]
[1352, 645, 232, 563]
[422, 0, 1054]
[76, 77, 0, 640, 347, 348]
[958, 361]
[424, 366]
[602, 371]
[46, 57, 102, 1060]
[58, 61]
[88, 179, 1179, 1180]
[173, 89]
[562, 1266]
[54, 627]
[708, 1166, 383, 821, 1228]
[138, 59]
[280, 281]
[345, 346]
[1398, 928]
[32, 271, 179]
[1110, 132, 57, 102, 142]
[57, 102, 1316]
[86, 1333]
[319, 1466]
[579, 440]
[54, 408]
[250, 251, 619, 57, 102, 1419]
[896, 897]
[528, 40, 32, 19, 675]
[774, 132, 57, 102, 1419]
[1410, 1096]
[477, 496]
[40, 32, 19, 675]
[154, 155]
[524, 78, 205]
[58, 1001]
[892, 893]
[1378, 813, 1117]
[827, 197, 198]
[1131, 524, 635]
[380, 518]
[528, 40, 32, 33, 43]
[76, 77, 0, 1]
[1131, 524, 78, 275]
[1202, 27, 216]
[90, 151]
[986, 987]
[199, 238, 1307]
[994, 1, 697, 698]
[20, 1026]
[250, 1213]
[53, 999]
[349, 368]
[612, 3]
[986, 1047]
[0, 1, 697]
[76, 77, 0, 640, 347]
[835, 27, 239]
[76, 77, 0, 640, 698]
[401, 1443, 402]
[426, 132, 57, 102, 1060]
[583, 584]
[619, 57, 102, 1419]
[90, 152]
[421, 422, 0, 640]
[1059, 1067, 1068]
[421, 422, 0, 1054]
[1354, 1355]
[234, 1111]
[40, 82, 1498]
[827, 5]
[712, 194, 842]
[712, 194, 1007]
[271, 272]
[528, 40, 32, 33, 43, 366]
[135, 330]
[182, 534]
[386, 61]
[662, 492, 603]
[792, 1185]
[16, 105]
[243, 598]
[676, 677]
[88, 297]
[135, 1487]
[874, 57, 102, 1489]
[250, 251, 619, 57, 102, 142]
[32, 39]
[774, 132, 57, 102, 1060]
[874, 57, 102, 459]
[1200, 1201]
[559, 641]
[1219, 640]
[864, 937]
[492, 603]
[768, 769]
[203, 57, 102, 168]
[251, 619, 57, 102, 459]
[580, 368]
[655, 203, 57, 102, 459]
[1147, 36]
[234, 980]
[900, 16, 735]
[347, 348]
[1441, 273, 1023]
[149, 164]
[557, 558]
[245, 246]
[76, 772, 1, 1219, 640]
[6, 858]
[553, 562, 1038]
[1218, 1219, 640]
[328, 191]
[136, 137]
[708, 1166]
[1118, 57, 102, 1060, 1081]
[217, 57, 102, 1316]
[449, 642]
[1131, 524, 78, 757, 642]
[803, 498, 253]
[1107, 670, 495]
[1256, 1279]
[1314, 172]
[32, 386]
[1118, 57, 102, 168]
[1246, 562, 1506]
[102, 1489]
[24, 25]
[619, 57, 102, 1060]
[426, 132, 57, 102, 1419]
[32, 916]
[192, 259]
[456, 457]
[401, 1325]
[449, 78, 1396]
[894, 895]
[734, 227, 163]
[1182, 1183]
[359, 1365]
[588, 589]
[119, 48, 49]
[199, 203, 57]
[201, 5]
[134, 135, 330]
[421, 994, 1, 697, 698]
[703, 947]
[881, 882]
[517, 191]
[32, 387]
[192, 530]
[217, 505]
[311, 720, 721]
[899, 424]
[615, 588, 1042]
[1457, 629]
[567, 871]
[701, 145]
[813, 57, 102, 168]
[431, 761]
[511, 125]
[449, 78, 757, 642]
[10, 955]
[900, 1070]
[238, 203, 57, 102, 1060, 1081]
[1249, 184, 185]
[1179, 1180]
[421, 994, 1, 1219, 640]
[872, 133]
[398, 82, 192, 922]
[419, 1073]
[117, 118]
[384, 385]
[86, 559]
[86, 559, 1104]
[524, 642, 643]
[286, 68, 110]
[510, 27, 239]
[501, 885]
[296, 129]
[708, 1166, 383]
[835, 27, 478]
[46, 47]
[511, 342]
[774, 132, 57, 102]
[62, 63]
[460, 85]
[48, 770]
[682, 683]
[76, 77, 0, 1, 1219, 640, 347]
[1166, 383, 821, 1303]
[76, 77, 0, 1, 1219, 640, 698]
[77, 0, 1, 697, 698]
[866, 806]
[32, 1337]
[271, 179, 1179, 1180]
[524, 9]
[227, 446]
[398, 82, 192, 616]
[1204, 1205]
[227, 228]
[130, 243, 511, 342, 343]
[422, 0, 640, 347]
[56, 57, 102, 142]
[424, 15]
[542, 172]
[86, 87]
[202, 203, 57, 102, 168]
[567, 788]
[422, 0, 640, 698]
[40, 32, 271, 179]
[872, 264]
[528, 40, 82, 192, 606]
[203, 57, 102, 1419]
[561, 562, 1038]
[1247, 1267]
[238, 203, 57]
[900, 16, 17]
[519, 646]
[40, 32, 271, 31]
[76, 772, 1136]
[813, 57, 102]
[1163, 31]
[532, 690, 691, 806, 832, 833]
[772, 1, 697, 698]
[699, 700]
[1129, 1130]
[569, 570]
[40, 32, 33, 61]
[32, 271, 453]
[199, 34]
[690, 691, 806, 809]
[1168, 110]
[588, 1042]
[86, 647]
[232, 563]
[102, 1060, 1081]
[774, 132, 1241]
[1433, 1434]
[293, 1363]
[426, 132, 1241]
[154, 928]
[78, 757, 642]
[10, 203, 57, 102, 168]
[243, 511, 151]
[532, 383, 821]
[755, 756]
[22, 23]
[1322, 211, 230, 603]
[250, 251, 619, 57, 102, 1489]
[1114, 806, 832]
[875, 1407]
[1209, 237]
[679, 792, 1185]
[1131, 524, 5]
[1275, 93]
[1010, 1011]
[1127, 861]
[199, 203, 57, 102, 1489]
[515, 516]
[948, 1064]
[1107, 670]
[149, 501]
[1493, 1494]
[382, 133]
[866, 809]
[1423, 57, 102, 142]
[251, 619, 145]
[524, 5]
[199, 238, 203, 57, 102, 142]
[76, 772, 1, 1219, 640, 347]
[76, 772, 1, 1219, 640, 698]
[180, 181]
[148, 149, 501, 885]
[528, 40, 32, 33, 61]
[690, 691, 806, 807]
[827, 205]
[173, 129]
[32, 386, 59]
[311, 312]
[422, 0, 1, 1219, 640, 698]
[1330, 272]
[813, 57, 102, 1489]
[422, 0, 1, 1219, 640, 347]
[398, 191]
[421, 994, 1, 1219, 640, 698]
[82, 192, 193]
[637, 467]
[702, 237]
[340, 57, 102, 168]
[655, 203, 57, 102, 1060]
[278, 933]
[447, 1321]
[238, 852]
[421, 994, 1, 1219, 640, 347]
[1282, 184, 1422]
[835, 27, 1053]
[510, 27, 1391]
[1329, 1066]
[290, 291]
[682, 186, 657]
[900, 16]
[900, 16, 1048]
[424, 943]
[528, 40, 32, 271, 179, 1179, 1180]
[148, 149]
[519, 206]
[421, 422]
[26, 27, 1053]
[1339, 1496]
[912, 913]
[1110, 69]
[271, 1364]
[1128, 1019]
[476, 477, 1328]
[217, 57, 102]
[82, 1498]
[382, 264]
[734, 227, 111]
[1077, 132, 1241]
[148, 149, 164]
[255, 617]
[1270, 1271]
[581, 735]
[132, 133]
[305, 505]
[454, 1046]
[132, 57]
[1207, 1208]
[1380, 387]
[251, 619, 57, 102, 142]
[40, 82, 192, 530]
[959, 995]
[491, 244]
[213, 1229]
[730, 693]
[1131, 524, 78, 79]
[40, 32, 179, 1179]
[221, 222]
[1338, 27, 1053]
[1244, 31]
[18, 19, 818]
[40, 32, 386, 61]
[308, 27, 239]
[76, 77, 0, 697, 698]
[124, 565, 152]
[1195, 780]
[1103, 27, 1391]
[10, 34]
[332, 333]
[40, 32, 271, 1311]
[944, 1037]
[267, 694]
[1054, 0, 1, 697, 698]
[532, 383, 1427]
[654, 487, 9]
[1295, 1324]
[1054, 0, 1, 1219, 640]
[1, 697]
[132, 264]
[421, 422, 0, 697, 698]
[115, 1258]
[350, 3]
[662, 663]
[1356, 675]
[900, 16, 105]
[148, 457]
[206, 687]
[427, 1357]
[1118, 57, 102, 1316]
[57, 102, 1060, 1081]
[804, 1386]
[1156, 1157]
[582, 487, 9]
[56, 1006]
[1326, 9]
[380, 1181]
[682, 186, 560]
[124, 372, 423]
[546, 31]
[138, 1242]
[35, 36]
[697, 698]
[307, 970]
[186, 187]
[751, 752]
[772, 1]
[173, 297]
[279, 272]
[0, 640]
[470, 744]
[202, 869]
[981, 306]
[421, 994]
[32, 19, 818]
[78, 205]
[552, 553]
[250, 251, 619, 57, 102, 459]
[119, 48]
[774, 132, 145]
[992, 362]
[1103, 27]
[219, 220]
[78, 1396]
[1448, 1449]
[528, 40, 82, 192, 956]
[1246, 562, 1038]
[1338, 27, 239]
[441, 442]
[1216, 1031]
[294, 295]
[0, 1, 1219, 640]
[130, 163]
[804, 983]
[1114, 806, 832, 833]
[611, 111]
[619, 57, 102, 168]
[0, 640, 347]
[77, 0, 1, 697]
[316, 317]
[32, 386, 387]
[18, 19, 595]
[971, 972]
[509, 5]
[619, 57, 102, 1060, 1081]
[0, 640, 698]
[1249, 184, 194, 842]
[20, 1417]
[73, 31]
[1031, 1032]
[149, 456]
[1114, 806]
[319, 139]
[422, 0, 640]
[78, 776]
[580, 191]
[296, 1239]
[421, 994, 1, 697]
[426, 132, 57, 102, 1489]
[498, 253, 254]
[1069, 9]
[597, 476, 477]
[32, 523]
[421, 422, 0, 1, 1219, 640, 347, 348]
[238, 203, 57, 102, 1419]
[407, 171]
[487, 9]
[998, 490]
[28, 29]
[813, 57, 102, 1316]
[380, 1186]
[644, 645, 232, 233]
[660, 661]
[82, 192, 1315]
[609, 387]
[1226, 298, 299]
[199, 203, 57, 102, 1060, 1081]
[328, 111]
[199, 238, 852]
[209, 675]
[383, 791]
[1037, 1160]
[124, 1086]
[1308, 85]
[20, 726]
[1115, 272]
[32, 33, 43]
[32, 19, 595]
[1166, 383]
[1366, 27, 1391]
[52, 112]
[284, 96, 951]
[991, 650, 651]
[132, 57, 102, 168]
[32, 271, 31]
[184, 185]
[217, 57, 102, 459]
[914, 526]
[40, 32]
[199, 203, 57, 102, 459]
[681, 132, 264]
[192, 922]
[528, 40, 32, 179]
[199, 238, 203, 57, 102, 1489]
[528, 40, 32, 19, 1046]
[90, 50, 1312]
[238, 203, 57, 102, 1060]
[426, 132, 57, 102, 459]
[80, 81]
[641, 1160]
[841, 639, 997]
[57, 102, 1419]
[374, 629]
[691, 806, 832, 833]
[349, 59]
[881, 1094]
[10, 203, 57, 102, 1419]
[32, 179, 1179]
[221, 436]
[1349, 1173]
[307, 932]
[238, 203, 57, 102, 168]
[677, 155]
[1441, 273, 274]
[734, 227, 763]
[1358, 1359]
[184, 1422]
[132, 57, 102, 1489]
[16, 735]
[1491, 1486]
[388, 27, 1391]
[398, 82, 192, 530]
[905, 78, 757, 642, 643]
[52, 53, 434]
[73, 9]
[644, 645, 25]
[1206, 102, 1489]
[615, 588, 230, 603]
[32, 1199]
[88, 194]
[524, 635]
[238, 95]
[905, 5]
[899, 424, 943]
[57, 102, 1060]
[10, 203, 57, 102, 1060]
[439, 440]
[547, 554]
[470, 313]
[40, 32, 271, 1364]
[40, 32, 19, 595]
[130, 581, 735]
[388, 389]
[421, 422, 0, 640, 347, 348]
[789, 95]
[1294, 1295]
[386, 151, 152]
[559, 1104]
[102, 168]
[54, 816]
[246, 1328]
[40, 32, 39]
[1352, 645, 232, 861]
[46, 387]
[40, 32, 386, 59]
[10, 203]
[1372, 301]
[813, 57, 102, 1060, 1081]
[19, 818]
[40, 32, 33, 356]
[549, 550]
[775, 109]
[1481, 330]
[230, 603]
[426, 132, 57]
[1054, 0, 640, 347, 348]
[994, 1, 1219]
[199, 203, 1093]
[1420, 5]
[296, 297]
[1505, 907]
[681, 132, 57]
[326, 383, 1427]
[401, 220, 402]
[199, 238, 203, 57, 102, 459]
[844, 264]
[996, 1405]
[251, 619]
[78, 757, 642, 643]
[176, 111]
[199, 527]
[326, 383]
[748, 675]
[370, 371, 1471]
[1368, 361]
[774, 132, 57, 102, 1316]
[1282, 184, 205]
[86, 244]
[722, 1281]
[801, 277]
[1334, 486]
[64, 537]
[772, 1, 1219, 640, 698]
[482, 123]
[463, 9]
[426, 132, 57, 102, 1316]
[825, 826]
[26, 27, 239]
[20, 808]
[148, 149, 501, 456, 457]
[76, 77, 0, 697]
[1230, 1231]
[748, 321]
[400, 139]
[800, 31]
[240, 191]
[905, 9]
[655, 959, 411]
[33, 43, 366]
[619, 145]
[0, 697]
[40, 32, 271]
[115, 1472]
[844, 133]
[536, 1469]
[1236, 1328]
[619, 69]
[799, 1476]
[386, 59]
[1247, 57, 102, 142]
[1352, 645, 25]
[296, 194, 1007]
[600, 601]
[1017, 272]
[57, 102]
[202, 203]
[544, 387]
[1346, 1347]
[1451, 635]
[979, 306]
[32, 171]
[775, 105]
[186, 329]
[40, 82, 192, 273, 1023]
[839, 1430]
[42, 387]
[528, 40, 32, 171]
[140, 1335]
[33, 356]
[94, 203, 57, 102, 1419]
[421, 422, 0, 697]
[1077, 132, 57, 102, 459]
[1331, 1332]
[290, 876]
[1206, 102, 142]
[626, 133]
[148, 149, 341]
[404, 405]
[692, 85]
[203, 1093]
[454, 13]
[528, 40, 32, 33, 59]
[307, 277]
[1131, 524, 9]
[824, 163]
[370, 371, 602]
[138, 387]
[132, 57, 102, 1316]
[433, 9]
[1247, 57, 102, 459]
[320, 1235]
[714, 715]
[40, 32, 33]
[1323, 1271]
[148, 149, 799, 1476]
[710, 711]
[1206, 102, 1316]
[32, 271, 179, 1179]
[607, 339]
[173, 861]
[804, 1080]
[94, 203, 57, 102, 1060]
[238, 203]
[1202, 27, 1391]
[1287, 256]
[250, 251, 619, 69]
[250, 251, 619, 264]
[319, 323, 387]
[772, 1, 1219, 640, 347]
[8, 779]
[326, 383, 791]
[470, 268]
[547, 492, 603]
[40, 82, 192, 273]
[349, 665]
[479, 480]
[681, 69]
[905, 78, 275]
[278, 57]
[58, 541]
[740, 109]
[211, 230]
[738, 394, 395]
[1326, 1230]
[607, 861]
[802, 145]
[819, 27, 239]
[528, 40, 191]
[919, 813, 57, 102, 168]
[1110, 1170]
[804, 805]
[745, 806]
[1198, 297]
[1214, 57, 102, 1060, 1081]
[94, 203, 57, 102, 1060, 1081]
[349, 228]
[130, 564]
[314, 194, 842]
[950, 689]
[132, 57, 102]
[280, 1507]
[46, 57, 102, 1060, 1081]
[504, 306]
[667, 526]
[250, 251, 619, 133]
[952, 776]
[645, 232, 563]
[774, 132, 57]
[240, 61]
[499, 500]
[401, 1443]
[14, 15]
[130, 243, 511, 125]
[1065, 129]
[1195, 163]
[288, 139]
[1131, 524, 642]
[38, 175]
[1170, 69]
[90, 935]
[449, 78, 776]
[32, 271, 272]
[525, 1097]
[203, 57, 102, 1060]
[666, 361, 362]
[250, 251, 619, 57, 102, 1316]
[340, 320, 1235]
[58, 325]
[528, 40, 32, 1081]
[452, 339]
[708, 1166, 383, 791]
[232, 861]
[528, 40, 82, 192]
[40, 32, 1337]
[199, 393]
[580, 111]
[753, 1508]
[202, 95]
[130, 243, 511, 342]
[1282, 184, 680]
[217, 57, 102, 142]
[354, 210]
[10, 203, 57, 102, 1060, 1081]
[384, 612]
[1131, 524, 205]
[1397, 450]
[528, 40, 32, 1309]
[806, 809]
[905, 78, 185]
[19, 595]
[130, 654]
[449, 78, 205]
[681, 132, 133]
[936, 408]
[80, 331]
[803, 498]
[398, 82]
[271, 31]
[340, 57, 102, 1060, 1081]
[1291, 1292]
[699, 1051]
[604, 605]
[32, 179]
[431, 95]
[90, 50, 745, 806, 832, 833]
[1049, 49]
[1387, 1388]
[90, 719]
[1059, 358]
[90, 50, 745, 806, 832]
[1109, 36]
[426, 132, 57, 102, 142]
[528, 40, 32]
[286, 68]
[452, 861]
[380, 1313]
[27, 1053]
[553, 562, 1266]
[186, 587]
[615, 548]
[401, 402]
[278, 57, 102, 168]
[426, 132, 145]
[510, 27]
[1123, 506, 304]
[1072, 550]
[40, 32, 363]
[280, 843]
[552, 553, 996, 1405]
[681, 1243, 69]
[806, 807]
[40, 32, 271, 272]
[848, 59]
[506, 304]
[758, 759]
[10, 1210]
[524, 78]
[641, 1104]
[149, 885]
[20, 70]
[40, 82, 192, 1315]
[288, 9]
[898, 277]
[1166, 383, 791]
[1071, 306]
[230, 589]
[716, 717]
[19, 788]
[33, 1242]
[130, 131]
[690, 691]
[130, 582, 487, 9]
[681, 132, 57, 102, 459]
[919, 813, 57, 102, 1489]
[691, 806, 809]
[211, 230, 603]
[92, 93, 330]
[1121, 194, 1007]
[261, 262]
[27, 239]
[969, 403]
[149, 799]
[528, 40, 32, 523]
[57, 102, 168]
[1056, 111]
[124, 565, 1428]
[202, 203, 57, 102, 1419]
[662, 492, 1100]
[238, 203, 57, 102, 1489]
[199, 200]
[209, 13]
[874, 57, 102, 168]
[1246, 562, 1266]
[43, 366]
[76, 77, 1136]
[619, 954]
[1251, 85]
[482, 647]
[32, 271, 1311]
[100, 101, 361, 362]
[652, 1104]
[1036, 1037, 1160]
[186, 790]
[187, 731]
[94, 203, 57, 102, 168]
[94, 95]
[528, 40, 82, 192, 922]
[528, 40, 32, 271, 31]
[561, 562, 1266]
[14, 304]
[46, 57, 102, 1316]
[567, 511, 125]
[622, 623]
[149, 501, 457]
[1075, 321]
[130, 1456]
[789, 432]
[251, 619, 57, 102, 1316]
[866, 806, 832, 833]
[0, 1, 697, 698]
[40, 32, 386, 387]
[1202, 27, 239]
[20, 1403]
[146, 147]
[531, 194, 1007]
[50, 1312]
[1147, 693]
[37, 574]
[1110, 132, 264]
[10, 203, 57]
[1450, 31]
[66, 67]
[580, 387]
[655, 203, 57, 102, 168]
[1304, 301]
[46, 57]
[441, 1085]
[1067, 1068]
[326, 383, 1155]
[519, 206, 922]
[1362, 387]
[149, 501, 456]
[567, 511, 342]
[454, 344]
[130, 243, 598]
[581, 105]
[319, 1146]
[641, 838]
[827, 873]
[905, 642]
[18, 19, 675]
[82, 192, 956]
[488, 272]
[499, 467]
[1204, 1348]
[905, 642, 643]
[492, 1100]
[507, 508]
[243, 436]
[644, 645, 232, 861]
[199, 238, 95]
[188, 189]
[292, 293, 1363]
[194, 1007]
[528, 40]
[1293, 579]
[795, 796]
[1214, 57, 102, 168]
[40, 32, 1309]
[238, 203, 1093]
[638, 639]
[742, 743]
[1049, 1050]
[82, 192, 606]
[836, 171]
[1110, 132, 133]
[2, 3]
[470, 471]
[562, 1506]
[217, 57, 102, 1419]
[50, 745, 806]
[406, 85]
[86, 559, 641, 838]
[708, 1166, 383, 1155]
[40, 32, 1081]
[441, 1390]
[243, 788]
[223, 38, 175]
[528, 40, 32, 271, 179, 1179]
[567, 511]
[219, 220, 402]
[307, 1467]
[714, 715, 171]
[994, 1, 1219, 640]
[622, 713]
[251, 619, 133]
[501, 456, 457]
[1166, 383, 821, 1228]
[835, 27, 1391]
[201, 31]
[532, 690, 691]
[336, 455]
[33, 43]
[340, 541]
[1338, 27, 1391]
[958, 361, 362]
[10, 203, 1093]
[19, 1046]
[532, 95]
[679, 219]
[40, 82]
[250, 251, 619, 57, 102]
[547, 492]
[42, 43]
[26, 27, 1391]
[422, 0, 1, 697, 698]
[401, 725, 270]
[1206, 102, 168]
[271, 179, 1179]
[1005, 907]
[1215, 301]
[94, 853]
[323, 387]
[1243, 69]
[1426, 385]
[1202, 27]
[1, 1219, 640, 347]
[1, 1219, 640, 698]
[40, 82, 192, 616]
[250, 251]
[615, 588]
[920, 921]
[1077, 132, 57, 102, 1419]
[161, 1172]
[190, 1360]
[1461, 1099]
[811, 1296]
[1084, 505]
[1423, 57, 102, 1060]
[18, 1235]
[202, 203, 57, 102, 1060]
[292, 1431]
[472, 85]
[62, 1479]
[967, 968]
[35, 693]
[286, 68, 69]
[559, 641, 1104]
[519, 1424]
[1383, 1268]
[905, 78, 757]
[217, 57, 102, 1060]
[40, 32, 33, 43, 366]
[48, 1019]
[1027, 3]
[522, 523]
[695, 696]
[1075, 675]
[524, 1375]
[1214, 57]
[238, 203, 57, 102, 1316]
[528, 40, 32, 271, 960]
[633, 634]
[672, 1138]
[1036, 1037]
[353, 309]
[132, 145]
[1262, 375]
[1214, 57, 102, 1489]
[862, 863]
[421, 422, 0, 1, 1219, 640]
[1253, 1254]
[575, 405]
[1240, 171]
[296, 403]
[458, 361]
[681, 132, 57, 102]
[806, 832]
[1287, 1288]
[214, 1245]
[227, 780]
[1133, 1134]
[340, 57, 102, 1060]
[88, 179, 1179]
[1423, 57, 102, 1419]
[528, 40, 32, 19]
[919, 813, 57, 102, 1316]
[424, 646]
[658, 1501]
[309, 310]
[386, 387]
[524, 78, 275]
[905, 78, 757, 642]
[450, 451]
[690, 691, 806, 832]
[1107, 670, 495, 496]
[115, 116]
[811, 1290]
[1191, 31]
[613, 95]
[88, 403]
[250, 251, 619, 620]
[188, 1111]
[528, 40, 399]
[577, 763]
[40, 32, 523]
[106, 339]
[1077, 132, 57, 102, 1060]
[801, 879]
[630, 163]
[704, 1105]
[203, 57, 102, 459]
[528, 40, 32, 1199]
[1077, 132, 57, 102, 142]
[40, 32, 19, 1046]
[1065, 69]
[532, 91]
[642, 643]
[32, 1309]
[624, 508]
[1106, 575, 405]
[148, 149, 501]
[340, 57, 102, 1419]
[204, 205]
[90, 690, 691, 806, 832, 833]
[567, 511, 151, 152]
[734, 227, 368]
[46, 57, 102, 1489]
[682, 186, 790]
[1349, 954]
[482, 1265]
[106, 205]
[588, 230, 603]
[400, 190, 1360]
[511, 151]
[1059, 1067]
[0, 640, 347, 348]
[552, 553, 1458]
[1090, 467]
[340, 320]
[1137, 405]
[76, 77, 0, 640]
[874, 57, 102, 1419]
[849, 850]
[679, 219, 220]
[900, 16, 576]
[804, 1022]
[1010, 1392]
[40, 32, 386, 151, 152]
[251, 619, 264]
[40, 32, 1043]
[449, 78, 757, 642, 643]
[0, 1]
[1168, 954]
[32, 1081]
[82, 192, 273, 274]
[126, 709]
[421, 994, 397]
[1366, 27, 1053]
[1131, 524, 642, 643]
[119, 48, 1019]
[944, 1037, 1160]
[1195, 446]
[340, 57]
[992, 1093]
[192, 193]
[738, 739]
[899, 424, 366]
[429, 430]
[238, 203, 57, 102, 459]
[227, 59]
[292, 293]
[124, 1076]
[199, 203]
[328, 387]
[736, 737]
[1236, 1237]
[82, 192]
[543, 5]
[1103, 27, 216]
[502, 1119]
[130, 243, 511]
[322, 5]
[774, 132, 57, 102, 1489]
[874, 57, 102, 1060]
[572, 9]
[528, 40, 82, 192, 616]
[1218, 1219]
[757, 642]
[186, 187, 731]
[708, 1166, 383, 821]
[1184, 1185]
[407, 408]
[46, 57, 102, 459]
[978, 1385]
[532, 383, 1435]
[528, 918, 1436]
[284, 96]
[1247, 57, 102, 1489]
[1442, 387]
[749, 750]
[524, 78, 185]
[682, 186]
[206, 304]
[290, 373]
[528, 40, 32, 387]
[644, 645]
[1282, 184, 194, 842]
[372, 423]
[286, 287]
[1361, 403]
[452, 194, 842]
[666, 361]
[217, 57, 102, 1060, 1081]
[682, 186, 187, 731]
[519, 206, 616]
[994, 1, 1219, 640, 698]
[433, 434]
[60, 387]
[1323, 111]
[318, 446]
[159, 475]
[1165, 93]
[565, 152]
[40, 41]
[994, 1, 1219, 640, 347]
[753, 754]
[528, 40, 32, 386]
[56, 167]
[32, 386, 151, 152]
[691, 806, 807]
[202, 853]
[243, 1177]
[559, 641, 838]
[1260, 1261]
[199, 203, 57, 102, 142]
[230, 231]
[1159, 167]
[1459, 1239]
[528, 40, 1009]
[64, 65]
[8, 9]
[1305, 1306]
[257, 258]
[1214, 57, 102, 1316]
[1378, 813, 57, 102, 168]
[113, 114]
[515, 129]
[76, 772, 1, 1219]
[422, 0, 697]
[398, 82, 192, 273, 1023]
[461, 462]
[691, 806]
[524, 78, 1396]
[528, 40, 32, 59]
[56, 57, 102, 459]
[243, 511, 342, 343]
[528, 40, 32, 916]
[10, 369]
[388, 27, 1053]
[827, 618]
[18, 828, 541]
[199, 955]
[804, 1468]
[918, 1436]
[1103, 27, 478]
[76, 77, 0, 1, 1219]
[284, 9]
[1153, 1154]
[40, 32, 171]
[130, 654, 487, 9]
[1074, 9]
[900, 16, 497]
[18, 65]
[20, 178]
[827, 172]
[173, 194]
[427, 428]
[528, 40, 82, 192, 273, 1023]
[686, 687]
[32, 59]
[704, 1416]
[410, 184, 185]
[269, 834]
[308, 27, 1053]
[92, 93]
[207, 208]
[288, 61]
[1187, 1188]
[227, 163]
[495, 496]
[296, 174]
[353, 309, 310]
[552, 553, 516]
[1118, 57, 102, 1489]
[190, 1360, 943]
[669, 670, 495, 496]
[280, 1278]
[388, 571]
[771, 134, 135, 1487]
[40, 32, 271, 960]
[638, 639, 997]
[611, 387]
[1330, 31]
[592, 593]
[1322, 211, 230]
[553, 996]
[340, 320, 321]
[90, 151, 152]
[1118, 57, 102, 459]
[68, 69]
[203, 57, 102, 1060, 1081]
[124, 565]
[1206, 102, 1060, 1081]
[466, 467]
[1079, 129]
[384, 612, 3]
[775, 339]
[20, 1132]
[126, 127]
[864, 865]
[0, 697, 698]
[1366, 27, 239]
[1381, 1382]
[499, 927, 9]
[813, 57, 102, 1419]
[837, 85]
[252, 9]
[602, 371, 1471]
[42, 43, 366]
[725, 270]
[173, 194, 1007]
[182, 534, 535]
[16, 1048]
[77, 0, 1, 1219, 640, 347]
[645, 232, 403]
[77, 0, 1, 1219, 640, 698]
[90, 1158]
[524, 78, 757]
[40, 191]
[1263, 1264]
[1297, 1298]
[528, 40, 82]
[681, 132, 57, 102, 142]
[278, 57, 102, 1060, 1081]
[1236, 1318]
[50, 664]
[251, 619, 57, 102]
[547, 548]
[184, 194, 842]
[12, 13]
[241, 242]
[1122, 85]
[957, 852]
[1029, 1030]
[1412, 1138]
[124, 1285, 1289]
[18, 325]
[77, 0, 640, 698]
[398, 31]
[867, 868]
[307, 924]
[555, 556]
[708, 1166, 383, 1427]
[192, 273]
[528, 40, 32, 386, 387]
[12, 344]
[56, 57, 102, 1419]
[383, 1155]
[203, 57, 102]
[204, 129]
[50, 745, 806, 807]
[130, 654, 487]
[20, 1089]
[77, 0, 640, 347]
[482, 244]
[917, 467]
[426, 132, 57, 102]
[298, 970]
[1247, 57, 102, 1316]
[88, 89]
[909, 59]
[94, 203, 57, 102, 1316]
[890, 891]
[565, 1428]
[519, 206, 304]
[607, 194, 842]
[251, 619, 57]
[1360, 943]
[419, 700]
[662, 492, 493]
[976, 977]
[1112, 1113]
[1320, 385]
[465, 170, 239]
[40, 32, 33, 387]
[288, 387]
[813, 57, 102, 1060]
[10, 95]
[340, 320, 675]
[492, 493]
[1293, 579, 440]
[20, 1480]
[98, 1124]
[452, 194]
[613, 934]
[772, 1, 697]
[32, 386, 151]
[40, 32, 271, 179, 1179, 1180]
[1040, 405]
[772, 1, 1219]
[401, 725]
[388, 27, 478]
[1143, 505]
[340, 3]
[552, 553, 996]
[655, 656]
[681, 132, 57, 102, 1489]
[1056, 59]
[1101, 361]
[1182, 1252]
[1192, 1193]
[390, 568]
[349, 523]
[959, 411]
[124, 125]
[772, 1136]
[132, 1241]
[94, 203, 1093]
[238, 1307]
[841, 639]
[16, 17]
[56, 57, 102, 1060]
[828, 541]
[206, 956]
[1054, 0]
[120, 765]
[255, 256]
[597, 476, 477, 496]
[929, 930]
[552, 553, 562, 1266]
[361, 362]
[679, 219, 220, 402]
[655, 203, 57, 102, 1419]
[40, 82, 192, 922]
[470, 694]
[263, 133]
[1323, 1175]
[426, 132, 264]
[203, 57, 102, 142]
[567, 1175]
[77, 0, 1, 1219, 640, 347, 348]
[357, 358]
[18, 321]
[106, 1415]
[573, 574]
[658, 659]
[58, 139]
[875, 876]
[179, 1179]
[628, 3]
[32, 271]
[1202, 27, 1053]
[887, 888]
[491, 647]
[619, 57, 102]
[32, 19]
[90, 50, 745]
[40, 32, 179]
[771, 134, 135, 330]
[734, 227, 59]
[919, 813, 57]
[684, 685]
[914, 1136]
[1401, 1402]
[645, 232]
[745, 806, 832]
[1319, 361, 362]
[1102, 245, 246]
[760, 95]
[1167, 103]
[169, 170, 239]
[18, 675]
[599, 87]
[355, 446]
[786, 787]
[528, 40, 32, 1337]
[370, 371]
[32, 19, 788]
[390, 391]
[263, 264]
[77, 0]
[276, 31]
[250, 251, 619, 57, 102, 1060, 1081]
[18, 541]
[240, 139]
[206, 606]
[1088, 395]
[6, 7]
[251, 619, 57, 102, 1489]
[130, 225]
[1110, 1170, 69]
[939, 301]
[388, 27, 216]
[1110, 132, 57, 102, 1060]
[421, 994, 1]
[528, 40, 32, 179, 1179]
[132, 57, 102, 459]
[1010, 1009]
[1356, 13]
[50, 745, 806, 809]
[532, 383]
[1149, 1150]
[655, 959, 995]
[678, 359, 1365]
[124, 1285, 1286]
[14, 210]
[10, 853]
[251, 619, 620]
[250, 251, 619, 145]
[90, 50, 745, 806]
[510, 27, 478]
[77, 0, 697]
[681, 132, 57, 102, 1060, 1081]
[553, 996, 1405]
[37, 713]
[245, 246, 1328]
[182, 339]
[40, 82, 83]
[77, 0, 1, 1219, 640]
[813, 57, 102, 459]
[1091, 1092]
[1249, 184]
[108, 1342]
[392, 1353]
[199, 608]
[364, 365]
[583, 1039]
[1352, 645, 232, 233]
[1378, 813, 57, 102, 1060]
[33, 387]
[199, 203, 57, 102, 1316]
[528, 40, 32, 179, 1179, 1180]
[821, 1228]
[1256, 1257]
[398, 82, 83]
[1110, 132, 57, 102, 168]
[64, 541]
[691, 809]
[447, 448]
[835, 27, 216]
[1452, 1453]
[94, 203, 57, 102]
[528, 40, 41]
[919, 813]
[1447, 301]
[0, 1, 1219, 640, 347, 348]
[96, 97]
[422, 0, 640, 347, 348]
[760, 1500]
[10, 411]
[1198, 174]
[418, 85]
[161, 162]
[473, 474]
[681, 1243]
[371, 1471]
[44, 45]
[528, 40, 32, 386, 151, 152]
[903, 1488]
[681, 132, 145]
[1421, 926]
[4, 5]
[528, 40, 82, 192, 259]
[1445, 1446]
[727, 5]
[422, 0, 1, 697]
[749, 1317]
[827, 1015]
[528, 40, 32, 33, 1242]
[1338, 27]
[662, 603]
[1406, 111]
[27, 1391]
[421, 422, 0]
[153, 5]
[149, 456, 457]
[383, 821]
[909, 387]
[667, 668]
[32, 386, 191]
[243, 511, 151, 152]
[528, 40, 32, 19, 788]
[426, 132, 133]
[590, 591]
[40, 32, 19, 788]
[250, 251, 619, 57, 102, 168]
[186, 1492]
[398, 82, 192, 273]
[1376, 1377]
[774, 132, 57, 102, 168]
[532, 690]
[1378, 813, 57, 102, 1419]
[182, 205]
[449, 642, 643]
[681, 132, 57, 102, 1316]
[553, 516]
[46, 57, 102, 142]
[900, 109]
[552, 889]
[1440, 1008]
[184, 205]
[300, 301]
[682, 186, 329]
[615, 588, 589]
[1206, 102, 1060]
[510, 27, 216]
[32, 363]
[319, 323, 139]
[253, 254]
[981, 505]
[88, 129]
[845, 9]
[519, 206, 606]
[528, 40, 82, 192, 273]
[619, 57, 102, 459]
[524, 1473]
[681, 132, 1241]
[149, 501, 885]
[1118, 57, 102, 142]
[615, 588, 230, 589]
[211, 212]
[525, 526]
[645, 232, 233]
[1077, 132, 57, 102, 1316]
[829, 1019]
[1338, 27, 478]
[195, 1151]
[342, 343]
[519, 206, 956]
[524, 1389]
[774, 132, 57, 102, 142]
[552, 553, 562]
[199, 369]
[1362, 111]
[392, 361]
[124, 1285]
[122, 123]
[186, 560]
[1018, 1019]
[520, 521]
[88, 1239]
[143, 144]
[532, 690, 691, 809]
[82, 192, 922]
[1326, 1230, 1231]
[1250, 1025]
[42, 59]
[813, 57, 102, 142]
[866, 806, 809]
[124, 62, 63]
[37, 38, 175]
[78, 757]
[132, 57, 102, 1060]
[130, 581]
[250, 251, 619, 1021]
[757, 642, 643]
[326, 761]
[124, 62, 1479]
[199, 1189]
[58, 387]
[1078, 301]
[305, 306]
[57, 102, 1489]
[504, 505]
[202, 203, 57, 102, 142]
[138, 139]
[232, 233]
[74, 75]
[431, 432]
[90, 91]
[132, 57, 102, 1419]
[40, 32, 331]
[349, 111]
[806, 832, 833]
[217, 57, 102, 168]
[1206, 102, 1419]
[1282, 184, 185]
[58, 59]
[199, 238]
[20, 435]
[1223, 1224]
[874, 57, 102]
[672, 673]
[1339, 1340]
[190, 191]
[483, 484]
[927, 9]
[797, 798]
[159, 554]
[866, 806, 807]
[16, 497]
[56, 57, 102, 168]
[398, 82, 192, 193]
[10, 203, 57, 102]
[76, 77, 0, 1054]
[528, 40, 32, 338]
[98, 99]
[383, 1427]
[40, 32, 338]
[944, 945]
[994, 1, 697]
[46, 57, 102]
[56, 57, 102, 1060, 1081]
[1110, 132, 145]
[1131, 524, 1389]
[10, 1310]
[217, 306]
[421, 994, 1, 1219]
[532, 690, 691, 806]
[326, 327]
[782, 783]
[76, 772, 1, 1219, 640, 347, 348]
[93, 330]
[149, 1425]
[429, 481]
[1110, 132, 57, 102, 1419]
[1131, 524, 1473]
[248, 249]
[1054, 0, 697, 698]
[130, 582]
[874, 57, 102, 1316]
[1077, 132, 145]
[772, 1, 1219, 640, 347, 348]
[740, 741]
[82, 192, 273, 1023]
[669, 670, 495]
[690, 691, 806, 832, 833]
[578, 579]
[708, 709]
[986, 1174]
[119, 48, 770]
[40, 82, 192, 956]
[1003, 1004]
[271, 960]
[199, 238, 203, 57, 102, 1419]
[243, 511]
[422, 0, 1]
[615, 588, 231]
[1203, 36]
[452, 453]
[10, 203, 57, 102, 142]
[528, 40, 1502]
[82, 192, 616]
[199, 238, 203, 57, 102, 1060]
[386, 151]
[213, 111]
[384, 612, 1063]
[56, 57, 102, 1489]
[314, 194]
[40, 82, 192, 273, 274]
[60, 59]
[40, 32, 271, 179, 1179]
[76, 772, 1, 697, 698]
[452, 103]
[1131, 524, 78]
[199, 238, 203, 57, 102]
[468, 469]
[577, 446]
[18, 19, 1046]
[278, 57, 102]
[1082, 1083]
[1319, 361]
[482, 104]
[237, 274]
[217, 218]
[90, 50]
[650, 651]
[1088, 1096]
[619, 264]
[1444, 361]
[622, 1002]
[1232, 1233]
[32, 179, 1179, 1180]
[80, 171]
[1322, 211, 230, 231]
[771, 134, 135]
[573, 713]
[161, 895]
[1110, 132, 1241]
[182, 618]
[388, 27]
[964, 965]
[340, 57, 102, 142]
[738, 394]
[378, 379]
[901, 902]
[251, 619, 57, 102, 1060, 1081]
[624, 820]
[804, 870]
[1218, 1219, 640, 698]
[195, 196]
[514, 1399]
[90, 690, 691, 806, 832]
[553, 562]
[1218, 1219, 640, 347]
[32, 675]
[688, 689]
[915, 664]
[449, 78, 79]
[132, 57, 102, 142]
[367, 361, 362]
[923, 5]
[77, 0, 1, 1219]
[681, 132]
[929, 1087]
[251, 619, 57, 102, 1419]
[561, 562]
[615, 588, 230]
[32, 271, 960]
[476, 477, 496]
[760, 761]
[553, 129]
[33, 59]
[567, 511, 342, 343]
[308, 27, 478]
[1373, 1374]
[184, 194, 1007]
[227, 111]
[662, 554]
[355, 272]
[528, 40, 32, 331]
[10, 11]
[251, 619, 57, 102, 1060]
[810, 205]
[251, 619, 57, 102, 168]
[32, 33, 61]
[994, 397]
[326, 383, 821]
[267, 584]
[130, 243, 511, 151]
[214, 1497]
[124, 594]
[1054, 0, 1, 697]
[880, 85]
[1141, 301]
[286, 1045]
[712, 339]
[771, 134]
[10, 203, 57, 102, 459]
[766, 675]
[32, 271, 1364]
[644, 645, 232, 563]
[400, 59]
[619, 1021]
[611, 59]
[132, 57, 102, 1060, 1081]
[410, 184, 194, 842]
[106, 107]
[161, 545]
[1423, 57, 102, 168]
[52, 53, 1145]
[392, 458, 361, 362]
[1166, 383, 1435]
[1110, 132, 57, 102, 1060, 1081]
[1054, 0, 697]
[424, 304]
[130, 243, 788]
[569, 946]
[1255, 763]
[400, 387]
[552, 553, 129]
[1294, 1295, 1324]
[32, 33, 387]
[766, 321]
[1077, 132, 57, 102, 1060, 1081]
[400, 1035]
[323, 139]
[1384, 74, 75]
[20, 260]
[1352, 645, 232]
[18, 19]
[60, 111]
[102, 1060]
[994, 1]
[10, 203, 57, 102, 1489]
[394, 395]
[199, 238, 203, 57]
[1276, 1277]
[40, 32, 33, 43]
[102, 1419]
[1411, 747]
[40, 82, 192]
[1167, 926]
[56, 133]
[531, 194, 842]
[804, 1274]
[948, 949]
[1338, 27, 216]
[20, 21]
[326, 383, 821, 1228]
[912, 1495]
[855, 856]
[1131, 524, 78, 776]
[372, 1225]
[94, 203, 57, 102, 1489]
[567, 728]
[1077, 132, 57, 102]
[296, 194]
[528, 40, 32, 19, 818]
[416, 417]
[851, 5]
[50, 51]
[734, 227, 228]
[1369, 344]
[670, 495]
[1060, 1081]
[94, 203]
[124, 372]
[56, 57, 102]
[1220, 1221]
[202, 203, 57, 102, 459]
[1322, 211]
[412, 498, 253]
[619, 57, 102, 1489]
[102, 459]
[130, 243, 436]
[465, 170]
[130, 581, 105]
[498, 253]
[90, 95]
[1378, 813, 57, 102]
[56, 57, 102, 1316]
[528, 40, 32, 289]
[1, 1219, 640, 347, 348]
[56, 264]
[619, 57, 102, 142]
[734, 227, 446]
[1423, 57, 102, 1316]
[383, 821, 1303]
[745, 806, 832, 833]
[1131, 524, 78, 205]
[351, 1474]
[128, 85]
[682, 186, 587]
[32, 19, 1046]
[40, 32, 179, 1179, 1180]
[1166, 383, 821]
[412, 498, 785]
[12, 1234]
[77, 0, 640]
[340, 57, 102, 1316]
[1214, 57, 102, 459]
[422, 0, 1, 1219, 640]
[903, 904]
[489, 490]
[708, 1166, 383, 1435]
[308, 27, 1391]
[278, 57, 102, 1419]
[211, 603]
[699, 420]
[631, 632]
[207, 1066]
[60, 61]
[130, 1409]
[597, 476]
[1370, 1371]
[197, 198]
[400, 61]
[76, 77, 0, 1, 1219, 640, 347, 348]
[1249, 184, 194, 1007]
[278, 57, 102, 1060]
[532, 690, 691, 806, 809]
[655, 203, 57]
[720, 721]
[77, 0, 1]
[90, 50, 664]
[774, 132]
[449, 78, 757]
[1352, 645, 232, 403]
[1378, 813]
[1322, 211, 230, 589]
[445, 5]
[919, 813, 57, 102, 1060]
[40, 1502]
[383, 821, 1228]
[1203, 693]
[130, 985]
[777, 784]
[86, 559, 641, 1104]
[1115, 31]
[211, 230, 589]
[905, 78]
[32, 636]
[269, 270]
[211, 230, 1042]
[528, 40, 32, 19, 595]
[528, 40, 82, 192, 530]
[528, 40, 32, 386, 59]
[148, 149, 456]
[414, 415]
[979, 505]
[1397, 450, 451]
[547, 492, 493]
[1027, 1028]
[18, 537]
[813, 57]
[1219, 640, 347]
[1219, 640, 698]
[159, 160]
[624, 155]
[745, 806, 807]
[26, 27, 478]
[320, 675]
[919, 813, 57, 102, 1419]
[1248, 1221]
[96, 951]
[238, 203, 57, 102, 142]
[278, 57, 102, 459]
[690, 691, 809]
[479, 1478]
[528, 871]
[532, 690, 691, 806, 807]
[978, 109]
[899, 424, 15]
[670, 495, 496]
[108, 1194]
[517, 61]
[553, 562, 1506]
[1054, 0, 1]
[682, 186, 187]
[519, 206, 687]
[426, 132, 57, 102, 1060, 1081]
[511, 342, 343]
[1441, 273]
[101, 361, 362]
[57, 102, 459]
[532, 383, 791]
[320, 321]
[498, 785]
[1077, 132, 57]
[645, 25]
[40, 32, 1485]
[371, 602]
[40, 82, 192, 259]
[88, 194, 1007]
[1121, 194]
[447, 9]
[53, 434]
[528, 40, 82, 1498]
[538, 85]
[398, 399]
[199, 203, 57, 102, 1060]
[280, 642]
[655, 203, 57, 102, 1060, 1081]
[76, 77, 0, 1, 1219, 640]
[410, 184, 194]
[1247, 57, 102, 168]
[919, 813, 57, 102, 142]
[745, 806, 809]
[961, 962]
[288, 289]
[326, 719]
[655, 203, 57, 102, 1489]
[819, 27, 1053]
[686, 304]
[199, 238, 203, 1093]
[90, 343]
[202, 203, 57, 102, 1489]
[422, 0, 697, 698]
[130, 989]
[811, 812]
[302, 1161]
[32, 33, 1242]
[514, 352]
[736, 5]
[82, 192, 259]
[1218, 1219, 640, 347, 348]
[100, 101]
[0, 1054]
[186, 657]
[251, 619, 69]
[588, 230, 1042]
[1249, 184, 680]
[1499, 591]
[180, 1455]
[682, 186, 1492]
[0, 1, 1219]
[669, 670]
[308, 27]
[519, 15]
[26, 27, 216]
[1109, 693]
[619, 57, 102, 1316]
[40, 32, 59]
[1423, 57, 102, 1489]
[199, 203, 57, 102, 1419]
[1127, 272]
[1012, 1013]
[864, 966]
[884, 675]
[1041, 743]
[1378, 813, 57]
[71, 72]
[284, 96, 97]
[525, 698]
[900, 1272]
[1247, 111]
[199, 238, 203, 57, 102, 168]
[202, 203, 57, 102, 1060, 1081]
[40, 32, 33, 1242]
[302, 303]
[340, 57, 102, 1489]
[681, 132, 57, 102, 1419]
[841, 1190]
[482, 87]
[18, 19, 788]
[562, 1038]
[40, 32, 386]
[288, 111]
[674, 535]
[10, 1395]
[528, 40, 32, 386, 191]
[1214, 57, 102, 1060]
[452, 403]
[986, 1164]
[567, 1490]
[77, 0, 640, 347, 348]
[447, 5]
[708, 1166, 383, 821, 1303]
[908, 9]
[78, 185]
[982, 490]
[206, 616]
[76, 77, 0, 1, 697, 698]
[528, 918]
[848, 289]
[40, 32, 916]
[772, 1, 1219, 640]
[40, 82, 192, 606]
[976, 1135]
[1211, 1212]
[722, 723]
[881, 1336]
[1077, 132, 57, 102, 1489]
[1121, 194, 842]
[32, 271, 179, 1179, 1180]
[271, 179]
[1322, 211, 883]
[703, 571]
[37, 38]
[1114, 806, 809]
[1350, 1351]
[400, 190, 1360, 943]
[528, 40, 32, 271, 179]
[54, 963]
[588, 230, 589]
[1165, 93, 330]
[94, 869]
[841, 997]
[68, 110]
[206, 922]
[319, 191]
[340, 57, 102, 459]
[819, 27, 216]
[90, 690]
[296, 89]
[671, 408]
[552, 553, 562, 1038]
[832, 833]
[392, 458, 361]
[173, 315]
[122, 1171]
[567, 1052]
[88, 179]
[177, 9]
[706, 707]
[328, 61]
[612, 1063]
[821, 1303]
[255, 596]
[124, 565, 566]
[1110, 132, 57, 102]
[655, 959]
[1125, 1126]
[117, 1429]
[1475, 627]
[223, 766]
[421, 422, 0, 640, 347]
[1418, 926]
[94, 203, 57]
[823, 490]
[412, 498]
[130, 1144]
[421, 422, 0, 640, 698]
[32, 1485]
[973, 111]
[1003, 1227]
[50, 745]
[407, 331]
[583, 571]
[426, 132]
[1423, 57]
[613, 614]
[906, 907]
[32, 33, 43, 366]
[1, 697, 698]
[690, 691, 806]
[905, 78, 79]
[599, 647]
[340, 57, 102]
[44, 932]
[1443, 402]
[686, 210]
[923, 924]
[53, 1145]
[33, 61]
[426, 132, 57, 102, 168]
[1322, 211, 230, 1042]
[528, 40, 32, 33, 356]
[925, 926]
[1054, 0, 1, 1219, 640, 698]
[528, 1299]
[1054, 0, 1, 1219, 640, 347]
[1110, 132, 57]
[1247, 57, 102, 1060]
[71, 103]
[755, 150]
[234, 1341]
[704, 705]
[102, 142]
[179, 1179, 1180]
[230, 1042]
[421, 422, 0, 1]
[359, 360]
[597, 476, 477, 1328]
[528, 40, 32, 636]
[528, 40, 82, 192, 273, 274]
[919, 813, 57, 102, 1060, 1081]
[1249, 184, 205]
[101, 361]
[1368, 361, 362]
[50, 745, 806, 832, 833]
[78, 275]
[32, 1043]
[243, 511, 342]
[149, 501, 456, 457]
[582, 487]
[702, 237, 274]
[202, 203, 57, 102, 1316]
[819, 27, 478]
[909, 289]
[1214, 57, 102, 1419]
[655, 203, 57, 102, 1316]
[734, 227]
[477, 1328]
[528, 40, 82, 83]
[615, 588, 230, 231]
[561, 562, 1506]
[678, 359]
[16, 576]
[1226, 298, 970]
[202, 203, 1093]
[94, 203, 57, 102, 459]
[830, 831]
[148, 149, 456, 457]
[243, 511, 125]
[398, 82, 1498]
[1238, 1239]
[165, 854]
[386, 191]
[1366, 27]
[392, 361, 362]
[734, 446]
[762, 272]
[528, 40, 32, 386, 151]
[232, 403]
[1, 1219]
[32, 289]
[410, 184, 194, 1007]
[1077, 132]
[173, 403]
[192, 273, 1023]
[676, 677, 155]
[40, 32, 387]
[502, 503]
[1247, 57, 102, 1419]
[1249, 184, 1422]
[814, 815]
[1114, 806, 807]
[599, 1269]
[679, 792]
[729, 675]
[88, 174]
