[738, 1373]
[175, 581]
[529, 530, 984]
[277, 125]
[235, 236, 582, 96]
[88, 96, 97, 432]
[383, 80]
[631, 385]
[197, 871]
[1015, 128, 96, 97, 1426]
[923, 1317]
[855, 73, 1328]
[1022, 27, 447]
[1080, 284]
[480, 27, 207]
[230, 564]
[497, 39, 77, 185, 254, 968]
[1140, 27, 996]
[267, 11]
[728, 3, 656]
[399, 80]
[727, 130]
[126, 230, 745]
[1260, 1203]
[587, 151]
[193, 194]
[606, 607]
[1162, 1037]
[1303, 1304]
[183, 1293, 890]
[548, 106]
[75, 312]
[269, 63, 64]
[494, 73, 709, 466]
[1315, 1201]
[869, 529, 530, 1199]
[72, 2, 656, 657]
[704, 300]
[69, 70]
[497, 39, 32, 252, 253]
[957, 958]
[2, 3, 1158, 603]
[1375, 254]
[235, 236, 582, 96, 97]
[601, 602]
[640, 128, 96, 97, 1426]
[1047, 128, 96, 97, 1252]
[640, 128]
[198, 199]
[1056, 96, 97, 1001]
[1056, 96, 97, 1352]
[578, 1191]
[734, 741]
[497, 39, 77, 185, 1251]
[39, 32, 33, 42, 348]
[1022, 27, 226]
[1299, 27, 226]
[177, 196]
[240, 241]
[302, 366]
[1144, 97, 1426]
[236, 582, 247]
[554, 218, 555]
[1274, 27, 1324]
[1260, 1116]
[714, 89]
[193, 194, 1031]
[375, 77, 185, 573]
[471, 431]
[85, 7]
[773, 1022, 343, 344]
[236, 582, 96, 97, 161]
[1274, 27, 447]
[97, 1252]
[731, 128, 96, 97, 432]
[638, 749]
[20, 1337]
[1012, 11]
[497, 39, 32, 33, 340]
[999, 733]
[202, 834]
[1070, 494, 73, 709, 466, 467]
[113, 1361]
[746, 89]
[269, 980]
[585, 586]
[88, 194, 96]
[230, 481, 121]
[632, 633]
[20, 515]
[759, 141]
[313, 194, 96, 97, 432]
[126, 549]
[602, 939]
[820, 762, 787, 788]
[1040, 27, 447]
[307, 677]
[235, 236, 582, 96, 97, 1252]
[460, 461]
[379, 183, 1293]
[1070, 494, 73, 74]
[916, 106]
[32, 598]
[872, 258]
[97, 1001, 1018]
[1368, 1369]
[177, 639]
[1183, 31]
[1190, 1191]
[846, 1206]
[281, 1102]
[855, 73]
[660, 141]
[494, 1409]
[32, 1018]
[550, 456, 11]
[623, 701, 762, 763]
[235, 236, 582, 141]
[355, 591]
[1010, 517]
[39, 32, 365, 184]
[71, 728, 3, 1158]
[53, 945]
[329, 217]
[641, 179, 553]
[403, 450]
[1187, 177, 189, 798]
[363, 577]
[1107, 361, 775, 1288]
[423, 466]
[613, 614, 651]
[1299, 27, 447]
[582, 900]
[436, 11]
[923, 102]
[603, 657]
[26, 27]
[424, 189, 950]
[365, 742, 323]
[1109, 1114]
[277, 84]
[554, 555]
[687, 652]
[365, 184]
[379, 981]
[329, 349]
[585, 672]
[39, 32, 1273]
[230, 481, 322, 323]
[731, 128, 247]
[330, 5]
[175, 320]
[288, 1401]
[26, 27, 447]
[103, 320]
[1259, 202, 218, 219]
[1015, 128, 247]
[1070, 494, 73, 709]
[654, 655]
[693, 216, 349]
[96, 97, 138]
[497, 39, 376]
[307, 361, 775, 1288]
[313, 1246]
[395, 937]
[501, 361, 1367]
[526, 604]
[1233, 1164]
[934, 613, 614]
[257, 31]
[621, 460, 461]
[51, 107]
[71, 72, 2, 656]
[752, 753]
[1259, 202, 218, 569]
[471, 430, 431]
[1306, 1307]
[166, 189]
[1038, 343]
[481, 742, 323]
[103, 1348]
[187, 188]
[494, 73, 74]
[277, 189, 950]
[936, 344]
[375, 77, 185, 579]
[396, 2, 603, 327]
[693, 216, 217]
[236, 582, 900]
[1105, 87]
[423, 73, 74]
[120, 1215, 1219]
[145, 756]
[384, 312]
[494, 73, 709, 466, 826]
[1196, 356]
[1040, 27, 226]
[426, 324]
[1310, 766, 96, 97]
[387, 177, 189, 950]
[434, 435]
[208, 209]
[277, 167]
[126, 230, 564]
[944, 371, 372]
[535, 745]
[682, 251]
[103, 104]
[419, 420]
[120, 1215, 1216]
[1384, 31]
[497, 39, 32, 365, 742, 323]
[1047, 128, 96, 97, 432]
[220, 531]
[170, 11]
[43, 44]
[194, 96, 97]
[1088, 37]
[850, 16, 694]
[52, 1085]
[159, 808]
[1316, 69]
[1145, 623, 701, 762]
[855, 73, 709, 466, 467]
[405, 89]
[743, 744]
[39, 77, 185]
[601, 602, 939]
[1259, 202]
[1310, 766, 96, 97, 1252]
[1070, 494, 73, 178]
[1155, 1201]
[910, 911]
[937, 3, 1158, 603]
[131, 1421]
[1145, 701, 762, 763]
[497, 1229]
[792, 162]
[43, 96, 97, 138]
[128, 96, 97]
[1070, 494, 73, 709, 466, 826, 467]
[1047, 128, 1180]
[1104, 258]
[1376, 366]
[144, 145, 836]
[32, 33, 56]
[319, 96]
[462, 609]
[1396, 1397]
[797, 1128]
[623, 1248]
[177, 1354]
[304, 940]
[766, 96]
[395, 396, 2, 603]
[500, 189, 950]
[39, 32, 988]
[30, 31]
[39, 32, 19, 745]
[166, 278]
[972, 5]
[1355, 96, 97, 432]
[166, 84]
[361, 748]
[398, 15]
[863, 864]
[193, 194, 96, 97, 1426]
[1289, 428]
[150, 877]
[933, 137]
[395, 396, 2, 3, 656]
[1239, 1309]
[1316, 69, 70]
[120, 560]
[314, 315]
[204, 1168]
[1015, 128, 96]
[643, 644]
[361, 775, 1234]
[145, 471, 430, 431]
[518, 519, 125]
[379, 366]
[32, 33, 54]
[39, 32, 172, 1120]
[269, 63]
[361, 775, 1149]
[313, 194, 96, 97, 1252]
[1259, 202, 203]
[268, 258]
[49, 904]
[126, 152]
[578, 554, 218, 555]
[1217, 241]
[972, 973]
[1185, 96, 97]
[882, 335, 85]
[1274, 27, 226]
[120, 121]
[39, 77, 185, 1251]
[2, 603, 657]
[275, 276, 1296]
[469, 876]
[302, 184]
[71, 728, 3, 1158, 603, 327, 328]
[88, 194, 96, 97, 432]
[1310, 766, 96, 97, 138]
[846, 847]
[18, 19, 561]
[497, 39, 32, 172, 1120]
[548, 366]
[36, 652]
[20, 1071]
[868, 766, 1055]
[252, 31]
[1070, 494, 1409]
[177, 189, 798]
[497, 39, 32, 172]
[27, 1324]
[1187, 177, 1354]
[145, 756, 1412]
[319, 96, 97, 1426]
[1145, 623, 1248]
[497, 39, 32, 252, 172, 1120, 1121]
[663, 1042]
[18, 306]
[937, 3, 1158]
[758, 258]
[497, 39, 32, 252, 425]
[32, 428]
[361, 775, 1288]
[1056, 96, 97, 1001, 1018]
[1005, 64]
[73, 709]
[155, 1002]
[267, 92]
[535, 824]
[218, 987]
[754, 755]
[607, 25]
[1145, 701]
[773, 1022, 27, 996]
[482, 483]
[39, 32]
[396, 2, 3, 1158, 603, 327, 328]
[549, 694]
[1047, 128, 96, 97, 1426]
[88, 96, 97, 161]
[762, 787]
[1258, 529, 530, 1441]
[448, 1413]
[1355, 96, 97]
[228, 229]
[766, 1055]
[1096, 1097]
[1158, 603]
[671, 189, 950]
[818, 884]
[1047, 128, 96, 97, 1001, 1018]
[474, 475]
[1275, 1276]
[43, 96]
[400, 128, 141]
[1212, 177, 1354]
[71, 72, 2, 603]
[202, 218]
[607, 220, 221]
[32, 866]
[1351, 875]
[202, 569]
[872, 873]
[142, 143]
[891, 983, 1100]
[695, 7]
[126, 230, 481, 121]
[545, 418]
[1241, 651]
[400, 128, 96, 97, 138]
[395, 396, 2, 603, 657]
[1117, 320]
[1212, 177, 189, 798]
[271, 366]
[390, 80]
[395, 396, 2, 656, 657]
[441, 80]
[1299, 27]
[974, 975]
[32, 38]
[185, 579]
[773, 1022, 27, 207]
[175, 503]
[236, 582, 96, 97, 1426]
[1058, 1059]
[501, 361]
[497, 39, 77, 78]
[728, 3, 1158]
[582, 96, 97]
[955, 1325]
[1022, 343, 344]
[731, 128, 96, 97, 161]
[313, 194, 96, 97, 161]
[118, 1112]
[325, 326]
[621, 460, 1035]
[164, 226]
[489, 197]
[63, 105]
[510, 366]
[882, 335]
[419, 1257]
[665, 666]
[235, 236, 582, 96, 97, 1001, 1018]
[236, 582, 96, 97, 432]
[134, 135]
[582, 96, 97, 161]
[1047, 128, 247]
[797, 602, 939]
[97, 1426]
[640, 128, 247]
[39, 77, 185, 254]
[928, 539]
[393, 394]
[415, 7]
[375, 77, 78]
[446, 1265]
[728, 3]
[39, 77]
[572, 425]
[878, 284]
[1070, 494, 73, 709, 466, 605]
[1217, 1218]
[424, 320]
[485, 486]
[445, 446]
[286, 475]
[204, 106]
[872, 879]
[273, 274]
[795, 1362]
[1153, 96, 97, 1426]
[227, 184]
[396, 2, 3, 1158, 603, 657]
[71, 72, 2, 656, 657]
[277, 380]
[469, 876, 11]
[494, 73, 709, 466, 605]
[26, 27, 226]
[71, 72, 2, 603, 657]
[1144, 97, 432]
[1065, 1066]
[1067, 815]
[212, 722, 428]
[480, 27, 1324]
[400, 128, 96]
[667, 1107, 361, 748]
[937, 3, 1158, 603, 657]
[126, 230]
[313, 194, 1031]
[173, 174]
[497, 39, 32, 19, 745]
[2, 3, 1158, 603, 327]
[194, 96, 97, 1426]
[18, 300]
[519, 380]
[617, 456, 11]
[83, 380]
[1313, 1314]
[230, 481, 742]
[235, 236, 582]
[361, 959]
[828, 129]
[265, 266]
[1145, 623, 624]
[351, 352]
[738, 1420]
[236, 582]
[663, 664]
[828, 96, 97]
[32, 252, 1297]
[18, 781, 508]
[367, 368]
[1207, 87]
[183, 1293]
[537, 538]
[145, 321]
[395, 937, 3, 1158, 603]
[400, 128, 96, 97, 1426]
[497, 824]
[858, 11]
[868, 766, 96, 97, 1352]
[375, 77, 185]
[1013, 428]
[578, 554, 555]
[868, 766, 96, 97, 1001]
[1302, 324]
[423, 73, 709, 466, 826, 467]
[126, 230, 481, 322, 323]
[500, 425]
[629, 630, 464, 465]
[495, 1034]
[26, 27, 1324]
[153, 681]
[391, 392]
[261, 466]
[73, 178]
[116, 117]
[924, 475]
[32, 33]
[781, 508]
[343, 344]
[49, 589]
[874, 875]
[81, 526, 1041]
[820, 762, 763]
[88, 194, 1031]
[1358, 364]
[51, 52, 408]
[153, 154]
[236, 582, 96, 97]
[786, 27, 447]
[667, 1107, 361]
[1047, 128, 96, 97]
[982, 983, 1100]
[1175, 1176]
[83, 167]
[619, 620]
[126, 550, 456]
[395, 396, 2, 3, 1158, 603, 327, 328]
[1005, 125]
[1158, 603, 657]
[18, 781]
[190, 696]
[375, 77, 185, 254, 968]
[800, 247]
[1078, 125]
[393, 659]
[32, 162]
[88, 96, 97, 1001, 1018]
[1378, 343, 344]
[12, 324]
[32, 252, 903]
[855, 73, 709, 466]
[20, 683]
[497, 39, 32, 312]
[1070, 494, 1322]
[835, 428]
[921, 1075]
[39, 32, 1018]
[454, 455]
[497, 867]
[33, 366]
[39, 32, 598]
[1061, 189, 798]
[103, 196]
[497, 39, 77, 185, 579]
[39, 32, 365, 366]
[731, 128, 1180]
[855, 7]
[16, 544]
[259, 96, 97, 1001]
[556, 557]
[1155, 976, 977]
[518, 519, 530, 1441]
[637, 341, 342]
[120, 1014]
[398, 890]
[259, 96, 97, 1352]
[519, 1392]
[39, 952]
[224, 1277]
[1416, 1417]
[88, 194, 96, 97, 1001, 1018]
[222, 223, 255]
[18, 19, 428]
[518, 519, 380]
[193, 194, 96, 97]
[365, 366]
[8, 962]
[77, 185, 244]
[640, 1182]
[684, 7]
[236, 582, 96, 97, 1001, 1018]
[855, 73, 256]
[1212, 177, 189]
[41, 42]
[1388, 7]
[359, 488]
[126, 230, 481, 742, 323]
[144, 145, 430]
[20, 245]
[373, 374]
[849, 398, 890]
[185, 573]
[14, 890]
[206, 718]
[691, 692]
[497, 39, 32, 1245]
[891, 983]
[193, 89]
[693, 216, 737]
[235, 236, 582, 583]
[1083, 287]
[319, 96, 97, 1252]
[1393, 1178]
[396, 2, 3, 656, 657]
[2, 3, 1158]
[193, 194, 96, 97, 1252]
[1258, 529]
[1070, 494, 73]
[66, 98]
[640, 128, 96, 97]
[1021, 475]
[1175, 1265]
[606, 607, 220]
[1320, 1321]
[471, 430]
[126, 106]
[1242, 1405]
[497, 39, 77, 185, 573]
[195, 125]
[254, 255]
[131, 311]
[193, 96, 97]
[782, 961]
[1329, 421]
[77, 185, 901]
[128, 96, 97, 1001, 1018]
[126, 230, 481, 742]
[271, 272]
[126, 230, 481]
[49, 769]
[193, 96, 97, 1352]
[466, 826, 467]
[193, 96, 97, 1001]
[424, 189]
[71, 72, 2, 3, 1158]
[32, 1273]
[45, 879]
[88, 96, 97, 1252]
[621, 520]
[776, 428]
[81, 231]
[393, 1011]
[489, 197, 871]
[185, 254, 255]
[32, 252]
[371, 372]
[540, 11]
[235, 236, 582, 96, 97, 161]
[1222, 547]
[193, 194, 96, 97, 1001, 1018]
[750, 473]
[801, 11]
[193, 194, 96, 97, 432]
[261, 1210]
[621, 569]
[197, 1251]
[765, 196]
[766, 96, 97]
[855, 73, 709, 466, 826, 467]
[230, 745]
[88, 194, 96, 97, 161]
[1283, 1114]
[862, 496]
[136, 137]
[395, 396, 2, 3]
[582, 583]
[519, 530, 1199]
[663, 1349]
[1330, 877]
[20, 1027]
[786, 27, 226]
[519, 125]
[128, 129]
[24, 25]
[1136, 167]
[192, 1054]
[894, 895]
[1227, 1228]
[448, 449]
[729, 881]
[193, 96, 97, 138]
[363, 364]
[930, 1106]
[295, 296]
[497, 39, 32, 19, 561]
[235, 236, 582, 96, 97, 1001]
[662, 843]
[860, 861]
[235, 236, 582, 96, 97, 1352]
[518, 519, 486]
[1022, 343]
[535, 481, 121]
[16, 694]
[998, 106]
[71, 728, 3, 1158, 603]
[197, 579]
[319, 96, 97, 161]
[775, 1288]
[309, 54]
[643, 1087]
[1404, 11]
[83, 189, 950]
[1391, 591]
[230, 481, 742, 323]
[298, 135]
[1070, 494, 466, 826]
[1109, 900]
[497, 39, 32, 866]
[299, 428]
[1052, 762]
[1060, 568]
[1411, 589]
[384, 385]
[998, 54]
[1019, 1020]
[1301, 343]
[72, 2, 603]
[319, 299, 1174]
[537, 343]
[32, 33, 366]
[236, 582, 583]
[395, 396, 2, 3, 656, 657]
[497, 39, 32, 252, 903]
[185, 186]
[868, 943]
[521, 287]
[912, 380]
[20, 764]
[39, 32, 428]
[662, 539]
[731, 128]
[424, 815]
[216, 106]
[693, 216, 157]
[869, 529, 530, 984]
[919, 920]
[43, 96, 97]
[375, 77, 185, 499]
[1056, 96]
[787, 788]
[8, 812]
[710, 1443]
[513, 460]
[269, 990]
[309, 366]
[572, 189, 950]
[2, 656, 657]
[481, 121]
[86, 87]
[2, 3, 656]
[72, 2, 3, 1158]
[94, 1063]
[309, 56]
[481, 322, 323]
[1197, 1198]
[20, 1415]
[809, 810]
[236, 582, 96, 97, 1252]
[240, 580]
[451, 609]
[18, 19, 771]
[313, 194, 96, 97, 1001]
[47, 726]
[313, 194, 96, 97, 1352]
[27, 447]
[101, 1278]
[844, 845]
[640, 128, 96, 97, 161]
[868, 766, 96, 97, 161]
[71, 72, 2]
[357, 1418]
[749, 1124]
[32, 33, 1181]
[699, 700]
[359, 1127]
[582, 96, 97, 432]
[640, 128, 96]
[850, 16, 993]
[288, 873]
[194, 96, 97, 432]
[49, 50]
[802, 803]
[19, 771]
[405, 406]
[1015, 128, 96, 97, 1001, 1018]
[1047, 128, 96]
[484, 332]
[1064, 476, 285]
[136, 1272]
[1043, 543, 382]
[130, 131, 311]
[1255, 343]
[335, 85, 7]
[855, 73, 709, 466, 826]
[361, 775]
[1072, 1073]
[766, 96, 97, 1001, 1018]
[582, 96, 97, 1001, 1018]
[379, 183, 1293, 890]
[83, 172, 1120, 1121]
[734, 735]
[12, 1173]
[166, 189, 950]
[423, 73]
[71, 72, 2, 3, 1158, 603]
[387, 177, 178]
[645, 201]
[1217, 562]
[22, 23]
[937, 3, 1158, 603, 327, 328]
[1189, 80]
[194, 96, 97, 1252]
[32, 1245]
[930, 989]
[497, 39, 32, 365, 56]
[18, 19, 991]
[791, 27, 447]
[32, 19, 771]
[773, 1022, 343]
[1235, 284]
[1184, 530, 984]
[71, 728, 3, 656]
[829, 1341]
[1145, 623, 701, 762, 787]
[1047, 128, 96, 97, 138]
[494, 73, 709, 466, 467]
[635, 636, 151]
[19, 991]
[32, 345]
[350, 343]
[1299, 27, 1324]
[578, 554, 218, 987]
[1016, 284]
[1032, 31]
[947, 1166]
[39, 32, 19]
[27, 226]
[72, 2, 603, 657]
[731, 128, 96]
[693, 216]
[126, 549, 100]
[445, 446, 465]
[407, 11]
[189, 798]
[400, 128, 96, 97, 1252]
[497, 39, 32, 428]
[53, 272]
[290, 291]
[292, 527]
[505, 225]
[1326, 1327]
[337, 201]
[148, 234]
[148, 149]
[242, 243]
[395, 396, 2, 656]
[32, 19, 991]
[212, 722]
[32, 33, 42, 348]
[421, 422]
[578, 554]
[88, 194, 96, 97, 1352]
[679, 1028]
[88, 194, 96, 97, 1001]
[667, 1107]
[1044, 630]
[1056, 96, 97, 1252]
[10, 736]
[313, 194, 96, 97, 138]
[850, 16, 468]
[1070, 494, 466, 605]
[850, 1008]
[667, 1107, 361, 775, 1149]
[983, 1100]
[1148, 223]
[489, 197, 186]
[132, 133]
[1211, 798]
[772, 27, 1324]
[927, 459]
[145, 471, 836]
[1039, 232, 233]
[18, 508]
[641, 179, 528]
[667, 1107, 361, 775, 1234]
[882, 335, 85, 7]
[1212, 177, 189, 950]
[73, 74]
[442, 443]
[309, 106]
[494, 73, 709, 466, 826, 467]
[705, 1253]
[1274, 27]
[868, 766]
[1407, 1405]
[1107, 361, 775, 1234]
[111, 112]
[32, 252, 425]
[1107, 361, 775, 1149]
[43, 96, 97, 432]
[1185, 96, 97, 1252]
[426, 991]
[507, 80]
[766, 96, 97, 1352]
[1047, 1111]
[288, 879]
[379, 135]
[1070, 494, 73, 709, 466, 826]
[289, 27, 996]
[610, 249]
[629, 630, 464]
[766, 96, 97, 1001]
[501, 1424]
[641, 179, 747]
[248, 843]
[497, 39, 32, 162]
[351, 352, 1406]
[223, 255]
[791, 27, 226]
[175, 196]
[728, 3, 656, 657]
[1301, 343, 344]
[353, 1165]
[3, 1158, 603, 327]
[709, 466, 467]
[623, 701]
[3, 1158, 603]
[227, 135]
[3, 656]
[423, 73, 709]
[1145, 623, 701]
[39, 32, 252, 172, 1120, 1121]
[828, 96, 97, 1426]
[277, 815]
[39, 32, 252, 1247]
[51, 52, 1085]
[1378, 343]
[423, 73, 178]
[640, 128, 141]
[641, 642]
[938, 1339]
[697, 698]
[1310, 766, 96, 97, 1001, 1018]
[1185, 96]
[554, 218, 987]
[18, 1174]
[509, 7]
[518, 519, 530]
[395, 396, 2, 3, 1158]
[363, 577, 1003]
[704, 428]
[1043, 543]
[289, 27, 207]
[701, 762, 787]
[606, 607, 220, 531]
[497, 39, 77, 185, 186]
[701, 762]
[387, 177]
[826, 467]
[71, 72, 2, 3, 1158, 603, 657]
[645, 646]
[1184, 530, 1441]
[236, 582, 141]
[1213, 1214]
[855, 73, 733]
[883, 385]
[497, 39, 32, 365, 54]
[825, 129]
[198, 1007]
[77, 185, 871]
[638, 208]
[1310, 766, 96, 97, 432]
[235, 236, 582, 964]
[606, 607, 220, 221]
[92, 897]
[271, 106]
[73, 733]
[731, 128, 96, 97, 138]
[497, 39, 32, 252, 1247]
[1242, 1243]
[319, 299, 428]
[501, 361, 1359]
[295, 189, 950]
[1145, 701, 762]
[120, 353]
[782, 581]
[375, 77]
[316, 317]
[519, 938, 1339]
[714, 1437]
[1342, 291]
[2, 656]
[232, 233, 1265]
[307, 361, 775, 1149]
[481, 742]
[797, 602]
[606, 607, 25]
[1259, 202, 218]
[301, 7]
[1259, 202, 569]
[267, 92, 93]
[551, 552]
[19, 428]
[1145, 677]
[1344, 703]
[423, 73, 1328]
[804, 54]
[49, 385]
[235, 236, 582, 96, 97, 432]
[405, 715]
[18, 506]
[1015, 128, 1180]
[955, 956]
[53, 366]
[32, 33, 42]
[28, 29]
[331, 332]
[494, 73, 1328]
[115, 47, 966]
[731, 128, 141]
[1105, 87, 311]
[307, 361, 775, 1234]
[709, 466]
[276, 1296]
[39, 32, 252, 31]
[205, 206]
[109, 110]
[578, 514]
[313, 194, 96, 97, 1001, 1018]
[39, 77, 185, 871]
[375, 31]
[638, 208, 209, 378]
[1056, 96, 97, 138]
[42, 348]
[731, 128, 96, 97, 1001, 1018]
[1133, 418]
[222, 223]
[472, 1057]
[367, 27, 207]
[766, 96, 97, 138]
[451, 386]
[1107, 361]
[39, 32, 1419]
[39, 32, 866]
[662, 1266]
[75, 76]
[361, 1359]
[661, 223]
[200, 428]
[894, 1004]
[850, 1394]
[537, 343, 344]
[587, 774]
[693, 216, 418]
[120, 59, 1414]
[451, 119]
[822, 823]
[1334, 11]
[362, 247]
[513, 460, 1035]
[395, 396, 2, 603, 327, 328]
[746, 406]
[88, 96, 97, 1001]
[423, 73, 709, 466]
[1184, 530]
[783, 48]
[88, 96, 97, 1352]
[367, 770]
[535, 481, 322, 323]
[645, 285]
[166, 125]
[712, 713]
[1141, 37]
[68, 31]
[43, 96, 97, 1001, 1018]
[535, 481, 742]
[772, 27, 447]
[379, 272]
[1015, 128, 96, 97, 1252]
[75, 162]
[88, 194, 96, 97]
[550, 456]
[367, 27, 996]
[487, 56]
[398, 285]
[489, 608]
[1070, 494, 73, 196]
[1286, 1287]
[55, 106]
[88, 194]
[1109, 105]
[1157, 1158, 603, 327, 328]
[924, 287]
[955, 952]
[352, 568]
[985, 382]
[379, 184]
[485, 125]
[471, 836]
[937, 3]
[439, 440]
[953, 954]
[516, 517]
[79, 80]
[513, 460, 569]
[388, 389]
[210, 410]
[497, 39, 77]
[1355, 96, 97, 1426]
[1255, 343, 344]
[14, 285]
[18, 428]
[530, 1199]
[39, 32, 252]
[529, 530, 1199]
[640, 128, 96, 97, 432]
[828, 247]
[563, 445]
[72, 2, 603, 327, 328]
[1259, 202, 834]
[1093, 653]
[134, 54]
[144, 145, 756, 1412]
[898, 733]
[39, 32, 54]
[1052, 762, 787, 788]
[193, 194, 96, 97, 138]
[220, 221]
[497, 39, 32, 33]
[396, 2, 656, 657]
[396, 2, 3, 1158, 603]
[661, 223, 255]
[395, 396, 2]
[722, 300]
[71, 728, 1074]
[395, 396, 2, 3, 1158, 603, 327]
[81, 526, 604, 1041]
[202, 218, 219]
[501, 89]
[731, 128, 96, 97, 1001]
[731, 128, 96, 97, 1352]
[209, 378]
[497, 39, 32, 252]
[403, 404]
[1123, 1124]
[352, 1406]
[489, 197, 573]
[793, 80]
[39, 40]
[115, 47, 48]
[782, 190, 696]
[641, 179, 618]
[1047, 128, 129]
[32, 1419]
[81, 99]
[126, 929]
[578, 554, 219]
[216, 719]
[513, 514]
[1225, 1226, 1261]
[319, 299, 300]
[367, 27, 1324]
[445, 446, 1265]
[623, 624]
[1385, 597]
[254, 968]
[728, 3, 1158, 603, 657]
[1230, 1231]
[39, 77, 185, 573]
[896, 648]
[39, 32, 162]
[307, 715]
[855, 73, 196]
[1263, 1169]
[1144, 97, 138]
[32, 365, 184]
[375, 77, 185, 254, 255]
[144, 145, 756]
[128, 96, 97, 161]
[578, 554, 218]
[1009, 287]
[804, 272]
[2, 603]
[94, 146]
[32, 172]
[1285, 607, 220, 815]
[202, 203]
[1346, 1347]
[236, 582, 96, 97, 138]
[202, 218, 569]
[424, 98]
[395, 937, 3, 1158]
[772, 27]
[615, 1041]
[298, 302]
[1145, 623]
[298, 302, 366]
[841, 842]
[57, 58]
[1107, 361, 748]
[489, 1356]
[1060, 568, 352]
[451, 99]
[585, 946]
[762, 821]
[926, 287]
[39, 32, 33, 1181]
[72, 2, 3, 1158, 603]
[497, 39, 32, 33, 42, 348]
[807, 7]
[1153, 96, 97]
[1212, 177, 178]
[1135, 11]
[375, 77, 185, 186]
[1120, 1121]
[43, 96, 97, 161]
[489, 197, 579]
[497, 39, 32, 365, 742]
[494, 1322]
[1187, 177, 196]
[145, 471, 431]
[820, 821]
[39, 77, 185, 254, 255]
[395, 937, 3, 1158, 603, 327]
[128, 96, 97, 432]
[77, 185, 254]
[289, 27]
[1067, 253]
[714, 715]
[53, 508]
[309, 184]
[16, 993]
[568, 352]
[710, 711]
[1263, 11]
[1185, 96, 97, 1426]
[41, 56]
[339, 418]
[709, 466, 605]
[307, 361]
[1052, 762, 763]
[145, 158]
[582, 96, 97, 1352]
[1140, 27, 226]
[501, 361, 748]
[1250, 165]
[1239, 1240]
[197, 573]
[335, 85]
[637, 341]
[1310, 766, 96, 97, 1426]
[917, 918]
[494, 196]
[193, 194, 96, 97, 1352]
[71, 72, 2, 3, 656, 657]
[193, 194, 96, 97, 1001]
[427, 13]
[913, 914]
[709, 466, 826]
[39, 32, 33, 340]
[51, 52]
[120, 533]
[535, 1045]
[582, 96, 97, 1001]
[621, 622]
[791, 27, 1324]
[32, 365, 366]
[855, 73, 709, 466, 605]
[32, 252, 253]
[155, 845]
[185, 499]
[930, 931]
[39, 32, 345]
[494, 73, 709]
[3, 656, 657]
[1187, 177, 639]
[795, 1311]
[379, 56]
[83, 815]
[1109, 1110]
[400, 128, 1180]
[494, 73, 178]
[607, 220, 380]
[134, 349]
[41, 54]
[1064, 476]
[617, 456]
[377, 1377, 378]
[367, 27]
[667, 1107, 361, 1367]
[1187, 177]
[71, 72, 2, 603, 327, 328]
[777, 459]
[572, 98]
[33, 1181]
[849, 398]
[73, 1328]
[772, 27, 226]
[1310, 766, 96, 97, 161]
[235, 236, 582, 64]
[1355, 96, 97, 161]
[335, 85, 414]
[860, 1433]
[14, 15]
[73, 256]
[71, 728, 3, 1158, 603, 327]
[1145, 623, 701, 762, 821]
[72, 2, 3, 1158, 603, 657]
[497, 39, 32, 345]
[14, 201]
[1153, 96, 97, 138]
[582, 247]
[679, 680]
[709, 466, 826, 467]
[215, 54]
[582, 96]
[742, 323]
[1133, 157]
[81, 526, 604, 794]
[116, 721]
[1140, 27, 447]
[179, 1147]
[543, 382]
[375, 184]
[693, 54]
[52, 942]
[379, 183]
[369, 370]
[32, 19, 428]
[1157, 1158, 603, 327]
[16, 468]
[72, 1074]
[1022, 27]
[497, 39, 77, 185, 499]
[375, 77, 185, 1251]
[194, 96, 97, 138]
[126, 532]
[433, 80]
[640, 1182, 64]
[855, 466, 826]
[72, 2, 3]
[1291, 1292]
[1129, 31]
[869, 529, 530]
[1060, 568, 352, 1406]
[545, 737]
[497, 39, 952]
[120, 353, 1165]
[497, 39, 32, 252, 172, 1120]
[697, 839]
[497, 39, 32, 38]
[1140, 27]
[535, 481]
[260, 253]
[401, 402]
[554, 987]
[1263, 1169, 1170]
[123, 668]
[828, 96, 97, 1001, 1018]
[484, 1333]
[259, 96, 97, 161]
[497, 39, 32]
[39, 32, 1245]
[71, 72, 2, 3, 1158, 603, 327, 328]
[145, 471, 430]
[179, 553]
[497, 39, 32, 988]
[377, 209]
[101, 1132]
[701, 762, 821]
[969, 970]
[849, 398, 608]
[519, 530, 984]
[400, 128, 96, 97, 1001, 1018]
[275, 1363]
[20, 971]
[195, 840]
[626, 343, 344]
[130, 131]
[335, 336, 1082]
[828, 96, 97, 138]
[533, 534]
[1040, 27, 996]
[419, 11]
[32, 19, 561]
[400, 128, 96, 97, 161]
[501, 361, 775, 1234]
[1208, 1209]
[375, 77, 185, 244]
[1305, 284]
[261, 262]
[501, 361, 775, 1149]
[546, 547, 412]
[252, 1247]
[367, 967]
[868, 766, 96]
[248, 653]
[805, 806]
[494, 11]
[1107, 361, 775]
[728, 1074]
[369, 536]
[43, 366]
[273, 830]
[413, 1323]
[497, 39, 32, 33, 366]
[1083, 475]
[667, 1107, 361, 775, 1288]
[94, 95]
[224, 225]
[1215, 1219]
[1355, 96, 97, 1252]
[359, 1249]
[145, 1357]
[1318, 1319]
[193, 96, 97, 1252]
[194, 96]
[497, 39, 77, 185, 244]
[1258, 529, 530, 984]
[126, 617]
[1259, 202, 218, 987]
[1318, 1402]
[77, 185, 579]
[637, 341, 1298]
[480, 27, 447]
[32, 365, 742, 323]
[179, 180]
[1053, 31]
[277, 189, 798]
[466, 605]
[469, 11]
[1133, 737]
[66, 67]
[424, 380]
[381, 382]
[855, 466, 605]
[1098, 1099]
[298, 302, 184]
[400, 128, 96, 97, 1001]
[400, 128, 96, 97, 1352]
[1187, 177, 189]
[355, 1037]
[387, 177, 189, 798]
[120, 533, 1360]
[1108, 98]
[480, 27, 226]
[1212, 177]
[497, 39, 77, 185, 901]
[603, 327]
[166, 380]
[654, 720]
[1015, 128, 96, 97, 432]
[497, 39, 1438]
[216, 54]
[73, 709, 466, 467]
[263, 1244]
[400, 128, 96, 97]
[494, 73, 256]
[727, 130, 131, 1421]
[1153, 96, 97, 1001, 1018]
[319, 299]
[582, 96, 97, 138]
[1046, 37]
[185, 901]
[235, 236]
[795, 796]
[850, 16, 544]
[1070, 494]
[68, 165]
[497, 39, 77, 1435]
[77, 185, 573]
[902, 343]
[57, 508]
[500, 189, 798]
[641, 179, 310]
[120, 353, 397]
[2, 3]
[632, 1077]
[578, 520]
[77, 185, 254, 968]
[1215, 1216]
[902, 343, 344]
[828, 96, 97, 1252]
[379, 54]
[695, 347]
[773, 1022, 27]
[1274, 27, 207]
[500, 189]
[230, 410]
[236, 582, 96, 97, 1001]
[236, 582, 96, 97, 1352]
[1275, 1434]
[548, 349]
[288, 7]
[466, 826]
[518, 519, 938]
[400, 128, 129]
[623, 701, 762, 787]
[693, 216, 719]
[1294, 380]
[526, 604, 794]
[1021, 287]
[1135, 7]
[51, 52, 942]
[1281, 1282]
[144, 145, 158]
[423, 73, 709, 466, 605]
[299, 300]
[629, 630]
[413, 414]
[462, 231]
[1186, 1160]
[1312, 366]
[250, 251]
[1295, 106]
[57, 506]
[166, 296]
[1040, 27, 207]
[850, 16]
[641, 179, 180, 688]
[1046, 652]
[627, 886]
[570, 571]
[1274, 27, 996]
[33, 42]
[387, 177, 189]
[1158, 603, 327]
[522, 523]
[695, 696]
[1185, 106]
[83, 84]
[39, 32, 252, 172]
[277, 189]
[39, 32, 172]
[947, 948]
[279, 280]
[72, 2, 656]
[329, 106]
[530, 984]
[1101, 760]
[1395, 1037]
[509, 165]
[477, 877]
[526, 1041]
[686, 428]
[128, 96]
[32, 312]
[641, 179, 180]
[20, 409]
[224, 925]
[53, 54]
[1088, 652]
[216, 157]
[126, 230, 410]
[401, 1290]
[55, 56]
[717, 253]
[259, 880]
[336, 1082]
[1167, 279, 915]
[177, 189, 950]
[183, 184]
[746, 677]
[1285, 607]
[497, 498]
[73, 196]
[39, 77, 185, 579]
[26, 27, 207]
[519, 530, 1441]
[193, 96, 97, 161]
[1047, 64]
[1056, 96, 97, 432]
[1177, 1178]
[298, 1086]
[350, 343, 344]
[595, 596]
[775, 1149]
[775, 1234]
[261, 466, 467]
[932, 80]
[1226, 1261]
[1329, 421, 422]
[1185, 96, 97, 161]
[2, 3, 1158, 603, 657]
[494, 466, 467]
[1377, 378]
[621, 460]
[641, 179, 1147]
[693, 216, 106]
[235, 236, 582, 96, 97, 138]
[723, 574]
[1222, 547, 412]
[166, 167]
[252, 172]
[1439, 184]
[869, 870]
[329, 54]
[298, 184]
[396, 2, 603]
[0, 1]
[55, 366]
[529, 530]
[497, 39, 32, 19, 428]
[53, 56]
[572, 189]
[361, 1367]
[778, 157]
[163, 164, 226]
[497, 39, 32, 19, 771]
[674, 162]
[20, 935]
[603, 327, 328]
[424, 425]
[766, 96, 97, 1252]
[1207, 87, 311]
[26, 27, 996]
[1145, 701, 762, 787]
[319, 96, 97, 138]
[1187, 177, 189, 950]
[43, 106]
[269, 63, 105]
[277, 278]
[930, 992]
[738, 739]
[1202, 1203]
[377, 378]
[766, 96, 97, 432]
[128, 96, 97, 1252]
[497, 39, 77, 185]
[292, 293]
[667, 1107, 361, 775]
[126, 230, 1118]
[1236, 1237]
[108, 692]
[1001, 1018]
[850, 16, 100]
[535, 1116]
[1289, 13]
[130, 131, 1421]
[1283, 900]
[497, 39, 32, 33, 56]
[494, 466]
[39, 32, 365, 742, 323]
[96, 97, 1252]
[144, 145, 430, 431]
[177, 178]
[0, 1025]
[407, 408]
[126, 550, 456, 11]
[853, 854]
[640, 128, 96, 97, 1001, 1018]
[1285, 607, 25]
[307, 361, 775]
[2, 603, 327]
[365, 54]
[377, 682]
[530, 1441]
[489, 197, 285]
[638, 208, 209]
[85, 414]
[497, 39, 32, 19, 991]
[230, 481, 322]
[1053, 253]
[259, 96, 97, 432]
[398, 608]
[604, 794]
[687, 37]
[286, 287]
[463, 171]
[825, 247]
[43, 96, 97, 1426]
[518, 519]
[1052, 762, 821]
[230, 1118]
[81, 526]
[1081, 429]
[582, 964]
[489, 197, 901]
[1157, 1158, 603]
[1260, 106]
[518, 519, 530, 984]
[497, 39, 32, 33, 54]
[59, 1414]
[32, 318]
[855, 11]
[97, 138]
[53, 135]
[307, 308]
[494, 597]
[55, 54]
[341, 1298]
[518, 519, 530, 1199]
[627, 628]
[423, 73, 256]
[1061, 189]
[365, 56]
[19, 745]
[259, 96, 97, 1426]
[1188, 970]
[519, 938]
[39, 32, 252, 253]
[71, 72, 2, 603, 327]
[563, 445, 446, 1265]
[8, 9]
[1061, 189, 950]
[257, 258]
[732, 102]
[732, 320]
[298, 1400]
[113, 114]
[673, 674]
[898, 899]
[363, 577, 5]
[497, 39, 32, 365, 184]
[1070, 494, 466, 826, 467]
[757, 31]
[319, 96, 97, 432]
[39, 32, 33, 56]
[81, 609]
[828, 96]
[1167, 279]
[582, 129]
[501, 361, 775]
[197, 186]
[849, 398, 348]
[236, 582, 964]
[762, 763]
[236, 582, 96]
[346, 347]
[640, 64]
[1015, 128, 141]
[610, 539]
[1000, 459]
[1006, 11]
[934, 613]
[1225, 1226]
[427, 428]
[39, 77, 78]
[227, 56]
[261, 799]
[155, 156]
[172, 1120, 1121]
[1140, 27, 1324]
[72, 2, 3, 656]
[396, 2, 3, 1158, 603, 327]
[92, 93]
[1142, 1284]
[887, 1004]
[767, 768]
[1056, 96, 97]
[868, 766, 96, 97, 432]
[872, 7]
[1316, 962]
[193, 96, 97, 1426]
[495, 496]
[155, 1113]
[1101, 760, 761]
[868, 766, 96, 97]
[497, 39, 32, 252, 1297]
[937, 3, 656, 657]
[2, 3, 656, 657]
[153, 444]
[235, 236, 582, 129]
[396, 2, 656]
[1300, 98]
[490, 491]
[1040, 27]
[937, 3, 1158, 603, 327]
[283, 284]
[34, 542]
[39, 32, 33, 54]
[592, 157]
[856, 857]
[179, 180, 688]
[307, 361, 959]
[829, 830]
[32, 252, 172]
[128, 141]
[1436, 557]
[1440, 857]
[252, 253]
[766, 96, 97, 161]
[118, 119]
[855, 466, 467]
[333, 334]
[1070, 494, 1308]
[39, 77, 185, 254, 968]
[194, 96, 97, 161]
[630, 464]
[855, 466]
[120, 1215]
[466, 467]
[20, 1350]
[126, 127]
[452, 284]
[497, 39, 40]
[1015, 128, 96, 97, 161]
[1156, 823]
[1335, 1336]
[288, 915]
[1150, 1151]
[275, 276]
[39, 32, 19, 991]
[2, 603, 327, 328]
[73, 709, 466, 605]
[218, 219]
[1428, 1420]
[1015, 128, 96, 97, 1352]
[1379, 1380]
[640, 128, 96, 97, 138]
[1015, 128, 96, 97, 1001]
[982, 983]
[1070, 494, 73, 733]
[1169, 1170]
[150, 151]
[2, 3, 1158, 603, 327, 328]
[1355, 96, 97, 1001, 1018]
[259, 96, 97]
[535, 1427]
[353, 397]
[773, 1022, 27, 447]
[126, 230, 481, 322]
[494, 466, 826, 467]
[1185, 96, 97, 432]
[12, 13]
[1029, 1030]
[1145, 701, 762, 821]
[1107, 361, 1367]
[377, 209, 378]
[497, 867, 1370]
[869, 1089]
[200, 13]
[281, 282]
[362, 129]
[163, 164]
[173, 1389]
[34, 672]
[923, 951]
[298, 885]
[587, 478]
[1285, 607, 220, 380]
[477, 478]
[88, 89]
[277, 1079]
[833, 80]
[181, 182]
[426, 13]
[39, 32, 19, 771]
[533, 1360]
[1145, 701, 762, 787, 788]
[732, 100]
[1144, 97, 1001]
[1144, 97, 1352]
[518, 519, 1392]
[36, 37]
[782, 196]
[976, 977]
[395, 937, 3, 656]
[83, 1178]
[792, 318]
[218, 569]
[658, 394]
[492, 493]
[457, 253]
[462, 99]
[145, 430]
[250, 789]
[298, 302, 135]
[791, 27]
[39, 77, 185, 499]
[83, 172, 1120]
[335, 336]
[1381, 284]
[41, 135]
[175, 503, 504]
[400, 128]
[1107, 361, 959]
[1238, 80]
[327, 328]
[375, 376]
[494, 73, 733]
[1056, 96, 97, 1426]
[547, 412]
[145, 430, 431]
[640, 128, 96, 97, 1352]
[731, 128, 96, 97, 1252]
[640, 128, 96, 97, 1001]
[647, 648]
[1070, 494, 466, 467]
[16, 17]
[671, 189, 798]
[194, 96, 97, 1001]
[194, 96, 97, 1352]
[855, 73, 74]
[667, 1107, 361, 1359]
[19, 561]
[1371, 1372]
[565, 1204]
[96, 97, 1001, 1018]
[1293, 890]
[357, 358]
[39, 77, 185, 186]
[126, 1084]
[81, 82]
[1299, 27, 207]
[658, 659]
[1153, 96, 97, 1001]
[47, 48]
[61, 62]
[1103, 733]
[558, 249]
[73, 709, 466, 826]
[566, 1279]
[887, 888]
[32, 19]
[849, 398, 15]
[220, 380]
[1153, 96, 97, 432]
[1144, 97]
[261, 466, 826]
[1065, 1224]
[1194, 1195]
[673, 674, 162]
[729, 730]
[375, 77, 1435]
[1153, 96, 97, 1352]
[1264, 958]
[185, 244]
[869, 529, 530, 1441]
[669, 796]
[120, 678]
[1299, 27, 996]
[128, 96, 97, 138]
[32, 272]
[71, 72, 2, 3, 656]
[384, 162]
[1047, 1111, 64]
[111, 1408]
[1076, 382]
[144, 145, 471, 836]
[786, 27, 207]
[263, 264]
[1050, 1051]
[288, 258]
[782, 7]
[83, 189]
[607, 220, 815]
[261, 466, 605]
[756, 1412]
[1269, 1270]
[1146, 1147]
[375, 77, 185, 901]
[216, 418]
[6, 7]
[126, 617, 456, 11]
[413, 1023]
[1159, 1160]
[297, 157]
[35, 168]
[32, 172, 1120]
[144, 145, 321]
[395, 937, 3]
[252, 1297]
[458, 459]
[96, 97, 161]
[423, 73, 709, 466, 826]
[33, 340]
[464, 465]
[97, 1352]
[81, 386]
[782, 190]
[236, 582, 129]
[32, 365, 54]
[237, 238]
[396, 2]
[566, 567]
[52, 408]
[96, 97, 1426]
[626, 343]
[128, 96, 97, 1426]
[1009, 475]
[180, 688]
[424, 189, 798]
[359, 1122]
[1104, 31]
[97, 1001]
[526, 604, 1100]
[1070, 494, 7]
[480, 27]
[722, 428]
[1295, 366]
[39, 184]
[307, 361, 1359]
[379, 183, 184]
[1374, 951]
[208, 209, 378]
[32, 493]
[47, 966]
[377, 1262]
[313, 89]
[39, 32, 252, 1297]
[144, 145, 1357]
[1136, 278]
[403, 1036]
[384, 866]
[604, 1100]
[126, 214]
[126, 1390]
[497, 39, 32, 598]
[3, 1158, 603, 327, 328]
[96, 97]
[978, 979]
[848, 258]
[1144, 97, 1001, 1018]
[246, 247]
[558, 559]
[1398, 1399]
[32, 365, 56]
[4, 5]
[784, 785]
[88, 96, 97]
[489, 197, 1251]
[610, 843]
[882, 1331]
[83, 278]
[14, 348]
[81, 526, 604, 1100]
[314, 1119]
[497, 39, 32, 1139]
[43, 96, 97, 1252]
[472, 473]
[355, 356]
[723, 574, 366]
[582, 96, 97, 1252]
[667, 668]
[3, 1158]
[451, 82]
[986, 700]
[501, 361, 959]
[1182, 64]
[32, 19, 745]
[144, 145]
[395, 396, 2, 603, 327]
[675, 676]
[513, 520]
[867, 1370]
[145, 471]
[387, 177, 1354]
[882, 335, 336]
[1332, 523]
[1155, 976]
[398, 348]
[512, 31]
[145, 836]
[554, 218, 219]
[316, 429]
[588, 129]
[907, 908]
[495, 657]
[1355, 96, 97, 138]
[905, 1338]
[1184, 530, 1199]
[546, 547]
[578, 554, 218, 569]
[39, 32, 318]
[963, 253]
[934, 613, 614, 651]
[497, 39, 77, 185, 254]
[850, 1205]
[689, 690]
[554, 218, 569]
[1310, 766]
[535, 685]
[554, 218]
[724, 725]
[791, 27, 996]
[582, 64]
[944, 371]
[16, 100]
[351, 352, 568]
[120, 64]
[656, 657]
[494, 1308]
[302, 135]
[446, 465]
[1070, 494, 73, 1328]
[179, 528]
[295, 189]
[937, 3, 656]
[554, 219]
[786, 27, 1324]
[813, 814]
[1355, 96]
[39, 32, 252, 425]
[32, 365]
[77, 1435]
[727, 130, 131, 311]
[83, 125]
[926, 475]
[71, 72, 2, 3]
[387, 177, 196]
[39, 1438]
[1070, 494, 597]
[791, 27, 207]
[155, 511]
[319, 96, 97]
[489, 197, 646]
[671, 189]
[731, 128, 129]
[1187, 177, 178]
[849, 398, 285]
[179, 747]
[216, 349]
[1271, 82]
[423, 466, 467]
[32, 33, 340]
[232, 233]
[90, 91]
[32, 366]
[773, 1022, 27, 1324]
[497, 751]
[1039, 232, 233, 1265]
[578, 554, 218, 219]
[868, 766, 96, 97, 1426]
[497, 39, 32, 172, 1120, 1121]
[577, 5]
[1223, 1224]
[497, 39, 32, 1419]
[513, 460, 461]
[497, 39, 32, 318]
[1285, 607, 220, 531]
[190, 191]
[77, 185, 499]
[786, 27, 996]
[216, 217]
[1153, 96]
[235, 236, 582, 900]
[882, 335, 336, 1082]
[497, 39, 32, 365, 366]
[545, 719]
[144, 431]
[263, 1232]
[606, 607, 220, 815]
[1070, 494, 73, 256]
[144, 145, 471]
[1070, 494, 466]
[423, 73, 196]
[1153, 96, 97, 1252]
[72, 2, 603, 327]
[240, 562]
[1015, 128, 96, 97]
[658, 994]
[39, 32, 172, 1120, 1121]
[636, 151]
[33, 56]
[563, 445, 446]
[367, 539]
[593, 594]
[1047, 128, 96, 97, 1001]
[1163, 1164]
[1047, 128, 96, 97, 1352]
[252, 425]
[497, 39, 32, 252, 31]
[456, 11]
[1144, 97, 161]
[481, 322]
[519, 530]
[1145, 623, 701, 762, 763]
[936, 1031]
[248, 249]
[497, 575]
[582, 141]
[144, 145, 471, 430, 431]
[865, 624]
[419, 7]
[39, 32, 312]
[32, 1139]
[1268, 31]
[1026, 1033]
[77, 185, 1251]
[436, 437]
[71, 72, 2, 3, 1158, 603, 327]
[1258, 529, 530, 1199]
[891, 892]
[1145, 623, 701, 762, 787, 788]
[83, 189, 798]
[782, 190, 191]
[828, 96, 97, 1352]
[828, 96, 97, 1001]
[101, 102]
[72, 2, 3, 656, 657]
[166, 815]
[452, 453]
[338, 290]
[960, 961]
[33, 54]
[252, 172, 1120, 1121]
[727, 130, 131]
[501, 361, 775, 1288]
[818, 819]
[1015, 128, 96, 97, 138]
[73, 709, 466]
[126, 549, 694]
[1386, 1387]
[731, 128, 96, 97, 1426]
[494, 466, 826]
[375, 77, 185, 254]
[71, 72, 1074]
[377, 1377]
[377, 789]
[1094, 1095]
[820, 762, 787]
[1375, 254, 968]
[126, 1343]
[267, 92, 897]
[41, 366]
[697, 102]
[930, 1161]
[41, 42, 348]
[572, 189, 798]
[1153, 96, 97, 161]
[63, 64]
[96, 97, 1352]
[782, 11]
[115, 47, 726]
[650, 651]
[194, 1031]
[497, 39, 32, 272]
[313, 1149]
[20, 171]
[218, 555]
[1064, 184]
[192, 31]
[469, 600]
[1107, 361, 1359]
[195, 196]
[489, 15]
[535, 481, 322]
[329, 44]
[630, 464, 465]
[1310, 766, 96, 97, 1001]
[45, 46]
[128, 96, 97, 1001]
[128, 96, 97, 1352]
[438, 164, 226]
[479, 7]
[535, 481, 742, 323]
[20, 65]
[451, 231]
[671, 320]
[1353, 875]
[39, 32, 252, 172, 1120]
[202, 218, 555]
[760, 761]
[773, 1022, 27, 226]
[71, 728, 3]
[88, 194, 96, 97, 138]
[32, 54]
[375, 77, 185, 871]
[395, 937, 374]
[123, 124]
[97, 432]
[497, 39, 32, 252, 172]
[179, 1429]
[10, 11]
[818, 909]
[497, 39, 77, 185, 254, 255]
[541, 672]
[339, 253]
[1068, 1069]
[1070, 494, 11]
[295, 189, 798]
[859, 54]
[367, 27, 226]
[1015, 128, 129]
[572, 815]
[850, 16, 17]
[1047, 128, 141]
[1259, 202, 218, 555]
[88, 194, 96, 97, 1426]
[39, 376]
[855, 466, 826, 467]
[1141, 652]
[239, 11]
[230, 481]
[601, 1128]
[77, 185, 254, 255]
[563, 445, 446, 465]
[212, 213]
[607, 220, 531]
[728, 3, 1158, 603, 327]
[81, 526, 604]
[259, 96, 97, 138]
[299, 1174]
[701, 762, 763]
[949, 857]
[39, 32, 38]
[309, 349]
[377, 682, 251]
[144, 145, 471, 431]
[451, 584]
[497, 39, 32, 33, 1181]
[96, 97, 432]
[32, 252, 172, 1120]
[965, 966]
[212, 35]
[259, 96, 97, 1001, 1018]
[261, 466, 826, 467]
[322, 323]
[494, 7]
[828, 96, 97, 161]
[693, 216, 54]
[341, 342]
[1310, 766, 1055]
[1192, 418]
[39, 32, 33]
[728, 3, 1158, 603]
[18, 19]
[134, 184]
[189, 950]
[640, 128, 1180]
[338, 290, 291]
[313, 194, 96, 97]
[126, 617, 456]
[882, 335, 85, 414]
[297, 418]
[68, 11]
[27, 207]
[289, 27, 447]
[423, 7]
[541, 542]
[691, 91]
[1038, 343, 344]
[273, 354]
[20, 21]
[88, 96, 97, 1426]
[367, 27, 447]
[1285, 607, 220]
[565, 82]
[576, 54]
[937, 374]
[175, 176]
[1039, 232]
[32, 252, 172, 1120, 1121]
[619, 837]
[120, 533, 534]
[39, 32, 365, 742]
[193, 96, 97, 1001, 1018]
[39, 77, 1435]
[535, 995]
[289, 27, 226]
[416, 417]
[549, 100]
[565, 609]
[607, 220]
[773, 343]
[193, 194, 96, 97, 161]
[177, 189]
[634, 504]
[693, 418]
[197, 646]
[820, 762]
[39, 32, 19, 428]
[537, 893]
[387, 177, 639]
[259, 106]
[610, 790]
[3, 1158, 603, 657]
[32, 365, 742]
[34, 35, 168]
[39, 32, 365, 56]
[71, 728]
[1220, 1221]
[39, 32, 365, 54]
[401, 385]
[279, 915]
[1285, 607, 220, 221]
[172, 1120]
[179, 618]
[497, 39, 32, 33, 42]
[576, 56]
[889, 284]
[365, 742]
[838, 839]
[27, 996]
[313, 194, 96]
[395, 396]
[623, 701, 762, 821]
[307, 1364]
[1062, 80]
[96, 97, 1001]
[153, 520]
[635, 636]
[582, 96, 97, 1426]
[1268, 253]
[192, 7]
[855, 73, 709]
[868, 766, 96, 97, 1252]
[1375, 254, 255]
[1212, 177, 639]
[259, 96]
[396, 2, 3, 1158]
[773, 1022]
[126, 550]
[1013, 300]
[548, 184]
[252, 172, 1120]
[289, 27, 1324]
[134, 366]
[518, 840]
[261, 1442]
[869, 529]
[578, 554, 987]
[855, 73, 178]
[497, 39, 32, 365]
[850, 102]
[610, 1266]
[820, 762, 821]
[868, 766, 96, 97, 138]
[782, 165]
[1340, 106]
[859, 272]
[599, 470]
[1047, 128]
[307, 361, 1367]
[197, 901]
[235, 236, 582, 247]
[202, 218, 987]
[400, 128, 96, 97, 432]
[120, 59, 60]
[181, 1048]
[187, 1092]
[494, 73, 196]
[423, 466, 826]
[476, 285]
[1040, 27, 1324]
[39, 77, 185, 244]
[304, 305]
[1185, 96, 97, 1001, 1018]
[590, 5]
[1044, 630, 464, 465]
[1431, 1432]
[39, 32, 493]
[88, 96]
[1167, 279, 280]
[39, 32, 19, 561]
[87, 311]
[1345, 1077]
[707, 708]
[1111, 64]
[269, 270]
[53, 306]
[39, 32, 252, 903]
[782, 827]
[640, 128, 96, 97, 1252]
[39, 32, 33, 42]
[185, 871]
[460, 1035]
[524, 525]
[59, 60]
[72, 2, 3, 1158, 603, 327, 328]
[159, 160]
[411, 412]
[623, 701, 762]
[862, 1074]
[329, 493]
[497, 39, 184]
[32, 988]
[197, 285]
[1144, 97, 1252]
[716, 467]
[77, 185, 186]
[497, 39, 32, 366]
[1049, 343]
[395, 937, 3, 656, 657]
[18, 58]
[614, 651]
[779, 780]
[205, 206, 718]
[90, 692]
[1070, 494, 73, 709, 466]
[615, 616]
[1256, 364]
[497, 39, 32, 1273]
[701, 762, 787, 788]
[396, 2, 603, 657]
[185, 1251]
[185, 254, 968]
[169, 106]
[144, 145, 471, 430]
[568, 352, 1406]
[39, 32, 33, 366]
[1130, 1131]
[1022, 27, 1324]
[1185, 96, 97, 1352]
[1185, 96, 97, 1001]
[921, 922]
[497, 39]
[702, 703]
[430, 431]
[1267, 1007]
[236, 582, 64]
[772, 27, 996]
[1137, 1138]
[1157, 1158]
[271, 135]
[576, 106]
[1070, 494, 196]
[1258, 529, 530]
[126, 157]
[224, 1048]
[313, 194]
[497, 39, 32, 493]
[497, 39, 77, 185, 871]
[235, 236, 582, 96, 97, 1426]
[851, 852]
[1185, 96, 97, 138]
[77, 185]
[811, 812]
[621, 460, 569]
[134, 1181]
[438, 164]
[505, 1403]
[395, 396, 2, 3, 1158, 603]
[72, 2]
[32, 172, 1120, 1121]
[960, 1134]
[1310, 766, 96, 97, 1352]
[423, 73, 709, 466, 467]
[610, 653]
[77, 78]
[307, 361, 748]
[248, 294]
[497, 39, 32, 54]
[669, 670]
[740, 473]
[941, 459]
[526, 604, 1041]
[1179, 162]
[772, 27, 207]
[39, 32, 272]
[396, 2, 3]
[1212, 177, 196]
[108, 91]
[395, 396, 2, 3, 1158, 603, 657]
[1148, 223, 255]
[210, 211]
[83, 172]
[277, 1178]
[604, 1041]
[1044, 630, 464]
[71, 72]
[185, 254]
[1430, 1224]
[529, 530, 1441]
[396, 2, 603, 327, 328]
[641, 179, 1429]
[122, 80]
[233, 1265]
[1310, 766, 96]
[574, 366]
[460, 569]
[905, 906]
[1365, 1366]
[120, 59]
[641, 179]
[731, 128, 96, 97]
[1422, 1423]
[319, 5]
[128, 1180]
[649, 80]
[423, 466, 826, 467]
[193, 96]
[395, 937, 3, 1158, 603, 327, 328]
[263, 146]
[1052, 762, 787]
[1154, 284]
[1185, 1200]
[72, 2, 3, 1158, 603, 327]
[859, 366]
[43, 96, 97, 1001]
[33, 42, 348]
[319, 96, 97, 1001, 1018]
[43, 96, 97, 1352]
[39, 32, 1139]
[876, 11]
[606, 607, 220, 380]
[97, 161]
[128, 247]
[193, 96, 97, 432]
[271, 11]
[497, 39, 32, 19]
[868, 766, 96, 97, 1001, 1018]
[88, 194, 96, 97, 1252]
[494, 466, 605]
[1047, 128, 96, 97, 161]
[1192, 719]
[111, 1193]
[194, 96, 97, 1001, 1018]
[930, 1115]
[667, 1107, 361, 959]
[139, 140]
[319, 96, 97, 1001]
[319, 96, 97, 1352]
[1052, 821]
[246, 129]
[252, 903]
[1125, 1126]
[193, 194, 96]
[1382, 1383]
[400, 128, 247]
[1056, 96, 97, 161]
[331, 1410]
[396, 2, 3, 656]
[797, 939]
[786, 27]
[521, 475]
[816, 817]
[220, 815]
[773, 343, 344]
[1090, 1091]
[1280, 106]
[212, 722, 300]
[474, 287]
[395, 937, 3, 1158, 603, 657]
[39, 32, 366]
[613, 614]
[828, 96, 97, 432]
[32, 252, 31]
[235, 1152]
[766, 96, 97, 1426]
[120, 1024]
[611, 612]
[762, 787, 788]
[469, 470]
[423, 466, 605]
[572, 320]
[1022, 27, 996]
[32, 252, 1247]
[18, 19, 745]
[71, 728, 3, 656, 657]
[1158, 603, 327, 328]
[599, 600]
[86, 87, 311]
[518, 519, 938, 1339]
[303, 31]
[359, 360]
[800, 129]
[88, 96, 97, 138]
[1175, 1254]
[501, 502]
[503, 504]
[73, 709, 466, 826, 467]
[509, 11]
[1015, 128]
[147, 7]
[1142, 1143]
[1022, 27, 207]
[313, 194, 96, 97, 1426]
[1108, 875]
[115, 47]
[831, 832]
[623, 701, 762, 787, 788]
[212, 35, 168]
[728, 3, 1158, 603, 327, 328]
[519, 486]
[853, 1425]
[1017, 125]
[1157, 1158, 603, 657]
[487, 184]
[640, 128, 129]
[705, 706]
[166, 189, 798]
[1049, 343, 344]
[329, 625]
[497, 39, 32, 1018]
[179, 310]
[319, 508]
[997, 11]
[1140, 27, 207]
[216, 737]
[480, 27, 996]
[39, 32, 365]
[577, 1003]
[1171, 1172]
[271, 56]
[34, 35]
[1026, 372]
[576, 366]
[304, 258]
[494, 73]
[1355, 96, 97, 1352]
[71, 728, 3, 1158, 603, 657]
[259, 96, 97, 1252]
[423, 73, 733]
[39, 77, 185, 901]
[638, 749, 1124]
[1355, 96, 97, 1001]
