0 1
2 3
4 5
6 7
8 9
10 11
12 13
14 15
16 17
18 19
20 21
22 23
24 25
26 27
28 29
30 31
32 33
34 35
36 37
30 38
39 40
41 42
43 44
45 46
47 48
49 50
51 52
53 54
55 56
57 58
59 60
61 62
63 64
65 66
18 67
68 69
70 29
71 72
73 74
75 76
77 78
79 80
81 82
83 84
85 86
87 88
89 5
90 91
92 93
94 95
39 30
96 97
98 99
100 101
68 102
83 103
14 104
105 106
107 108
65 109
43 110
53 111
112 95
113 114
115 116
117 118
119 47
120 121
122 123
124 125
126 82
127 128
85 129
130 131
132 133
134 135
136 137
138 139
140 141
101 142
143 144
132 145
146 147
148 149
98 150
151 152
153 5
154 155
156 157
130 158
159 160
161 162
130 163
149 164
165 166
101 167
77 168
169 170
70 171
172 173
35 174
175 110
176 9
18 177
30 178
179 180
181 182
183 184
185 186
187 188
189 190
191 192
193 194
172 195
196 197
198 199
200 29
43 100
201 202
203 204
205 192
206 207
208 11
12 209
210 211
212 110
25 213
214 215
216 217
218 219
220 221
130 222
223 56
224 225
198 226
227 228
229 230
231 232
233 234
235 93
170 236
70 9
237 139
238 239
130 240
83 241
242 243
154 244
245 246
247 248
249 9
250 251
252 253
254 255
191 256
18 257
258 259
260 261
262 263
264 265
266 267
268 269
75 270
271 272
273 110
274 267
275 276
107 204
277 278
279 280
281 96
282 272
283 284
285 286
287 288
289 290
291 292
293 294
295 296
297 298
12 299
300 301
302 272
303 25
304 305
306 307
262 308
309 310
311 312
313 163
314 190
75 184
210 227
315 316
317 5
318 190
319 29
320 321
16 322
323 324
325 110
185 326
91 327
138 56
77 328
32 93
329 330
331 332
30 333
334 3
181 335
149 336
337 338
10 339
340 341
342 343
344 225
345 3
346 347
348 349
350 351
352 209
353 304
354 267
31 355
356 357
358 359
30 360
361 362
12 363
138 364
365 358
366 367
124 368
302 5
287 369
370 371
372 373
374 375
323 376
377 133
378 379
55 139
380 381
382 383
384 385
386 358
387 388
389 390
391 392
85 173
393 394
395 381
291 396
397 398
399 82
400 401
83 402
403 183
32 404
405 406
407 408
409 82
410 411
412 413
414 415
368 416
417 363
418 82
16 316
419 132
420 421
422 423
424 425
426 427
18 428
429 430
431 432
218 433
434 435
436 437
438 5
439 440
313 441
442 443
444 445
446 75
447 448
449 11
331 450
451 452
395 56
101 453
454 358
455 82
456 457
458 459
460 170
461 462
463 464
465 82
466 467
159 468
469 470
446 5
25 471
472 473
422 474
475 241
476 477
478 479
420 401
480 9
481 267
482 483
484 485
486 241
487 177
488 489
490 491
14 492
493 250
494 495
496 451
497 498
499 500
501 299
502 503
504 5
505 25
240 506
309 195
507 508
509 347
510 511
512 58
374 513
514 205
515 516
517 518
41 56
519 75
520 521
522 523
191 524
229 396
525 195
526 527
528 529
530 234
59 531
532 82
130 110
395 190
334 533
534 171
535 381
534 9
161 536
537 29
538 539
18 540
541 542
32 202
543 544
159 545
232 269
214 500
546 547
548 549
55 58
83 550
39 190
306 551
185 552
553 554
494 9
229 555
130 556
557 558
559 506
384 560
561 562
382 563
564 9
281 9
565 566
519 5
567 398
14 568
569 441
570 571
572 381
130 573
574 480
575 576
185 577
578 579
580 581
582 583
124 584
260 133
17 585
252 586
587 469
572 110
240 588
589 84
590 591
367 592
484 593
594 595
596 335
191 597
598 381
522 599
55 286
600 56
378 601
526 88
602 539
191 603
252 604
55 381
181 605
606 607
608 609
475 610
611 612
325 58
237 58
613 157
614 133
51 615
616 3
370 617
618 163
619 620
377 261
621 622
519 623
30 624
573 104
625 626
627 628
629 342
380 56
550 630
490 631
632 633
514 634
475 635
463 263
592 367
636 637
638 639
640 641
130 642
185 643
644 645
291 173
646 647
596 448
49 648
344 649
650 358
651 652
653 654
655 401
656 657
658 529
30 659
660 661
662 356
663 216
183 664
665 132
666 667
668 669
670 671
672 673
674 675
676 82
354 441
36 677
262 678
679 680
681 682
683 684
685 145
686 232
687 563
688 689
690 691
692 693
694 695
696 195
611 697
698 699
700 701
323 702
124 703
704 705
159 706
393 707
18 708
709 5
559 710
711 659
87 93
712 677
186 713
714 715
716 717
718 56
14 719
720 721
722 723
724 725
463 726
124 61
49 727
728 729
730 316
731 732
733 734
735 490
736 737
738 739
740 741
526 93
742 491
743 267
744 745
224 746
149 496
417 299
679 747
87 152
120 748
749 316
596 195
750 598
751 752
47 753
754 134
755 1
227 593
756 757
758 132
600 381
759 335
75 760
761 762
8 763
569 764
765 766
767 498
400 168
761 768
380 151
493 769
770 771
17 772
31 58
773 425
185 774
17 659
376 775
718 224
663 776
777 498
522 778
779 780
285 381
781 782
149 783
784 29
785 272
786 145
442 5
787 493
486 635
788 789
538 545
124 66
790 791
792 793
18 794
675 795
796 204
797 100
798 799
51 800
273 100
572 190
382 801
17 802
803 25
201 93
613 804
376 805
85 178
386 454
31 42
806 659
807 483
808 163
809 810
16 811
812 204
813 48
391 29
814 815
596 102
816 817
393 818
94 717
75 735
819 25
820 168
821 82
630 822
75 204
823 824
825 628
195 826
275 827
828 133
829 9
830 831
832 286
833 834
172 310
835 5
235 836
92 837
165 838
839 840
87 674
841 842
843 844
606 145
85 845
565 697
325 56
846 847
476 298
848 849
850 795
851 852
285 9
788 853
92 854
220 749
522 855
41 381
856 261
857 491
812 858
859 261
860 861
470 489
862 863
792 816
57 56
864 82
812 605
210 865
291 86
866 659
602 545
670 209
496 867
490 857
644 868
869 870
203 871
872 873
87 338
172 86
262 874
875 876
877 878
879 272
880 417
881 106
722 870
882 883
884 885
886 9
887 888
600 110
889 9
890 56
172 845
475 123
891 892
893 521
894 648
30 895
183 204
224 441
522 896
897 797
646 484
506 125
898 899
205 900
901 902
712 37
606 261
903 904
494 905
906 93
156 907
908 909
606 133
30 381
910 298
901 911
273 912
756 913
446 490
571 435
87 914
915 350
916 401
848 917
314 918
512 190
651 919
920 921
922 298
12 923
382 25
924 925
561 926
927 928
929 673
573 719
96 930
931 932
606 933
429 934
696 335
205 935
936 836
937 358
906 938
266 939
51 940
941 942
943 944
848 945
946 947
642 480
948 396
569 746
395 286
235 202
572 364
229 845
55 533
949 950
302 951
559 855
952 110
811 533
953 954
955 956
957 106
277 150
314 318
958 301
233 959
960 301
812 196
961 483
788 962
55 322
963 563
130 964
965 966
967 82
130 968
969 141
334 100
970 638
18 971
972 359
414 973
707 265
938 974
544 975
825 976
544 396
320 977
978 483
415 0
54 979
897 980
981 387
55 982
611 983
984 985
510 129
544 554
506 151
986 888
195 987
957 988
172 129
39 989
990 991
992 993
395 139
994 995
996 997
283 65
6 998
999 267
606 1000
1001 1002
382 1003
788 1004
268 1005
1006 1007
18 1008
1009 1010
1011 1012
210 593
1013 1014
1015 50
283 1016
395 1017
1018 1019
554 1020
1021 398
1022 1023
1024 725
227 1025
31 381
30 1026
965 1027
283 1028
449 1029
965 1030
14 1031
30 17
683 1032
400 328
181 528
196 721
522 39
559 1033
25 1034
1035 9
1036 110
107 335
1037 760
859 100
1038 483
463 874
699 168
694 824
101 1039
417 634
161 1040
601 1041
920 1042
727 792
1043 66
291 845
1044 9
206 1045
881 1046
1047 301
205 671
1048 542
412 1049
1050 9
1051 316
138 190
124 1052
1053 132
1054 298
1055 129
30 168
788 1056
1039 1057
1058 1059
1060 301
436 1061
124 1062
908 1063
1043 129
1064 388
18 1065
1066 1067
1051 659
41 58
191 935
205 603
30 1057
202 1068
1069 29
901 5
601 3
1064 1070
520 1071
484 1072
422 1073
370 1074
1075 358
1009 3
275 490
1076 1077
16 533
475 103
1078 242
1079 25
630 1080
688 1081
1082 567
1083 654
559 1084
992 989
1085 37
1086 132
233 1087
1088 1089
287 861
30 380
1090 795
138 381
1091 29
200 1092
759 106
797 1093
1094 100
519 9
380 190
828 261
198 33
497 1095
344 44
1096 1097
1098 592
890 381
1099 195
506 337
1100 82
98 1101
1102 501
1103 1104
1105 267
31 56
1106 1107
1108 519
18 1109
1110 1111
755 1112
955 1113
1114 398
633 23
656 1115
293 951
1116 129
291 1117
1118 298
334 315
596 845
1119 450
351 1120
1121 301
412 684
130 1122
54 1123
314 1124
668 1125
1126 37
898 1127
1128 1129
203 129
193 1130
1131 678
1132 1133
318 381
973 1
376 1134
1135 1136
87 1137
1138 1139
227 579
1019 1140
224 364
285 110
240 433
315 659
295 1141
1142 760
716 95
832 56
447 335
1143 29
1144 91
965 1145
692 1146
1147 904
1148 1149
1150 66
122 1151
161 1152
1148 1153
965 1154
559 1155
600 58
1156 335
759 104
34 566
240 1157
329 1158
1159 1160
374 1161
47 1002
1162 1163
1164 1165
374 1166
198 1167
417 923
627 1168
1169 29
344 110
773 93
1170 1171
217 394
149 867
105 1172
1173 441
996 1174
1175 5
720 5
1176 173
1177 1178
906 202
30 1179
266 29
578 228
447 396
1090 792
1180 25
59 533
1181 37
1182 1183
1022 1184
1185 101
87 702
1186 1187
924 1019
208 659
625 495
132 261
1188 232
898 553
32 1189
1190 1191
83 635
245 1192
675 792
6 842
1193 100
1194 298
1195 1013
1196 852
1197 1198
665 66
1199 1200
202 100
812 171
965 1201
34 697
1173 163
1085 677
1202 1203
722 106
0 629
368 1204
314 139
670 299
984 1205
1206 293
805 1207
172 292
1176 292
550 1080
449 339
212 1208
1209 1210
1211 1212
135 327
10 1213
16 1214
1215 1216
1217 1218
1219 168
132 1220
350 89
31 1221
325 190
665 1222
683 413
1223 29
1224 554
1225 100
237 190
730 659
1226 1200
1227 183
1228 1007
720 362
1229 82
1230 1231
1105 845
1232 746
54 427
214 100
323 741
1121 500
302 911
302 902
41 139
115 1233
87 151
886 5
1234 1235
264 818
1236 371
1237 1238
687 874
554 1239
127 693
557 152
1225 1240
1222 66
424 93
1195 1241
16 531
240 772
224 56
1242 1243
589 1244
285 139
812 9
130 574
881 1245
877 1246
85 195
426 9
39 392
788 1247
224 764
1248 91
1249 1250
275 1251
1173 764
1252 826
704 1253
291 129
960 500
544 511
1254 183
1036 56
271 29
1086 66
16 60
87 49
1255 1256
602 578
1257 1258
1259 1260
30 286
749 659
1257 1261
519 490
124 1257
1262 1263
400 895
1264 571
886 75
1265 1266
1267 1268
522 1269
1270 1271
344 518
277 1272
1273 1203
805 1274
1275 298
1276 1277
235 1278
1279 82
1280 1281
391 79
1047 500
277 1282
30 1283
32 1284
266 1285
1143 272
395 189
49 1286
458 9
526 674
374 1287
1288 171
191 1289
661 157
57 381
101 1290
731 1291
447 195
1215 1292
1293 358
318 139
1294 379
1225 110
442 1295
1296 553
646 545
1297 210
654 488
1298 1155
1266 1299
393 1300
1301 1209
201 854
1302 995
856 133
470 1303
205 299
181 204
1304 1045
890 286
1148 933
1305 29
666 185
1060 500
1306 1307
1308 84
1147 102
30 518
138 1221
178 1159
646 593
463 678
140 1309
628 976
30 1310
1311 25
1312 1313
812 997
233 1314
105 1315
424 741
1316 974
590 1317
1318 110
1319 1320
927 1042
1321 1153
1182 1322
1232 441
1323 633
1324 1325
386 1326
475 84
1327 11
519 204
420 1328
393 217
1329 1330
905 9
1175 9
376 408
189 1331
1298 110
214 301
613 503
1332 396
931 760
1333 381
290 1334
1 681
1215 1303
266 1335
356 1336
1337 25
502 907
1338 102
1339 358
1340 339
1341 1342
447 102
205 597
87 1283
0 681
633 229
520 682
320 272
266 448
1343 298
187 1087
1091 267
1344 1345
519 1346
17 1029
1280 1347
1348 797
30 56
823 1349
442 9
1259 253
266 178
463 308
1350 381
1351 432
1352 1353
1354 1241
1355 998
39 79
957 1356
291 1218
561 358
79 191
788 1357
32 1167
606 66
1358 1359
183 195
519 1360
602 1231
436 1361
881 14
629 682
494 626
344 56
25 1362
285 58
992 1363
1364 1365
32 1366
380 58
1305 267
75 1367
112 717
1368 444
1 1198
1369 907
915 1370
300 500
1181 677
89 437
85 1218
606 100
1298 1243
509 1371
43 381
16 659
1372 9
1373 1374
57 110
32 837
85 396
149 451
18 1375
941 1376
447 845
74 1112
526 376
315 1214
975 1377
224 110
1378 110
42 363
860 1379
543 871
1380 305
130 1381
191 268
1382 388
1333 110
51 401
74 0
395 58
1383 729
1384 1115
161 876
1385 1386
107 1387
688 1388
582 263
45 911
499 301
18 1389
92 202
1390 904
101 1391
1146 376
1148 109
1392 904
183 1393
132 100
191 900
938 404
1394 100
496 452
30 328
224 163
514 1395
149 1396
1397 379
376 1398
557 1399
117 1400
538 484
823 1401
289 1402
1259 586
323 1403
589 635
740 93
1404 1405
376 1406
1407 1408
896 1409
1410 1411
765 1412
1413 988
1414 268
1198 629
1415 381
393 1416
773 702
776 1163
630 1140
1417 358
687 1418
172 396
1419 1420
1421 298
792 795
1422 1423
1301 9
1424 29
1425 623
1426 1427
1428 5
640 1080
559 772
246 606
325 364
179 1429
130 1430
893 1112
1431 617
544 1432
850 792
1433 1218
1331 923
881 1434
1435 1074
825 1168
85 292
1436 1437
1438 1439
859 133
901 272
544 129
973 390
314 1440
718 441
302 1441
788 1442
530 1443
578 1025
1444 9
417 13
1126 677
200 5
475 402
367 1445
115 1446
525 448
519 1447
534 5
886 490
346 1448
1449 615
325 381
291 195
30 266
783 1450
220 35
1321 933
1355 71
472 1451
1086 1150
61 1452
18 1453
820 333
185 1187
1454 1455
372 1456
30 1457
243 1303
73 755
578 227
205 1289
124 557
765 1458
135 1459
391 190
1460 1461
526 914
884 1462
344 364
101 1463
514 13
25 236
559 1464
1465 1458
958 500
185 1466
1467 1468
1416 394
891 1469
1312 1470
1102 190
148 452
79 1471
1472 581
740 1473
486 103
1327 659
1382 1070
39 1474
1475 190
812 5
1103 1476
1477 888
554 1478
201 837
275 1479
736 1480
972 1068
