0 1
2 3
4 5
6 7
8 9
10 11
12 13
14 15
16 17
18 19
20 21
22 23
24 25
26 27
28 29
30 31
32 33
34 35
36 37
30 38
39 40
41 42
43 44
45 46
47 48
49 50
51 52
53 54
55 56
57 58
59 60
61 62
63 64
65 66
18 67
68 29
69 70
71 72
73 74
75 76
77 78
79 80
81 82
83 84
85 86
87 5
88 89
90 91
92 93
94 95
39 30
96 97
98 99
100 101
102 103
69 104
83 105
14 106
107 108
109 110
65 111
43 112
51 113
114 95
115 116
117 118
119 120
121 47
122 123
124 125
126 127
128 82
129 130
85 131
132 133
134 135
136 137
138 139
140 141
142 143
103 144
145 146
134 147
148 149
150 151
98 152
153 154
155 5
156 157
158 159
132 160
161 162
163 164
132 165
151 166
167 168
103 169
170 171
77 172
68 173
174 175
37 176
177 112
178 9
18 179
30 180
181 182
183 184
185 186
187 188
189 190
191 192
193 194
174 195
196 197
198 199
200 29
201 202
43 102
203 204
205 206
207 194
208 209
210 11
12 211
212 213
214 112
25 215
216 217
218 219
220 221
222 223
132 224
225 56
226 227
201 228
229 230
231 232
233 234
235 236
237 91
68 9
171 238
239 141
240 241
132 242
83 243
244 245
158 246
247 248
249 250
251 9
252 253
254 255
256 257
193 258
18 259
260 261
262 263
264 265
266 267
268 269
270 271
75 272
273 274
275 112
276 269
277 278
109 206
279 280
281 282
283 96
284 274
285 286
287 288
289 290
291 292
293 294
295 296
297 298
299 300
301 302
12 303
304 305
306 274
307 25
308 309
310 311
264 312
313 314
315 316
317 165
318 192
75 184
319 320
212 229
321 5
322 192
323 29
324 325
16 326
327 328
329 112
187 330
93 331
140 56
32 91
332 333
77 334
335 336
337 338
30 339
340 3
185 341
151 342
343 344
10 345
346 347
348 349
350 227
351 3
352 353
354 355
356 357
358 211
359 308
360 269
31 361
362 363
364 365
30 366
367 368
12 369
140 370
371 364
372 373
126 374
306 5
291 375
376 377
378 379
380 381
327 382
383 135
384 385
55 141
386 387
388 389
390 391
392 364
393 394
395 396
397 398
85 175
399 400
401 387
295 402
403 404
405 82
406 407
83 408
409 183
32 410
411 412
413 414
415 416
417 82
418 419
420 421
374 422
423 369
424 82
16 320
425 134
426 427
428 429
430 431
432 433
18 434
435 436
220 437
438 439
440 441
442 443
444 5
445 446
317 447
448 449
450 451
452 75
453 454
455 11
337 456
457 458
401 56
103 459
460 364
461 82
462 463
464 465
466 171
467 468
469 470
471 82
472 473
161 474
475 476
452 5
25 477
478 479
428 480
481 243
482 483
484 485
486 9
426 407
487 269
488 489
490 491
492 243
493 179
494 495
496 497
14 498
499 252
500 501
502 457
503 504
505 506
507 303
508 509
510 5
511 25
242 512
313 195
513 514
515 353
516 517
518 58
380 519
520 207
521 522
523 524
41 56
525 75
526 527
193 528
529 530
231 402
531 195
532 533
534 535
536 234
61 537
538 82
132 112
401 192
340 539
540 173
541 387
163 542
540 9
543 29
544 545
546 547
18 548
32 204
549 550
161 551
236 271
216 506
552 553
554 555
83 556
55 58
39 192
310 557
187 558
559 560
500 9
231 561
132 562
563 564
565 512
390 566
567 568
388 569
570 9
283 9
571 572
525 5
14 573
574 404
575 447
576 577
578 387
132 579
580 486
581 582
187 583
584 585
586 587
588 589
126 590
17 591
262 135
254 592
593 475
242 594
578 112
595 84
596 597
373 598
490 599
600 601
602 341
193 603
604 387
529 605
55 288
606 56
384 607
532 89
608 545
193 609
254 610
55 387
185 611
612 613
614 615
481 616
617 618
329 58
619 157
239 58
620 135
53 621
622 3
376 623
624 165
625 626
383 263
627 628
525 629
30 630
579 106
631 632
633 634
635 348
556 636
386 56
496 637
638 639
520 640
481 641
469 265
598 373
642 643
644 645
646 647
132 648
649 650
187 651
652 653
295 175
602 454
654 655
49 656
657 364
350 658
659 660
661 662
663 407
664 665
666 535
30 667
668 669
670 362
671 218
183 672
673 134
674 675
676 677
678 679
680 681
682 683
684 82
360 447
34 685
264 686
687 688
689 690
691 692
693 147
694 236
695 569
696 697
698 699
700 701
702 703
704 195
617 705
706 707
708 709
327 710
126 711
712 713
161 714
399 715
18 716
717 5
565 718
719 667
88 91
188 720
721 722
723 685
724 725
726 56
14 727
728 729
730 731
732 733
469 734
49 735
126 59
736 737
738 320
739 740
741 496
742 743
744 745
746 747
748 749
750 497
532 91
751 269
752 753
226 754
151 502
423 303
687 755
88 154
122 756
757 320
602 195
758 604
759 760
47 761
762 138
763 1
229 599
764 765
766 134
606 387
767 341
101 364
75 768
769 770
8 771
575 772
773 774
775 504
406 172
769 776
386 153
499 777
778 779
17 780
31 58
781 431
187 782
17 667
382 783
726 226
671 784
785 504
529 786
787 788
287 387
151 789
790 791
792 29
793 274
794 147
448 5
795 499
492 641
796 797
544 551
126 66
798 799
800 801
18 802
683 803
804 206
805 102
806 807
53 808
275 102
578 192
17 809
388 810
811 25
203 91
619 812
382 813
85 180
392 460
31 42
814 667
815 489
816 165
817 818
16 819
820 206
821 48
822 823
397 29
602 104
824 825
399 826
94 725
75 741
827 25
828 172
829 82
636 830
75 206
831 832
833 634
195 834
277 835
836 135
837 9
838 839
840 288
841 842
174 314
843 5
237 844
90 845
846 847
167 848
88 682
849 850
851 852
612 147
85 853
571 705
329 56
854 855
482 302
856 857
858 803
859 860
287 9
90 861
796 862
222 757
529 863
41 387
864 263
865 497
820 866
867 263
476 495
868 869
800 824
870 871
793 872
57 56
873 82
820 611
212 874
295 86
875 667
608 551
678 211
502 876
652 877
496 865
878 879
205 880
881 882
88 344
174 86
264 883
884 885
886 887
888 274
889 423
890 108
730 879
891 892
893 894
895 9
896 897
606 112
898 9
899 56
174 853
481 125
900 901
902 527
903 656
30 904
183 206
226 447
529 905
906 805
654 490
512 127
907 908
207 909
910 911
723 35
612 263
500 912
913 914
649 91
156 915
916 917
612 135
30 387
918 302
910 919
275 920
764 921
452 496
577 441
88 922
923 356
924 407
856 925
318 926
518 192
927 928
659 929
930 302
12 931
388 25
932 933
567 934
935 936
937 681
579 727
96 938
939 940
612 941
435 942
704 341
207 943
944 844
945 364
649 946
268 947
948 949
53 950
951 952
856 953
954 955
648 486
956 402
575 754
401 288
237 204
578 370
231 853
55 539
957 958
306 959
565 863
960 112
819 539
961 962
963 964
965 108
279 152
318 322
233 966
967 305
968 305
820 198
969 489
796 970
55 326
971 569
132 972
973 974
975 82
132 976
977 143
340 102
978 644
979 365
18 980
420 981
715 267
946 982
550 983
833 984
550 402
324 985
986 489
52 987
421 0
906 988
989 393
55 990
617 991
992 993
516 131
550 560
512 153
994 897
195 995
965 996
174 131
39 997
998 999
1000 1001
401 141
1002 1003
1004 1005
285 65
6 1006
1007 269
1008 1009
612 1010
388 1011
796 1012
270 1013
1014 1015
18 1016
1017 1018
1019 1020
212 599
1021 1022
1023 50
285 1024
401 1025
1026 1027
560 1028
1029 1030
1031 404
1032 733
229 1033
31 387
30 1034
973 1035
285 1036
455 1037
973 1038
14 1039
30 17
689 1040
1041 1042
406 334
185 534
198 729
529 39
25 1043
565 1044
1045 9
1046 112
109 341
1047 768
867 102
1048 489
469 883
702 832
707 172
103 1049
423 640
163 1050
607 1051
735 800
927 1052
1053 66
295 853
1054 9
208 1055
1056 305
890 1057
207 679
1058 547
418 1059
1060 9
1061 320
140 192
126 1062
1063 134
1064 302
1065 131
30 172
796 1066
1049 1067
1068 1069
1070 305
442 1071
126 1072
916 1073
1053 131
1074 394
18 1075
1076 1077
1061 667
41 58
193 943
207 609
30 1067
204 1078
1079 29
910 5
607 3
1074 1080
526 1081
490 1082
376 1083
428 1084
1085 364
1017 3
1086 1087
277 496
16 539
481 105
1088 244
1089 25
636 1090
696 1091
1092 574
1093 662
565 1094
1000 997
1095 35
233 1096
1097 134
1098 1099
291 869
30 386
1100 803
140 387
1101 29
200 1102
767 108
805 1103
1104 102
525 9
386 192
836 263
201 33
503 1105
350 44
1106 1107
1108 598
899 387
1109 195
512 343
1110 82
98 1111
1112 507
1113 1114
1115 269
1116 1009
31 56
1117 1118
1119 525
18 1120
1121 1122
963 1123
763 1124
1125 404
659 527
639 23
664 1126
297 959
1127 131
295 1128
1129 302
340 319
602 853
1130 456
357 1131
1132 305
418 690
132 1133
52 1134
318 1135
676 1136
1137 35
907 1138
1139 1140
205 131
196 1141
1142 686
1143 1144
322 387
1145 1146
981 1
382 1147
88 1148
1149 1150
229 585
1027 1151
226 370
287 112
242 437
319 667
299 1152
724 95
1153 768
840 56
453 341
1154 29
1155 93
973 1156
700 1157
1158 914
1159 1160
124 1161
1162 66
163 1163
1159 1164
973 1165
565 1166
606 58
1167 341
767 106
36 572
242 1168
1169 1170
335 1171
47 1009
380 1172
1173 1174
1175 1176
380 1177
201 1178
423 931
633 1179
1180 29
350 112
781 91
1181 1182
219 400
151 876
107 1183
1184 447
1004 1185
1186 5
728 5
1187 175
649 204
30 1188
1189 1190
268 29
584 230
453 402
1100 800
1191 25
61 539
1192 35
1029 1193
1194 1195
1196 103
88 710
1197 1198
932 1027
631 501
210 667
134 263
907 559
1199 236
32 1200
1201 1202
83 641
683 800
249 1203
6 852
1204 102
1205 302
1206 1021
1207 860
1208 1209
673 66
1210 1211
204 102
973 1212
820 173
36 705
1184 165
1095 685
1213 1214
730 108
0 635
374 1215
318 141
678 303
992 1216
1217 297
174 296
813 1218
556 1090
1187 296
455 345
214 1219
1220 1221
1222 1223
139 331
10 1224
16 1225
1226 1227
1228 1229
1230 172
134 1231
356 87
31 1232
329 192
689 419
673 1233
1234 29
1235 560
1236 102
239 192
738 667
1237 1211
1238 183
1239 1015
728 368
1240 82
1241 1242
1115 853
1243 754
52 433
216 102
327 749
1132 506
306 919
306 911
41 141
117 1244
88 153
895 5
1245 1246
266 826
1247 377
1248 1249
481 1250
695 883
560 1251
129 701
563 154
1236 1252
1233 66
430 91
242 780
1206 1253
16 537
226 56
595 1254
1255 1256
287 141
820 9
132 580
890 1257
886 1258
85 195
432 9
39 398
226 772
796 1259
1260 1261
1262 93
277 1263
1264 834
1184 772
712 1265
295 131
967 506
1266 183
550 517
1046 56
273 29
1097 66
16 62
1267 1268
88 49
1269 1270
608 584
1271 1272
30 288
757 667
1269 1273
525 496
126 1269
1274 1275
406 904
1276 577
895 75
1277 1278
1279 1280
529 1281
1282 1283
350 524
279 1284
1285 1214
813 1286
1287 302
1288 1289
237 1290
1291 82
1292 1293
397 79
1056 506
279 1294
30 1295
32 1296
268 1297
1154 274
401 191
49 1298
464 9
532 682
380 1299
1300 173
193 1301
669 157
103 1302
57 387
739 1303
453 195
1226 1304
1305 364
322 141
1306 385
1236 112
448 1307
1308 559
654 551
1309 212
662 494
1310 1166
1278 1311
399 1312
1313 1220
203 861
1314 1003
864 135
476 1315
207 303
185 206
1316 1055
899 288
1159 941
1317 29
1070 506
674 187
1318 1319
83 1320
100 84
1158 104
30 524
140 1232
1321 485
180 1169
654 599
469 686
142 1322
634 984
30 1323
1324 25
1325 1326
820 1005
233 1327
107 1328
430 749
1329 982
596 1330
1331 112
1332 1333
935 1052
1334 1164
1194 1335
1243 447
1336 639
1337 1338
392 1339
481 84
1340 11
525 206
426 1341
399 219
1342 1343
912 9
1186 9
1041 48
191 1344
1310 112
216 305
619 509
1345 402
939 768
1346 387
290 1347
1 691
268 1348
1226 1315
362 1349
1350 25
508 915
1351 104
1352 364
1353 345
1354 1355
453 104
207 603
88 1295
0 691
639 231
526 692
324 274
268 454
1356 302
189 1096
1357 1358
1101 269
525 1359
17 1037
1292 1360
1361 805
30 56
831 1362
448 9
1271 255
268 180
469 312
1363 439
1364 387
1365 1366
1367 1253
1368 1006
39 79
965 1369
567 364
295 1229
79 193
796 1370
32 1178
612 66
1371 1372
183 195
525 1373
442 1374
608 1242
890 14
635 692
500 632
350 56
25 1375
287 58
1000 1376
1377 1378
32 1379
386 58
75 1380
1317 269
114 725
1381 450
1 1209
1382 915
923 1383
304 506
87 443
1192 685
85 1229
612 102
1310 1256
515 1384
43 387
16 667
1385 9
1386 1387
57 112
32 845
85 402
151 457
18 1388
951 1389
453 853
74 1124
532 382
319 1225
983 1390
226 112
1391 112
42 369
868 1392
549 880
1393 309
132 1394
193 270
1346 112
1395 394
53 407
74 0
401 58
1396 737
1397 1126
163 885
1398 1399
109 1400
696 1401
588 265
45 919
505 305
18 1402
90 204
1403 914
103 1404
1157 382
1159 111
1405 914
183 1406
134 102
193 909
946 410
502 458
1407 102
30 334
226 165
520 1408
151 1409
1410 385
382 1411
563 1412
119 1413
544 490
831 1414
289 1415
1271 592
327 1416
595 641
748 91
1417 1418
382 1419
1420 1421
905 1422
1423 1424
773 1425
1426 996
1427 270
1209 635
1428 387
781 710
784 1174
636 1151
399 1429
1430 364
695 1431
174 402
1432 1433
1434 302
800 803
1313 9
1435 1436
1437 29
1438 629
1439 1440
1441 5
646 1090
565 780
329 370
181 1442
250 612
132 1443
902 1124
1444 623
550 1445
858 800
1446 1229
1344 931
890 1447
1448 1083
833 1179
85 296
1449 1450
1451 1452
867 135
910 274
550 131
981 396
318 1453
726 447
306 1454
796 1455
536 1456
584 1033
1457 9
423 13
1137 685
200 5
481 408
373 1458
117 1459
531 454
525 1460
540 5
895 496
352 1461
1462 621
329 387
295 195
30 268
789 1463
222 37
1334 941
1368 71
478 1464
59 1465
1097 1162
18 1466
187 1198
828 339
1467 1468
378 1469
30 1470
245 1315
584 229
73 763
207 1301
126 563
773 1471
139 1472
397 192
1473 1474
532 922
893 1475
350 370
103 1476
520 13
25 238
565 1477
1478 1471
968 506
187 1479
1480 1481
1429 400
900 1482
1325 1483
1112 192
150 458
79 1484
1485 587
748 1486
492 105
1340 667
1395 1080
1487 192
39 1488
820 5
1113 1489
1490 897
560 1491
203 845
277 1492
742 1493
979 1078
