[1202, 27, 478]
[58, 289]
[482, 621]
[227, 763]
[1118, 57, 102, 1419]
[44, 57, 102, 459]
[1084, 306]
[1197, 5]
[27, 216]
[756, 150]
[1423, 57, 102]
[640, 347, 348]
[874, 57, 102, 142]
[1120, 602]
[1058, 490]
[1282, 184, 194]
[771, 136, 137]
[40, 397]
[328, 367]
[923, 277]
[396, 82, 192, 273, 274]
[1057, 776]
[202, 203, 57]
[54, 55]
[648, 649]
[376, 377]
[941, 942]
[964, 1404]
[640, 347]
[1014, 1015]
[528, 40, 32, 271, 1364]
[82, 192, 273]
[278, 57, 102, 142]
[314, 194, 1007]
[334, 335]
[1477, 105]
[217, 57]
[78, 755, 642]
[1214, 57, 102]
[528, 40, 32, 271, 453]
[1327, 1013]
[78, 79]
[94, 95, 330]
[1118, 57, 102, 1060]
[100, 101, 361]
[644, 645, 232, 403]
[86, 559, 641, 1160]
[667, 940]
[1378, 813, 57, 102, 1316]
[1400, 11]
[422, 0, 1, 1219]
[149, 799, 1476]
[412, 498, 253, 254]
[1482, 1483]
[577, 780]
[772, 1, 1219, 640, 700]
[400, 190]
[251, 619, 1020]
[308, 309]
[90, 690, 691, 806]
[1214, 57, 102, 142]
[421, 994, 1, 1219, 640, 347, 348]
[80, 169]
[199, 203, 57, 102]
[401, 220]
[32, 33, 59]
[1247, 57]
[600, 1344]
[1280, 841]
[82, 83]
[173, 194, 841]
[1162, 776]
[793, 503]
[57, 102, 142]
[400, 191]
[449, 5]
[1077, 132, 264]
[1110, 132, 57, 102, 1316]
[512, 513]
[1249, 184, 194]
[531, 194]
[655, 203, 1093]
[1166, 382, 1435]
[76, 772, 1, 699]
[22, 1135]
[1413, 1414]
[1444, 361, 362]
[27, 478]
[92, 869]
[494, 178]
[226, 59]
[334, 1178]
[1378, 813, 57, 102, 459]
[542, 11]
[585, 586]
[501, 456]
[130, 111]
[767, 609]
[127, 709]
[528, 529]
[874, 264]
[319, 938]
[732, 733]
[90, 1309]
[100, 87]
[519, 206, 1315]
[124, 62]
[206, 1315]
[1095, 31]
[528, 40, 32, 675]
[990, 141]
[1054, 0, 1, 1219]
[857, 858]
[899, 424, 304]
[553, 1458]
[40, 32, 386, 152, 153]
[40, 82, 192, 193]
[203, 57, 102, 1316]
[501, 457]
[842, 639, 997]
[130, 243]
[130, 158]
[1077, 132, 133]
[298, 299]
[710, 840]
[1101, 361, 362]
[161, 1062]
[510, 27, 1053]
[767, 609, 387]
[827, 197, 737]
[1118, 57, 102]
[1410, 395]
[482, 409]
[32, 333]
[613, 773]
[615, 588, 230, 1042]
[206, 193]
[92, 203, 57, 102, 1060, 1081]
[396, 82, 192, 273]
[130, 243, 1177]
[223, 766, 321]
[412, 413]
[282, 283]
[86, 559, 641]
[569, 361]
[819, 27]
[40, 32, 675]
[681, 132, 57, 102, 1060]
[874, 133]
[140, 141]
[220, 402]
[682, 186, 1208]
[1503, 191]
[8, 203, 57, 102, 1060, 1081]
[588, 230, 231]
[26, 27]
[156, 157]
[919, 813, 57, 102, 459]
[8, 34]
[1131, 524, 1375]
[71, 31]
[524, 11]
[919, 813, 57, 102]
[1216, 1268]
[1322, 211, 603]
[32, 33, 356]
[1219, 640, 347, 348]
[1282, 184, 194, 1007]
[465, 171, 239]
[476, 477]
[410, 184, 680]
[740, 888]
[250, 251, 619]
[156, 247]
[734, 59]
[40, 32, 271, 453]
[6, 1016]
[227, 367]
[771, 136, 137, 330]
[8, 203, 57, 102, 1489]
[1103, 27, 1053]
[42, 61]
[528, 40, 32, 386, 61]
[1454, 5]
[276, 277]
[528, 610]
[422, 0, 1, 1219, 640, 347, 348]
[1, 1219, 640]
[77, 0, 1054]
[0, 699]
[199, 238, 203, 57, 102, 1316]
[307, 5]
[905, 78, 205]
[1054, 0, 640, 347]
[238, 203, 57, 102]
[708, 1166, 382, 821]
[1123, 191]
[567, 1108]
[199, 238, 203]
[994, 1, 699, 700]
[1102, 245, 246, 1328]
[639, 997]
[1423, 57, 102, 1060, 1081]
[1110, 132, 57, 102, 459]
[40, 32, 33, 59]
[92, 203]
[1142, 455]
[1120, 602, 371]
[76, 772, 1]
[421, 422, 0, 1, 1219, 640, 700]
[1168, 1173]
[1054, 0, 1, 1219, 640, 347, 348]
[192, 1315]
[774, 132, 264]
[86, 104]
[1247, 57, 102, 1060, 1081]
[354, 308]
[1131, 524]
[449, 78, 755, 642]
[182, 183]
[177, 11]
[452, 194, 1007]
[267, 268]
[524, 78, 79]
[77, 1136]
[419, 420]
[1118, 57]
[1123, 506]
[1378, 813, 57, 102, 1489]
[984, 571]
[655, 203]
[148, 149, 501, 457]
[734, 227, 780]
[905, 78, 776]
[1206, 102, 459]
[184, 194]
[421, 422, 0, 1, 1219]
[44, 57, 102]
[92, 203, 57, 102]
[32, 338]
[95, 330]
[697, 420]
[528, 40, 32, 1043]
[1437, 1438]
[223, 766, 675]
[1107, 670, 496, 497]
[148, 149, 501, 456]
[449, 78, 185]
[774, 132, 133]
[910, 911]
[88, 861]
[532, 533]
[1110, 132, 57, 102, 1489]
[32, 386, 61]
[1166, 382, 821, 1228]
[449, 78, 275]
[286, 1034]
[458, 361, 362]
[199, 203, 57, 102, 168]
[267, 311]
[991, 650]
[1077, 132, 57, 102, 168]
[1143, 306]
[552, 553, 562, 1505]
[76, 77, 0, 1, 699]
[124, 69]
[211, 230, 231]
[214, 215]
[204, 889]
[396, 397]
[640, 700]
[835, 27]
[507, 928]
[684, 1148]
[1300, 1301]
[76, 77, 0]
[30, 31]
[138, 191]
[186, 1208]
[192, 616]
[285, 277]
[1102, 245]
[410, 184]
[1350, 645, 25]
[56, 145]
[751, 1508]
[40, 32, 1199]
[813, 1117]
[528, 40, 32, 1485]
[0, 1, 1219, 640, 347]
[203, 57, 102, 1489]
[14, 943]
[576, 405]
[655, 203, 57, 102, 142]
[1071, 505]
[1139, 129]
[1110, 132]
[40, 32, 636]
[310, 27, 1053]
[314, 315]
[194, 841]
[202, 203, 57, 102]
[278, 57, 102, 1489]
[483, 301]
[1131, 524, 78, 1396]
[211, 883]
[1103, 27, 239]
[199, 229]
[388, 818]
[532, 690, 691, 806, 832]
[1255, 446]
[866, 806, 832]
[1024, 1025]
[669, 670, 496, 497]
[931, 301]
[822, 675]
[941, 1064]
[50, 745, 806, 832]
[528, 40, 32, 363]
[1226, 296]
[919, 813, 1117]
[250, 251, 619, 952]
[637, 500]
[519, 206, 193]
[695, 764]
[120, 121]
[400, 190, 191]
[90, 50, 51]
[410, 184, 205]
[1054, 0, 640]
[400, 289]
[534, 535]
[803, 498, 253, 254]
[846, 847]
[859, 860]
[491, 104]
[905, 11]
[124, 719]
[1206, 102]
[496, 497]
[1384, 1016]
[499, 927]
[539, 540]
[319, 323]
[1163, 277]
[1384, 74]
[76, 77, 0, 640, 700]
[1367, 103]
[528, 40, 82, 192, 193]
[90, 690, 691, 809]
[236, 237]
[1366, 27, 216]
[192, 607]
[1378, 813, 57, 102, 1060, 1081]
[382, 821]
[652, 653]
[271, 453]
[1114, 809]
[380, 381]
[827, 197]
[1302, 1224]
[20, 21, 788]
[159, 724]
[792, 1188]
[1351, 1352]
[48, 49]
[1131, 524, 78, 755, 642]
[56, 57]
[278, 111]
[528, 40, 82, 192, 1315]
[592, 268]
[318, 163]
[323, 191]
[569, 361, 362]
[1176, 339]
[877, 878]
[40, 32, 386, 191]
[1168, 1169]
[712, 194]
[874, 57, 102, 1060, 1081]
[542, 5]
[892, 1061]
[789, 718]
[203, 57]
[986, 1222]
[407, 169]
[655, 93]
[273, 1023]
[1152, 694]
[1216, 1031, 1032]
[1275, 1276]
[1217, 868]
[42, 139]
[148, 149, 1425]
[396, 82, 192, 273, 1023]
[654, 487]
[192, 956]
[1393, 1394]
[84, 85]
[90, 50, 745, 806, 809]
[388, 1021]
[774, 132, 57, 102, 459]
[192, 273, 274]
[223, 224]
[691, 806, 832]
[1259, 500]
[974, 975]
[1282, 184]
[746, 747]
[528, 40, 32, 33]
[1131, 524, 78, 755]
[553, 403]
[578, 579, 440]
[130, 582, 487]
[421, 422, 0, 1, 1219, 640, 347]
[76, 77]
[410, 184, 1422]
[531, 453]
[82, 192, 530]
[134, 135]
[280, 642, 643]
[44, 111]
[536, 237]
[449, 78]
[1326, 11]
[1366, 27, 478]
[90, 50, 745, 806, 807]
[18, 1088]
[819, 27, 1391]
[18, 435]
[388, 27, 239]
[485, 486]
[829, 49]
[76, 772]
[88, 194, 841]
[90, 690, 691, 806, 807]
[273, 274]
[1106, 576]
[90, 690, 691]
[396, 82, 192, 530]
[638, 1190]
[730, 36]
[1322, 211, 212]
[1283, 1284]
[528, 40, 32, 39]
[919, 1000]
[528, 40, 32, 271]
[392, 458]
[425, 85]
[681, 132, 57, 102, 168]
[54, 628]
[528, 40, 32, 271, 272]
[422, 0]
[1055, 11]
[611, 61]
[148, 149, 885]
[427, 408]
[803, 498, 785]
[1014, 1196]
[250, 251, 619, 57, 102, 1060]
[644, 645, 232]
[328, 59]
[173, 174]
[165, 166]
[1089, 395]
[839, 1379]
[881, 1061]
[298, 861]
[278, 57, 102, 1316]
[201, 1116]
[900, 1460]
[265, 266]
[351, 352]
[994, 1, 1219, 640, 347, 348]
[324, 31]
[407, 916]
[988, 85]
[52, 53]
[905, 78, 1396]
[1343, 995]
[645, 232, 861]
[619, 133]
[148, 149, 799]
[349, 45]
[90, 690, 691, 806, 809]
[44, 57, 102, 142]
[251, 619, 952]
[629, 3]
[839, 840]
[217, 57, 102, 1489]
[619, 57]
[774, 132, 57, 102, 1060, 1081]
[662, 492]
[197, 737]
[102, 1316]
[108, 109]
[421, 422, 0, 1, 699]
[401, 834]
[524, 642]
[528, 794]
[1423, 57, 102, 459]
[1464, 1465]
[678, 359, 360]
[1378, 813, 57, 102, 142]
[552, 553, 403]
[978, 1008]
[1166, 382, 791]
[1125, 861]
[660, 886]
[149, 341]
[528, 40, 32, 33, 387]
[980, 505]
[32, 33]
[532, 382, 1435]
[896, 1273]
[199, 238, 203, 57, 102, 1060, 1081]
[319, 323, 191]
[559, 641, 1160]
[524, 205]
[52, 53, 999]
[588, 230]
[1246, 562]
[8, 527]
[1345, 111]
[124, 372, 1225]
[777, 778]
[899, 424, 646]
[477, 497]
[655, 203, 57, 102]
[40, 32, 289]
[615, 1254]
[40, 32, 21]
[528, 40, 32, 271, 1311]
[0, 1, 1219, 640, 700]
[565, 566]
[736, 365]
[625, 5]
[619, 620]
[8, 203, 57, 102]
[463, 464]
[86, 409]
[923, 932]
[1287, 596]
[14, 366]
[234, 235]
[271, 1311]
[1247, 57, 102]
[1131, 524, 78, 185]
[532, 935]
[615, 554]
[223, 38]
[90, 152, 153]
[374, 375]
[326, 1432]
[836, 338]
[1120, 602, 371, 1471]
[336, 337]
[470, 584]
[874, 57]
[588, 231]
[1350, 645, 232, 861]
[524, 78, 776]
[1462, 1463]
[40, 1009]
[1285, 1289]
[98, 150]
[986, 1044]
[184, 680]
[1033, 51]
[250, 251, 619, 57]
[1285, 1286]
[78, 755, 642, 643]
[422, 0, 1054]
[76, 77, 0, 640, 347, 348]
[958, 361]
[40, 82, 1497]
[424, 366]
[602, 371]
[58, 61]
[88, 179, 1179, 1180]
[173, 89]
[562, 1266]
[368, 361]
[0, 1, 699]
[138, 59]
[76, 772, 1, 1219, 640, 700]
[280, 281]
[345, 346]
[32, 271, 179]
[1110, 132, 57, 102, 142]
[57, 102, 1316]
[86, 1333]
[319, 1466]
[579, 440]
[54, 408]
[250, 251, 619, 57, 102, 1419]
[896, 897]
[774, 132, 57, 102, 1419]
[1410, 1096]
[567, 511, 152]
[154, 155]
[524, 78, 205]
[58, 1001]
[892, 893]
[1378, 813, 1117]
[827, 197, 198]
[88, 299]
[1131, 524, 635]
[528, 40, 32, 33, 43]
[76, 77, 0, 1]
[1131, 524, 78, 275]
[1202, 27, 216]
[92, 203, 57, 102, 459]
[986, 987]
[199, 238, 1307]
[250, 1213]
[712, 194, 841]
[243, 511, 152, 153]
[53, 999]
[612, 3]
[986, 1047]
[76, 77, 0, 640, 347]
[835, 27, 239]
[401, 1443, 402]
[127, 128]
[426, 132, 57, 102, 1060]
[583, 584]
[619, 57, 102, 1419]
[90, 152]
[421, 422, 0, 640]
[421, 422, 0, 1054]
[1354, 1355]
[827, 5]
[712, 194, 1007]
[271, 272]
[528, 40, 32, 33, 43, 366]
[8, 203, 57, 102, 168]
[182, 534]
[386, 61]
[662, 492, 603]
[16, 105]
[243, 598]
[349, 367]
[676, 677]
[874, 57, 102, 1489]
[170, 171, 239]
[250, 251, 619, 57, 102, 142]
[32, 39]
[774, 132, 57, 102, 1060]
[874, 57, 102, 459]
[1200, 1201]
[90, 153]
[559, 641]
[1219, 640]
[864, 937]
[492, 603]
[768, 769]
[1107, 670, 496]
[203, 57, 102, 168]
[251, 619, 57, 102, 459]
[528, 40, 32, 386, 152, 153]
[655, 203, 57, 102, 459]
[1147, 36]
[1246, 562, 1505]
[900, 16, 735]
[347, 348]
[32, 21, 1046]
[1441, 273, 1023]
[149, 164]
[557, 558]
[245, 246]
[76, 772, 1, 1219, 640]
[6, 858]
[553, 562, 1038]
[1218, 1219, 640]
[328, 191]
[136, 137]
[708, 1166]
[1118, 57, 102, 1060, 1081]
[217, 57, 102, 1316]
[449, 642]
[803, 498, 253]
[137, 330]
[580, 367]
[1256, 1279]
[1314, 172]
[32, 386]
[1118, 57, 102, 168]
[102, 1489]
[24, 25]
[619, 57, 102, 1060]
[426, 132, 57, 102, 1419]
[32, 916]
[192, 259]
[456, 457]
[401, 1325]
[449, 78, 1396]
[894, 895]
[734, 227, 163]
[708, 1166, 382, 1155]
[359, 1365]
[32, 169]
[588, 589]
[119, 48, 49]
[77, 0, 640, 700]
[199, 203, 57]
[201, 5]
[703, 947]
[881, 882]
[77, 0, 1, 1219, 640, 700]
[517, 191]
[32, 387]
[192, 530]
[217, 505]
[92, 853]
[899, 424]
[615, 588, 1042]
[567, 871]
[701, 145]
[813, 57, 102, 168]
[422, 0, 1, 699]
[431, 761]
[511, 125]
[900, 1070]
[238, 203, 57, 102, 1060, 1081]
[1249, 184, 185]
[1179, 1180]
[421, 994, 1, 1219, 640]
[708, 1166, 382]
[872, 133]
[419, 1073]
[1350, 645]
[117, 118]
[384, 385]
[86, 559]
[86, 559, 1104]
[310, 27, 239]
[524, 642, 643]
[286, 68, 110]
[510, 27, 239]
[501, 885]
[835, 27, 478]
[46, 47]
[511, 342]
[774, 132, 57, 102]
[62, 63]
[382, 791]
[460, 85]
[48, 770]
[682, 683]
[76, 77, 0, 1, 1219, 640, 347]
[1166, 382, 821, 1303]
[606, 194]
[866, 806]
[32, 1337]
[528, 40, 82, 192, 607]
[271, 179, 1179, 1180]
[227, 446]
[1204, 1205]
[227, 228]
[130, 243, 511, 342, 343]
[422, 0, 640, 347]
[1457, 627]
[1131, 524, 11]
[56, 57, 102, 142]
[424, 15]
[542, 172]
[86, 87]
[202, 203, 57, 102, 168]
[567, 788]
[40, 32, 271, 179]
[1209, 235]
[872, 264]
[203, 57, 102, 1419]
[561, 562, 1038]
[1247, 1267]
[238, 203, 57]
[900, 16, 17]
[519, 646]
[40, 32, 271, 31]
[40, 32, 21, 817]
[76, 772, 1136]
[813, 57, 102]
[1163, 31]
[532, 690, 691, 806, 832, 833]
[699, 700]
[1129, 1130]
[569, 570]
[40, 32, 33, 61]
[32, 271, 453]
[199, 34]
[690, 691, 806, 809]
[1168, 110]
[588, 1042]
[86, 647]
[288, 11]
[232, 563]
[1074, 11]
[102, 1060, 1081]
[774, 132, 1241]
[1433, 1434]
[993, 1093]
[293, 1363]
[396, 82, 192, 922]
[426, 132, 1241]
[154, 928]
[1185, 1186]
[22, 23]
[1322, 211, 230, 603]
[250, 251, 619, 57, 102, 1489]
[1114, 806, 832]
[875, 1407]
[1131, 524, 5]
[1010, 1011]
[199, 203, 57, 102, 1489]
[419, 698]
[515, 516]
[948, 1064]
[1107, 670]
[149, 501]
[1493, 1494]
[298, 194, 841]
[866, 809]
[243, 511, 152]
[1423, 57, 102, 142]
[251, 619, 145]
[524, 5]
[199, 238, 203, 57, 102, 142]
[76, 772, 1, 1219, 640, 347]
[40, 32, 386, 152]
[180, 181]
[148, 149, 501, 885]
[528, 40, 32, 33, 61]
[690, 691, 806, 807]
[827, 205]
[173, 129]
[32, 386, 59]
[1330, 272]
[813, 57, 102, 1489]
[422, 0, 1, 1219, 640, 347]
[82, 192, 193]
[82, 1497]
[637, 467]
[340, 57, 102, 168]
[655, 203, 57, 102, 1060]
[278, 933]
[447, 1321]
[21, 817]
[238, 852]
[421, 994, 1, 1219, 640, 347]
[1282, 184, 1422]
[835, 27, 1053]
[510, 27, 1391]
[1329, 1066]
[290, 291]
[682, 186, 657]
[900, 16]
[900, 16, 1048]
[424, 943]
[528, 40, 32, 271, 179, 1179, 1180]
[148, 149]
[519, 206]
[421, 422]
[26, 27, 1053]
[1339, 1496]
[44, 57, 102, 1489]
[912, 913]
[908, 11]
[1110, 69]
[271, 1364]
[1128, 1019]
[476, 477, 1328]
[217, 57, 102]
[734, 227, 111]
[1077, 132, 1241]
[148, 149, 164]
[255, 617]
[581, 735]
[18, 1480]
[132, 133]
[18, 726]
[679, 792, 1188]
[305, 505]
[454, 1046]
[1166, 382, 1427]
[124, 565, 153]
[132, 57]
[1166, 382]
[92, 203, 57, 102, 1060]
[1207, 1208]
[1380, 387]
[251, 619, 57, 102, 142]
[40, 82, 192, 530]
[442, 443]
[959, 995]
[993, 362]
[491, 244]
[1106, 576, 405]
[213, 1229]
[708, 1166, 382, 821, 1303]
[756, 757]
[980, 306]
[730, 693]
[1131, 524, 78, 79]
[40, 32, 179, 1179]
[221, 222]
[1338, 27, 1053]
[32, 386, 152, 153]
[1244, 31]
[40, 32, 386, 61]
[1195, 780]
[1103, 27, 1391]
[298, 174]
[173, 299]
[40, 32, 271, 1311]
[944, 1037]
[92, 203, 57, 102, 1419]
[267, 694]
[532, 382, 821]
[1054, 0, 1, 1219, 640]
[132, 264]
[115, 1258]
[350, 3]
[662, 663]
[1356, 675]
[900, 16, 105]
[148, 457]
[206, 687]
[1249, 184, 194, 841]
[427, 1357]
[1118, 57, 102, 1316]
[57, 102, 1060, 1081]
[804, 1386]
[1156, 1157]
[56, 1006]
[682, 186, 560]
[126, 85]
[124, 372, 423]
[546, 31]
[772, 1, 699, 700]
[138, 1242]
[567, 511, 152, 153]
[35, 36]
[1408, 309]
[396, 82, 1497]
[524, 78, 755, 642]
[697, 698]
[307, 970]
[186, 187]
[751, 752]
[772, 1]
[32, 21, 675]
[422, 0, 1, 1219, 640, 700]
[279, 272]
[0, 640]
[470, 744]
[202, 869]
[981, 306]
[421, 994]
[78, 205]
[552, 553]
[250, 251, 619, 57, 102, 459]
[119, 48]
[774, 132, 145]
[1, 699]
[1103, 27]
[219, 220]
[78, 1396]
[1448, 1449]
[528, 40, 82, 192, 956]
[1246, 562, 1038]
[71, 172]
[1338, 27, 239]
[708, 1166, 382, 1427]
[1216, 1031]
[294, 295]
[0, 1, 1219, 640]
[130, 163]
[804, 983]
[1114, 806, 832, 833]
[611, 111]
[619, 57, 102, 168]
[0, 640, 347]
[316, 317]
[18, 1132]
[827, 11]
[32, 386, 387]
[971, 972]
[509, 5]
[236, 1341]
[619, 57, 102, 1060, 1081]
[532, 382, 821, 1303]
[77, 0, 1, 699, 700]
[1031, 1032]
[149, 456]
[1114, 806]
[319, 139]
[422, 0, 640]
[78, 776]
[580, 191]
[426, 132, 57, 102, 1489]
[498, 253, 254]
[421, 422, 0, 1, 699, 700]
[597, 476, 477]
[32, 523]
[421, 422, 0, 1, 1219, 640, 347, 348]
[92, 203, 57, 102, 142]
[238, 203, 57, 102, 1419]
[998, 490]
[28, 29]
[813, 57, 102, 1316]
[845, 11]
[331, 332]
[644, 645, 232, 233]
[660, 661]
[82, 192, 1315]
[609, 387]
[199, 203, 57, 102, 1060, 1081]
[328, 111]
[199, 238, 852]
[209, 675]
[1037, 1160]
[124, 1086]
[1308, 85]
[40, 32, 21, 595]
[1115, 272]
[32, 33, 43]
[421, 994, 1, 699, 700]
[77, 0, 1, 699]
[44, 57, 102, 1316]
[1366, 27, 1391]
[52, 112]
[284, 96, 951]
[991, 650, 651]
[132, 57, 102, 168]
[32, 271, 31]
[550, 551]
[421, 994, 1, 699]
[1296, 1324]
[184, 185]
[422, 0, 640, 700]
[217, 57, 102, 459]
[914, 526]
[32, 21, 595]
[40, 32]
[199, 203, 57, 102, 459]
[681, 132, 264]
[238, 93]
[192, 922]
[8, 1189]
[528, 40, 32, 179]
[199, 238, 203, 57, 102, 1489]
[90, 50, 1312]
[1089, 1096]
[238, 203, 57, 102, 1060]
[426, 132, 57, 102, 459]
[80, 81]
[641, 1160]
[57, 102, 1419]
[691, 806, 832, 833]
[349, 59]
[881, 1094]
[32, 179, 1179]
[1349, 1173]
[307, 932]
[238, 203, 57, 102, 168]
[677, 155]
[1441, 273, 274]
[734, 227, 763]
[1358, 1359]
[184, 1422]
[132, 57, 102, 1489]
[16, 735]
[1491, 1486]
[388, 27, 1391]
[52, 53, 434]
[644, 645, 25]
[1206, 102, 1489]
[615, 588, 230, 603]
[1059, 1068, 1069]
[32, 1199]
[88, 194]
[524, 635]
[21, 675]
[905, 5]
[899, 424, 943]
[57, 102, 1060]
[439, 440]
[547, 554]
[528, 40, 32, 21, 788]
[953, 954]
[40, 32, 271, 1364]
[130, 581, 735]
[326, 382, 791]
[374, 627]
[388, 389]
[421, 422, 0, 640, 347, 348]
[528, 40, 32, 21]
[383, 133]
[559, 1104]
[102, 168]
[54, 816]
[246, 1328]
[40, 32, 39]
[8, 203]
[40, 32, 386, 59]
[1372, 301]
[813, 57, 102, 1060, 1081]
[40, 32, 33, 356]
[775, 109]
[1481, 330]
[230, 603]
[426, 132, 57]
[1054, 0, 640, 347, 348]
[994, 1, 1219]
[199, 203, 1093]
[1420, 5]
[76, 77, 0, 699]
[296, 297]
[681, 132, 57]
[401, 220, 402]
[199, 238, 203, 57, 102, 459]
[383, 264]
[606, 339]
[844, 264]
[996, 1405]
[251, 619]
[176, 111]
[374, 1098]
[789, 93]
[199, 527]
[748, 675]
[370, 371, 1471]
[1368, 361]
[774, 132, 57, 102, 1316]
[380, 1484]
[1282, 184, 205]
[86, 244]
[722, 1281]
[801, 277]
[1334, 486]
[64, 537]
[326, 382]
[482, 123]
[606, 861]
[1168, 952]
[326, 382, 821, 1228]
[44, 387]
[426, 132, 57, 102, 1316]
[825, 826]
[26, 27, 239]
[148, 149, 501, 456, 457]
[1230, 1231]
[748, 321]
[400, 139]
[800, 31]
[240, 191]
[312, 313]
[655, 959, 411]
[33, 43, 366]
[619, 145]
[40, 32, 271]
[115, 1472]
[76, 77, 0, 699, 700]
[844, 133]
[536, 1469]
[1236, 1328]
[619, 69]
[799, 1476]
[386, 59]
[572, 11]
[1247, 57, 102, 142]
[32, 21]
[600, 601]
[1017, 272]
[57, 102]
[32, 21, 817]
[202, 203]
[544, 387]
[1346, 1347]
[1451, 635]
[1350, 645, 232, 233]
[40, 32, 21, 675]
[382, 821, 1303]
[221, 438]
[775, 105]
[18, 992]
[186, 329]
[40, 82, 192, 273, 1023]
[839, 1430]
[42, 387]
[80, 333]
[140, 1335]
[708, 1166, 382, 791]
[33, 356]
[21, 1046]
[18, 70]
[1077, 132, 57, 102, 459]
[1331, 1332]
[20, 321]
[290, 876]
[1398, 450]
[1206, 102, 142]
[626, 133]
[148, 149, 341]
[404, 405]
[692, 85]
[203, 1093]
[454, 13]
[528, 40, 32, 33, 59]
[307, 277]
[824, 163]
[370, 371, 602]
[20, 1235]
[138, 387]
[132, 57, 102, 1316]
[1247, 57, 102, 459]
[320, 1235]
[714, 715]
[40, 32, 33]
[386, 152, 153]
[148, 149, 799, 1476]
[710, 711]
[1206, 102, 1316]
[32, 271, 179, 1179]
[173, 861]
[804, 1080]
[238, 203]
[1202, 27, 1391]
[1287, 256]
[1198, 299]
[755, 642, 643]
[250, 251, 619, 69]
[250, 251, 619, 264]
[298, 129]
[319, 323, 387]
[772, 1, 1219, 640, 347]
[20, 828, 541]
[953, 776]
[470, 268]
[547, 492, 603]
[40, 82, 192, 273]
[349, 665]
[479, 480]
[10, 779]
[681, 69]
[905, 78, 275]
[314, 194, 841]
[353, 210]
[278, 57]
[58, 541]
[447, 11]
[740, 109]
[211, 230]
[738, 394, 395]
[1326, 1230]
[396, 82, 192, 616]
[802, 145]
[819, 27, 239]
[528, 40, 191]
[919, 813, 57, 102, 168]
[1110, 1170]
[804, 805]
[745, 806]
[1214, 57, 102, 1060, 1081]
[421, 994, 1, 1219, 640, 700]
[349, 228]
[130, 564]
[1067, 11]
[950, 689]
[132, 57, 102]
[280, 1507]
[504, 306]
[667, 526]
[250, 251, 619, 133]
[645, 232, 563]
[774, 132, 57]
[136, 137, 1487]
[240, 61]
[470, 311]
[499, 500]
[8, 955]
[401, 1443]
[487, 11]
[14, 15]
[130, 243, 511, 125]
[1065, 129]
[1195, 163]
[288, 139]
[1131, 524, 642]
[38, 175]
[1170, 69]
[90, 935]
[449, 78, 776]
[20, 325]
[32, 271, 272]
[525, 1097]
[431, 93]
[203, 57, 102, 1060]
[666, 361, 362]
[429, 1100]
[1054, 0, 1, 699, 700]
[250, 251, 619, 57, 102, 1316]
[340, 320, 1235]
[58, 325]
[528, 40, 32, 1081]
[452, 339]
[232, 861]
[528, 40, 82, 192]
[40, 32, 1337]
[18, 1403]
[199, 393]
[580, 111]
[130, 243, 511, 342]
[1282, 184, 680]
[90, 718]
[217, 57, 102, 142]
[994, 1, 1219, 640, 700]
[384, 612]
[1131, 524, 205]
[20, 675]
[528, 40, 32, 1309]
[806, 809]
[905, 78, 185]
[547, 492, 1099]
[130, 654]
[449, 78, 205]
[681, 132, 133]
[936, 408]
[771, 136, 137, 1487]
[803, 498]
[271, 31]
[340, 57, 102, 1060, 1081]
[44, 57]
[1291, 1292]
[604, 605]
[1072, 551]
[32, 179]
[1323, 1270]
[20, 541]
[90, 50, 745, 806, 832, 833]
[1387, 1388]
[421, 422, 0, 699]
[1059, 358]
[90, 50, 745, 806, 832]
[1109, 36]
[426, 132, 57, 102, 142]
[528, 40, 32]
[286, 68]
[452, 861]
[382, 1155]
[27, 1053]
[553, 562, 1266]
[1054, 0, 640, 700]
[186, 587]
[615, 548]
[401, 402]
[278, 57, 102, 168]
[426, 132, 145]
[510, 27]
[1123, 506, 304]
[40, 32, 363]
[202, 93]
[280, 843]
[552, 553, 996, 1405]
[681, 1243, 69]
[806, 807]
[40, 32, 271, 272]
[848, 59]
[842, 1190]
[506, 304]
[444, 445]
[1219, 640, 700]
[758, 759]
[524, 78]
[641, 1104]
[149, 885]
[40, 82, 192, 1315]
[898, 277]
[396, 191]
[1071, 306]
[230, 589]
[716, 717]
[33, 1242]
[130, 131]
[690, 691]
[681, 132, 57, 102, 459]
[919, 813, 57, 102, 1489]
[691, 806, 809]
[211, 230, 603]
[1226, 296, 297]
[1121, 194, 1007]
[261, 262]
[27, 239]
[969, 403]
[149, 799]
[528, 40, 32, 523]
[57, 102, 168]
[1056, 111]
[124, 565, 1428]
[202, 203, 57, 102, 1419]
[511, 152, 153]
[238, 203, 57, 102, 1489]
[199, 200]
[209, 13]
[82, 192, 607]
[874, 57, 102, 168]
[1246, 562, 1266]
[43, 366]
[76, 77, 1136]
[1251, 85]
[482, 647]
[32, 271, 1311]
[100, 101, 361, 362]
[652, 1104]
[528, 40, 32, 21, 817]
[1036, 1037, 1160]
[186, 790]
[187, 731]
[94, 95]
[284, 11]
[528, 40, 82, 192, 922]
[528, 40, 32, 271, 31]
[561, 562, 1266]
[14, 304]
[567, 511, 125]
[622, 623]
[149, 501, 457]
[1075, 321]
[130, 1456]
[789, 432]
[251, 619, 57, 102, 1316]
[866, 806, 832, 833]
[0, 699, 700]
[40, 32, 386, 387]
[1202, 27, 239]
[146, 147]
[531, 194, 1007]
[50, 1312]
[1147, 693]
[37, 574]
[1110, 132, 264]
[1450, 31]
[71, 11]
[376, 1181]
[18, 808]
[66, 67]
[580, 387]
[655, 203, 57, 102, 168]
[1304, 301]
[519, 206, 922]
[1362, 387]
[149, 501, 456]
[567, 511, 342]
[396, 82, 192, 607]
[454, 344]
[619, 952]
[130, 243, 598]
[396, 31]
[581, 105]
[319, 1146]
[641, 838]
[827, 873]
[532, 93]
[905, 642]
[82, 192, 956]
[488, 272]
[499, 467]
[1204, 1348]
[376, 1182]
[905, 642, 643]
[499, 927, 11]
[507, 508]
[644, 645, 232, 861]
[188, 189]
[292, 293, 1363]
[194, 1007]
[528, 40]
[1293, 579]
[795, 796]
[422, 0, 699, 700]
[1214, 57, 102, 168]
[40, 32, 1309]
[238, 203, 1093]
[638, 639]
[742, 743]
[1110, 132, 133]
[1125, 272]
[2, 3]
[470, 471]
[217, 57, 102, 1419]
[50, 745, 806]
[406, 85]
[86, 559, 641, 838]
[40, 32, 1081]
[1050, 49]
[243, 788]
[223, 38, 175]
[811, 1294]
[528, 40, 32, 271, 179, 1179]
[567, 511]
[905, 78, 755]
[219, 220, 402]
[307, 1467]
[994, 1, 1219, 640]
[622, 713]
[251, 619, 133]
[501, 456, 457]
[835, 27, 1391]
[201, 31]
[532, 690, 691]
[336, 455]
[33, 43]
[1461, 1098]
[340, 541]
[1338, 27, 1391]
[958, 361, 362]
[562, 1505]
[243, 438]
[679, 219]
[40, 82]
[250, 251, 619, 57, 102]
[547, 492]
[296, 970]
[42, 43]
[26, 27, 1391]
[401, 725, 270]
[1206, 102, 168]
[271, 179, 1179]
[1005, 907]
[1215, 301]
[199, 238, 93]
[151, 5]
[20, 537]
[323, 387]
[1243, 69]
[171, 239]
[1426, 385]
[1504, 907]
[1202, 27]
[1, 1219, 640, 347]
[40, 82, 192, 616]
[250, 251]
[615, 588]
[920, 921]
[444, 1390]
[1077, 132, 57, 102, 1419]
[161, 1172]
[190, 1360]
[1084, 505]
[1423, 57, 102, 1060]
[202, 203, 57, 102, 1060]
[292, 1431]
[528, 40, 32, 21, 1046]
[472, 85]
[62, 1479]
[967, 968]
[35, 693]
[286, 68, 69]
[559, 641, 1104]
[519, 1424]
[781, 1439]
[1383, 1268]
[217, 57, 102, 1060]
[40, 32, 33, 43, 366]
[48, 1019]
[1027, 3]
[522, 523]
[695, 696]
[1075, 675]
[524, 1375]
[1214, 57]
[238, 203, 57, 102, 1316]
[528, 40, 32, 271, 960]
[633, 634]
[672, 1138]
[1036, 1037]
[132, 145]
[1262, 375]
[1214, 57, 102, 1489]
[862, 863]
[421, 422, 0, 1, 1219, 640]
[396, 82, 192, 259]
[1253, 1254]
[458, 361]
[532, 382, 821, 1228]
[681, 132, 57, 102]
[806, 832]
[326, 382, 1435]
[708, 1166, 382, 1435]
[1287, 1288]
[214, 1245]
[421, 422, 0, 640, 700]
[227, 780]
[599, 1271]
[1133, 1134]
[340, 57, 102, 1060]
[88, 179, 1179]
[1423, 57, 102, 1419]
[919, 813, 57, 102, 1316]
[424, 646]
[658, 1501]
[386, 387]
[524, 78, 275]
[450, 451]
[690, 691, 806, 832]
[115, 116]
[734, 227, 367]
[811, 1290]
[1191, 31]
[452, 194, 841]
[376, 1313]
[88, 403]
[250, 251, 619, 620]
[188, 1111]
[577, 763]
[40, 32, 523]
[106, 339]
[1077, 132, 57, 102, 1060]
[801, 879]
[630, 163]
[511, 152]
[704, 1105]
[1059, 1068]
[203, 57, 102, 459]
[528, 40, 32, 1199]
[1077, 132, 57, 102, 142]
[1065, 69]
[532, 91]
[642, 643]
[32, 1309]
[624, 508]
[130, 582, 487, 11]
[148, 149, 501]
[340, 57, 102, 1419]
[204, 205]
[90, 690, 691, 806, 832, 833]
[682, 186, 790]
[482, 1265]
[708, 1166, 382, 821, 1228]
[106, 205]
[588, 230, 603]
[400, 190, 1360]
[0, 640, 347, 348]
[552, 553, 1458]
[1090, 467]
[340, 320]
[1137, 405]
[76, 77, 0, 640]
[874, 57, 102, 1419]
[849, 850]
[679, 219, 220]
[310, 27]
[1277, 95, 330]
[804, 1022]
[1010, 1392]
[251, 619, 264]
[40, 32, 1043]
[252, 11]
[0, 1]
[528, 40, 82, 1497]
[613, 93]
[32, 1081]
[82, 192, 273, 274]
[8, 369]
[1366, 27, 1053]
[1131, 524, 642, 643]
[119, 48, 1019]
[944, 1037, 1160]
[1195, 446]
[340, 57]
[565, 153]
[900, 16, 575]
[192, 193]
[738, 739]
[899, 424, 366]
[429, 430]
[238, 203, 57, 102, 459]
[227, 59]
[1349, 952]
[312, 720]
[292, 293]
[382, 1427]
[124, 1076]
[199, 203]
[328, 387]
[736, 737]
[1165, 95]
[1236, 1237]
[20, 21, 675]
[82, 192]
[543, 5]
[1103, 27, 216]
[502, 1119]
[130, 243, 511]
[322, 5]
[774, 132, 57, 102, 1489]
[874, 57, 102, 1060]
[528, 40, 82, 192, 616]
[1218, 1219]
[1398, 450, 451]
[186, 187, 731]
[662, 492, 1099]
[421, 994, 399]
[236, 1111]
[407, 408]
[528, 40, 32, 21, 595]
[978, 1385]
[528, 918, 1436]
[284, 96]
[1247, 57, 102, 1489]
[1442, 387]
[749, 750]
[524, 78, 185]
[682, 186]
[206, 304]
[290, 373]
[528, 40, 32, 387]
[644, 645]
[372, 423]
[528, 40, 32, 169]
[286, 287]
[1361, 403]
[666, 361]
[217, 57, 102, 1060, 1081]
[235, 274]
[682, 186, 187, 731]
[519, 206, 616]
[433, 434]
[60, 387]
[1323, 111]
[318, 446]
[159, 475]
[528, 40, 397]
[40, 41]
[994, 1, 1219, 640, 347]
[753, 754]
[528, 40, 32, 386]
[56, 167]
[691, 806, 807]
[202, 853]
[243, 1177]
[559, 641, 838]
[1260, 1261]
[199, 203, 57, 102, 142]
[230, 231]
[1159, 167]
[1459, 1239]
[528, 40, 1009]
[92, 203, 57, 102, 168]
[8, 1395]
[64, 65]
[465, 171]
[32, 386, 152]
[8, 9]
[1305, 1306]
[257, 258]
[382, 1435]
[0, 640, 700]
[1214, 57, 102, 1316]
[1378, 813, 57, 102, 168]
[113, 114]
[515, 129]
[76, 772, 1, 1219]
[461, 462]
[691, 806]
[72, 73]
[524, 78, 1396]
[528, 40, 32, 59]
[56, 57, 102, 459]
[243, 511, 342, 343]
[528, 40, 32, 916]
[388, 27, 1053]
[827, 618]
[8, 411]
[199, 955]
[804, 1468]
[918, 1436]
[1103, 27, 478]
[76, 77, 0, 1, 1219]
[1153, 1154]
[1282, 184, 194, 841]
[827, 172]
[173, 194]
[427, 428]
[40, 32, 21, 1046]
[382, 821, 1228]
[422, 0, 1, 699, 700]
[528, 40, 82, 192, 273, 1023]
[686, 687]
[32, 59]
[704, 1416]
[410, 184, 185]
[269, 834]
[92, 93]
[207, 208]
[288, 61]
[606, 453]
[1187, 1188]
[1397, 928]
[227, 163]
[8, 203, 57, 102, 459]
[1126, 1127]
[552, 553, 516]
[1118, 57, 102, 1489]
[190, 1360, 943]
[280, 1278]
[1295, 1296, 1324]
[388, 571]
[1240, 169]
[606, 103]
[40, 32, 271, 960]
[638, 639, 997]
[611, 387]
[18, 549]
[900, 16, 495]
[1330, 31]
[592, 593]
[1322, 211, 230]
[553, 996]
[340, 320, 321]
[1118, 57, 102, 459]
[68, 69]
[422, 0, 699]
[203, 57, 102, 1060, 1081]
[1350, 645, 232]
[124, 565]
[1206, 102, 1060, 1081]
[0, 1, 699, 700]
[466, 467]
[1079, 129]
[384, 612, 3]
[775, 339]
[298, 403]
[864, 865]
[1366, 27, 239]
[1381, 1382]
[44, 57, 102, 168]
[813, 57, 102, 1419]
[837, 85]
[602, 371, 1471]
[42, 43, 366]
[725, 270]
[173, 194, 1007]
[182, 534, 535]
[16, 1048]
[77, 0, 1, 1219, 640, 347]
[645, 232, 403]
[8, 93]
[90, 1158]
[40, 191]
[1263, 1264]
[1297, 1298]
[528, 40, 82]
[681, 132, 57, 102, 142]
[278, 57, 102, 1060, 1081]
[1236, 1318]
[50, 664]
[251, 619, 57, 102]
[547, 548]
[12, 13]
[241, 242]
[1122, 85]
[957, 852]
[1029, 1030]
[1412, 1138]
[124, 1285, 1289]
[867, 868]
[307, 924]
[555, 556]
[192, 273]
[528, 40, 32, 386, 387]
[12, 344]
[56, 57, 102, 1419]
[203, 57, 102]
[204, 129]
[50, 745, 806, 807]
[130, 654, 487]
[77, 0, 640, 347]
[137, 1487]
[482, 244]
[917, 467]
[20, 21, 1046]
[426, 132, 57, 102]
[1247, 57, 102, 1316]
[88, 89]
[909, 59]
[890, 891]
[565, 1428]
[499, 11]
[519, 206, 304]
[251, 619, 57]
[1360, 943]
[662, 492, 493]
[976, 977]
[1112, 1113]
[1320, 385]
[40, 32, 33, 387]
[288, 387]
[524, 78, 755]
[813, 57, 102, 1060]
[340, 320, 675]
[492, 493]
[1293, 579, 440]
[98, 1124]
[452, 194]
[613, 934]
[76, 772, 1, 699, 700]
[76, 77, 0, 1, 1219, 640, 700]
[40, 32, 271, 179, 1179, 1180]
[1040, 405]
[772, 1, 1219]
[401, 725]
[354, 308, 309]
[388, 27, 478]
[1143, 505]
[340, 3]
[552, 553, 996]
[655, 656]
[681, 132, 57, 102, 1489]
[1056, 59]
[1101, 361]
[1192, 1193]
[390, 568]
[92, 203, 1093]
[349, 523]
[959, 411]
[124, 125]
[772, 1136]
[132, 1241]
[326, 382, 821, 1303]
[238, 1307]
[16, 17]
[56, 57, 102, 1060]
[828, 541]
[206, 956]
[1054, 0]
[120, 765]
[255, 256]
[929, 930]
[552, 553, 562, 1266]
[361, 362]
[679, 219, 220, 402]
[655, 203, 57, 102, 1419]
[40, 82, 192, 922]
[470, 694]
[783, 503]
[263, 133]
[697, 1049]
[1323, 1175]
[426, 132, 264]
[702, 235]
[203, 57, 102, 142]
[567, 1175]
[77, 0, 1, 1219, 640, 347, 348]
[357, 358]
[170, 171]
[492, 1099]
[106, 1415]
[573, 574]
[658, 659]
[772, 1, 699]
[58, 139]
[875, 876]
[597, 476, 477, 497]
[8, 203, 57, 102, 1060]
[179, 1179]
[32, 271]
[1166, 382, 1155]
[1202, 27, 1053]
[887, 888]
[298, 89]
[491, 647]
[619, 57, 102]
[90, 50, 745]
[40, 32, 179]
[734, 227, 59]
[919, 813, 57]
[684, 685]
[914, 1136]
[1197, 11]
[1401, 1402]
[645, 232]
[745, 806, 832]
[1319, 361, 362]
[421, 422, 0, 699, 700]
[1102, 245, 246]
[1, 1219, 640, 700]
[1167, 103]
[184, 194, 841]
[206, 607]
[599, 87]
[355, 446]
[1295, 1296]
[786, 787]
[528, 40, 32, 1337]
[370, 371]
[396, 82, 192, 956]
[390, 391]
[263, 264]
[77, 0]
[276, 31]
[1050, 1051]
[532, 382]
[654, 487, 11]
[250, 251, 619, 57, 102, 1060, 1081]
[449, 78, 755, 642, 643]
[240, 139]
[1269, 1270]
[8, 853]
[6, 7]
[251, 619, 57, 102, 1489]
[130, 225]
[1110, 1170, 69]
[939, 301]
[8, 1310]
[388, 27, 216]
[396, 82]
[1110, 132, 57, 102, 1060]
[21, 595]
[421, 994, 1]
[528, 40, 32, 179, 1179]
[132, 57, 102, 459]
[1350, 645, 232, 403]
[1010, 1009]
[1356, 13]
[50, 745, 806, 809]
[1149, 1150]
[655, 959, 995]
[678, 359, 1365]
[124, 1285, 1286]
[8, 203, 57, 102, 1419]
[14, 210]
[251, 619, 620]
[250, 251, 619, 145]
[90, 50, 745, 806]
[510, 27, 478]
[681, 132, 57, 102, 1060, 1081]
[152, 153]
[553, 996, 1405]
[37, 713]
[245, 246, 1328]
[18, 1417]
[182, 339]
[40, 82, 83]
[77, 0, 1, 1219, 640]
[813, 57, 102, 459]
[1091, 1092]
[1249, 184]
[108, 1342]
[392, 1353]
[199, 608]
[364, 365]
[583, 1039]
[1378, 813, 57, 102, 1060]
[33, 387]
[199, 203, 57, 102, 1316]
[528, 40, 32, 179, 1179, 1180]
[821, 1228]
[1256, 1257]
[1110, 132, 57, 102, 168]
[64, 541]
[691, 809]
[447, 448]
[835, 27, 216]
[1452, 1453]
[528, 40, 41]
[919, 813]
[1447, 301]
[0, 1, 1219, 640, 347, 348]
[96, 97]
[422, 0, 640, 347, 348]
[760, 1500]
[1198, 174]
[418, 85]
[161, 162]
[473, 474]
[681, 1243]
[77, 0, 699]
[371, 1471]
[44, 45]
[903, 1488]
[681, 132, 145]
[1421, 926]
[4, 5]
[528, 40, 82, 192, 259]
[1445, 1446]
[727, 5]
[749, 1317]
[827, 1015]
[528, 40, 32, 33, 1242]
[1338, 27]
[662, 603]
[1406, 111]
[27, 1391]
[312, 720, 721]
[421, 422, 0]
[149, 456, 457]
[909, 387]
[667, 668]
[32, 386, 191]
[426, 132, 133]
[590, 591]
[760, 93]
[250, 251, 619, 57, 102, 168]
[186, 1492]
[1376, 1377]
[774, 132, 57, 102, 168]
[8, 203, 57, 102, 142]
[532, 690]
[1378, 813, 57, 102, 1419]
[182, 205]
[449, 642, 643]
[681, 132, 57, 102, 1316]
[553, 516]
[900, 109]
[552, 889]
[1440, 1008]
[184, 205]
[300, 301]
[682, 186, 329]
[615, 588, 589]
[1206, 102, 1060]
[310, 27, 216]
[510, 27, 216]
[32, 363]
[319, 323, 139]
[253, 254]
[981, 505]
[78, 755]
[88, 129]
[396, 82, 192]
[528, 40, 82, 192, 273]
[619, 57, 102, 459]
[524, 1473]
[532, 382, 1155]
[681, 132, 1241]
[149, 501, 885]
[1118, 57, 102, 142]
[615, 588, 230, 589]
[211, 212]
[525, 526]
[645, 232, 233]
[1077, 132, 57, 102, 1316]
[1338, 27, 478]
[40, 32, 333]
[136, 137, 330]
[195, 1151]
[342, 343]
[18, 178]
[519, 206, 956]
[524, 1389]
[774, 132, 57, 102, 142]
[8, 393]
[552, 553, 562]
[199, 369]
[1185, 1252]
[1362, 111]
[392, 361]
[124, 1285]
[122, 123]
[186, 560]
[1018, 1019]
[18, 1026]
[520, 521]
[88, 1239]
[143, 144]
[532, 690, 691, 809]
[82, 192, 922]
[1326, 1230, 1231]
[1250, 1025]
[42, 59]
[813, 57, 102, 142]
[866, 806, 809]
[124, 62, 63]
[37, 38, 175]
[132, 57, 102, 1060]
[130, 581]
[326, 761]
[124, 62, 1479]
[199, 1189]
[58, 387]
[1078, 301]
[305, 306]
[57, 102, 1489]
[504, 505]
[202, 203, 57, 102, 142]
[236, 979]
[138, 139]
[232, 233]
[74, 75]
[431, 432]
[20, 21, 817]
[90, 91]
[132, 57, 102, 1419]
[349, 111]
[806, 832, 833]
[217, 57, 102, 168]
[519, 206, 607]
[1206, 102, 1419]
[1282, 184, 185]
[58, 59]
[250, 251, 619, 1020]
[199, 238]
[1223, 1224]
[874, 57, 102]
[326, 382, 821]
[130, 654, 487, 11]
[672, 673]
[1339, 1340]
[190, 191]
[483, 484]
[797, 798]
[159, 554]
[866, 806, 807]
[56, 57, 102, 168]
[76, 77, 0, 1054]
[528, 40, 32, 338]
[98, 99]
[40, 32, 338]
[669, 670, 496]
[994, 1, 699]
[18, 260]
[944, 945]
[56, 57, 102, 1060, 1081]
[1110, 132, 145]
[1131, 524, 1389]
[217, 306]
[421, 994, 1, 1219]
[532, 690, 691, 806]
[326, 327]
[16, 495]
[1126, 1506]
[76, 772, 1, 1219, 640, 347, 348]
[149, 1425]
[429, 481]
[1110, 132, 57, 102, 1419]
[1131, 524, 1473]
[248, 249]
[130, 582]
[874, 57, 102, 1316]
[1077, 132, 145]
[130, 243, 511, 152]
[772, 1, 1219, 640, 347, 348]
[740, 741]
[20, 21, 595]
[82, 192, 273, 1023]
[690, 691, 806, 832, 833]
[578, 579]
[708, 709]
[986, 1174]
[1131, 524, 78, 755, 642, 643]
[119, 48, 770]
[386, 152]
[842, 639]
[436, 437]
[40, 82, 192, 956]
[670, 496, 497]
[476, 477, 497]
[1003, 1004]
[271, 960]
[199, 238, 203, 57, 102, 1419]
[243, 511]
[422, 0, 1]
[615, 588, 231]
[1203, 36]
[452, 453]
[781, 782]
[528, 40, 1502]
[82, 192, 616]
[199, 238, 203, 57, 102, 1060]
[441, 5]
[213, 111]
[384, 612, 1063]
[56, 57, 102, 1489]
[32, 21, 788]
[314, 194]
[1166, 382, 821]
[40, 82, 192, 273, 274]
[60, 59]
[40, 32, 271, 179, 1179]
[452, 103]
[1131, 524, 78]
[199, 238, 203, 57, 102]
[468, 469]
[577, 446]
[278, 57, 102]
[1082, 1083]
[1319, 361]
[482, 104]
[528, 40, 32, 333]
[217, 218]
[90, 50]
[650, 651]
[619, 264]
[1444, 361]
[622, 1002]
[1232, 1233]
[32, 179, 1179, 1180]
[1322, 211, 230, 231]
[573, 713]
[161, 895]
[1110, 132, 1241]
[182, 618]
[388, 27]
[964, 965]
[340, 57, 102, 142]
[738, 394]
[1054, 0, 1, 699]
[378, 379]
[901, 902]
[251, 619, 57, 102, 1060, 1081]
[624, 820]
[804, 870]
[195, 196]
[514, 1399]
[90, 690, 691, 806, 832]
[553, 562]
[1218, 1219, 640, 347]
[32, 675]
[688, 689]
[915, 664]
[449, 78, 79]
[20, 65]
[132, 57, 102, 142]
[923, 5]
[77, 0, 1, 1219]
[681, 132]
[929, 1087]
[251, 619, 57, 102, 1419]
[561, 562]
[615, 588, 230]
[32, 271, 960]
[760, 761]
[214, 1498]
[553, 129]
[33, 59]
[567, 511, 342, 343]
[1373, 1374]
[184, 194, 1007]
[227, 111]
[662, 554]
[355, 272]
[10, 11]
[781, 1486]
[251, 619, 57, 102, 1060]
[810, 205]
[1068, 1069]
[251, 619, 57, 102, 168]
[76, 77, 0, 1, 699, 700]
[32, 33, 61]
[267, 584]
[410, 184, 194, 841]
[124, 594]
[1470, 11]
[880, 85]
[1141, 301]
[286, 1045]
[712, 339]
[766, 675]
[32, 271, 1364]
[644, 645, 232, 563]
[400, 59]
[611, 59]
[132, 57, 102, 1060, 1081]
[106, 107]
[161, 545]
[1423, 57, 102, 168]
[52, 53, 1145]
[392, 458, 361, 362]
[1110, 132, 57, 102, 1060, 1081]
[424, 304]
[130, 243, 788]
[569, 946]
[1255, 763]
[400, 387]
[310, 27, 478]
[552, 553, 129]
[619, 1020]
[836, 169]
[32, 33, 387]
[326, 382, 1427]
[766, 321]
[1077, 132, 57, 102, 1060, 1081]
[400, 1035]
[323, 139]
[1384, 74, 75]
[18, 19]
[60, 111]
[102, 1060]
[994, 399]
[994, 1]
[310, 27, 1391]
[905, 78, 755, 642]
[394, 395]
[199, 238, 203, 57]
[130, 243, 438]
[771, 136]
[40, 32, 33, 43]
[102, 1419]
[1411, 747]
[525, 700]
[40, 82, 192]
[1167, 926]
[56, 133]
[90, 93]
[804, 1274]
[948, 949]
[298, 194]
[1338, 27, 216]
[20, 21]
[912, 1495]
[1131, 524, 78, 776]
[1054, 0, 699]
[372, 1225]
[567, 728]
[1077, 132, 57, 102]
[1209, 235, 274]
[531, 194, 841]
[416, 417]
[851, 5]
[50, 51]
[734, 227, 228]
[1369, 344]
[1060, 1081]
[124, 372]
[56, 57, 102]
[1220, 1221]
[202, 203, 57, 102, 459]
[433, 11]
[8, 203, 57]
[1322, 211]
[412, 498, 253]
[619, 57, 102, 1489]
[102, 459]
[130, 581, 105]
[498, 253]
[1378, 813, 57, 102]
[56, 57, 102, 1316]
[528, 40, 32, 289]
[1, 1219, 640, 347, 348]
[56, 264]
[619, 57, 102, 142]
[298, 1140]
[734, 227, 446]
[755, 642]
[670, 496]
[524, 78, 755, 642, 643]
[714, 715, 169]
[1423, 57, 102, 1316]
[745, 806, 832, 833]
[1131, 524, 78, 205]
[351, 1474]
[854, 855]
[682, 186, 587]
[1054, 0, 1, 1219, 640, 700]
[40, 32, 179, 1179, 1180]
[412, 498, 785]
[582, 487, 11]
[528, 40, 32, 386, 152]
[12, 1234]
[1350, 645, 232, 563]
[77, 0, 640]
[340, 57, 102, 1316]
[1214, 57, 102, 459]
[422, 0, 1, 1219, 640]
[903, 904]
[489, 490]
[278, 57, 102, 1419]
[211, 603]
[631, 632]
[396, 82, 83]
[561, 562, 1505]
[207, 1066]
[60, 61]
[130, 1409]
[597, 476]
[1370, 1371]
[197, 198]
[400, 61]
[76, 77, 0, 1, 1219, 640, 347, 348]
[1249, 184, 194, 1007]
[278, 57, 102, 1060]
[532, 690, 691, 806, 809]
[655, 203, 57]
[720, 721]
[77, 0, 1]
[90, 50, 664]
[8, 203, 57, 102, 1316]
[774, 132]
[1378, 813]
[1322, 211, 230, 589]
[919, 813, 57, 102, 1060]
[40, 1502]
[1203, 693]
[130, 985]
[777, 784]
[86, 559, 641, 1104]
[20, 828]
[1115, 31]
[211, 230, 589]
[905, 78]
[32, 636]
[1277, 95]
[269, 270]
[211, 230, 1042]
[528, 40, 82, 192, 530]
[326, 718]
[528, 40, 32, 386, 59]
[148, 149, 456]
[414, 415]
[553, 562, 1505]
[547, 492, 493]
[1027, 1028]
[813, 57]
[1226, 296, 970]
[1219, 640, 347]
[159, 160]
[624, 155]
[745, 806, 807]
[26, 27, 478]
[320, 675]
[919, 813, 57, 102, 1419]
[1248, 1221]
[96, 951]
[238, 203, 57, 102, 142]
[278, 57, 102, 459]
[690, 691, 809]
[479, 1478]
[528, 871]
[532, 690, 691, 806, 807]
[463, 11]
[8, 203, 1093]
[978, 109]
[899, 424, 15]
[40, 32, 21, 788]
[108, 1194]
[517, 61]
[532, 382, 1427]
[92, 203, 57, 102, 1316]
[1054, 0, 1]
[682, 186, 187]
[1, 699, 700]
[519, 206, 687]
[426, 132, 57, 102, 1060, 1081]
[449, 78, 755]
[715, 169]
[511, 342, 343]
[1441, 273]
[101, 361, 362]
[57, 102, 459]
[320, 321]
[498, 785]
[1077, 132, 57]
[645, 25]
[40, 32, 1485]
[371, 602]
[40, 82, 192, 259]
[88, 194, 1007]
[396, 82, 192, 1315]
[1121, 194]
[53, 434]
[538, 85]
[398, 399]
[199, 203, 57, 102, 1060]
[280, 642]
[655, 203, 57, 102, 1060, 1081]
[76, 77, 0, 1, 1219, 640]
[298, 194, 1007]
[410, 184, 194]
[1247, 57, 102, 168]
[919, 813, 57, 102, 142]
[745, 806, 809]
[44, 57, 102, 1419]
[961, 962]
[288, 289]
[655, 203, 57, 102, 1489]
[819, 27, 1053]
[234, 235, 274]
[686, 304]
[199, 238, 203, 1093]
[90, 343]
[1218, 1219, 640, 700]
[202, 203, 57, 102, 1489]
[130, 989]
[21, 788]
[811, 812]
[302, 1161]
[32, 33, 1242]
[514, 352]
[736, 5]
[82, 192, 259]
[130, 243, 511, 152, 153]
[1218, 1219, 640, 347, 348]
[528, 40, 32, 21, 675]
[100, 101]
[1183, 1184]
[0, 1054]
[186, 657]
[251, 619, 69]
[588, 230, 1042]
[1054, 0, 699, 700]
[1249, 184, 680]
[1499, 591]
[180, 1455]
[682, 186, 1492]
[0, 1, 1219]
[669, 670]
[519, 15]
[26, 27, 216]
[927, 11]
[1109, 693]
[619, 57, 102, 1316]
[40, 32, 59]
[1423, 57, 102, 1489]
[199, 203, 57, 102, 1419]
[44, 57, 102, 1060, 1081]
[44, 57, 102, 1060]
[1012, 1013]
[864, 966]
[884, 675]
[1041, 743]
[1378, 813, 57]
[8, 1210]
[284, 96, 97]
[900, 1272]
[1247, 111]
[40, 82, 192, 607]
[199, 238, 203, 57, 102, 168]
[202, 203, 57, 102, 1060, 1081]
[40, 32, 33, 1242]
[302, 303]
[340, 57, 102, 1489]
[681, 132, 57, 102, 1419]
[482, 87]
[1121, 194, 841]
[562, 1038]
[40, 32, 386]
[288, 111]
[674, 535]
[528, 40, 32, 386, 191]
[1214, 57, 102, 1060]
[452, 403]
[986, 1164]
[567, 1490]
[77, 0, 640, 347, 348]
[447, 5]
[78, 185]
[982, 490]
[206, 616]
[528, 918]
[532, 382, 791]
[848, 289]
[40, 32, 916]
[772, 1, 1219, 640]
[444, 1085]
[976, 1135]
[1211, 1212]
[722, 723]
[881, 1336]
[1077, 132, 57, 102, 1489]
[32, 271, 179, 1179, 1180]
[271, 179]
[1322, 211, 883]
[703, 571]
[396, 82, 192, 193]
[37, 38]
[92, 203, 57]
[1114, 806, 809]
[400, 190, 1360, 943]
[528, 40, 32, 271, 179]
[54, 963]
[588, 230, 589]
[68, 110]
[206, 922]
[319, 191]
[340, 57, 102, 459]
[819, 27, 216]
[46, 932]
[90, 690]
[671, 408]
[552, 553, 562, 1038]
[832, 833]
[1475, 628]
[392, 458, 361]
[173, 315]
[368, 361, 362]
[122, 1171]
[567, 1052]
[88, 179]
[706, 707]
[328, 61]
[612, 1063]
[821, 1303]
[255, 596]
[124, 565, 566]
[1110, 132, 57, 102]
[655, 959]
[842, 997]
[117, 1429]
[223, 766]
[92, 203, 57, 102, 1489]
[421, 422, 0, 640, 347]
[1418, 926]
[823, 490]
[412, 498]
[130, 1144]
[702, 235, 274]
[32, 1485]
[973, 111]
[1003, 1227]
[50, 745]
[583, 571]
[426, 132]
[905, 78, 755, 642, 643]
[1423, 57]
[613, 614]
[906, 907]
[32, 33, 43, 366]
[1165, 95, 330]
[690, 691, 806]
[905, 78, 79]
[599, 647]
[340, 57, 102]
[376, 518]
[1443, 402]
[686, 210]
[923, 924]
[53, 1145]
[33, 61]
[426, 132, 57, 102, 168]
[1322, 211, 230, 1042]
[528, 40, 32, 33, 356]
[925, 926]
[165, 856]
[528, 1299]
[1054, 0, 1, 1219, 640, 347]
[1110, 132, 57]
[326, 382, 1155]
[1247, 57, 102, 1060]
[138, 367]
[704, 705]
[102, 142]
[179, 1179, 1180]
[230, 1042]
[421, 422, 0, 1]
[359, 360]
[597, 476, 477, 1328]
[528, 40, 32, 636]
[528, 40, 82, 192, 273, 274]
[919, 813, 57, 102, 1060, 1081]
[1249, 184, 205]
[101, 361]
[298, 1239]
[1368, 361, 362]
[50, 745, 806, 832, 833]
[78, 275]
[32, 1043]
[243, 511, 342]
[149, 501, 456, 457]
[582, 487]
[202, 203, 57, 102, 1316]
[819, 27, 478]
[909, 289]
[1214, 57, 102, 1419]
[72, 103]
[655, 203, 57, 102, 1316]
[734, 227]
[477, 1328]
[528, 40, 82, 83]
[615, 588, 230, 231]
[678, 359]
[606, 194, 1007]
[202, 203, 1093]
[830, 831]
[148, 149, 456, 457]
[243, 511, 125]
[1238, 1239]
[386, 191]
[1366, 27]
[392, 361, 362]
[734, 446]
[762, 272]
[232, 403]
[1, 1219]
[32, 289]
[410, 184, 194, 1007]
[1077, 132]
[173, 403]
[16, 575]
[192, 273, 1023]
[676, 677, 155]
[40, 32, 387]
[502, 503]
[1247, 57, 102, 1419]
[1249, 184, 1422]
[606, 194, 841]
[77, 0, 699, 700]
[814, 815]
[1114, 806, 807]
[40, 32, 169]
[679, 792]
[729, 675]
[88, 174]
[407, 333]
