[136, 667]
[832, 61, 106, 1077, 1097]
[94, 54, 759]
[289, 61, 106, 1511]
[268, 608]
[501, 108]
[490, 1500]
[538, 44, 36, 282, 465]
[685, 423]
[474, 9]
[590, 591, 453]
[695, 75]
[1229, 1283]
[62, 1018]
[1502, 346]
[29, 489]
[1121, 684, 505]
[1270, 988, 61, 106, 147]
[538, 1314]
[275, 119]
[983, 984]
[54, 55]
[1464, 377, 378]
[538, 44, 36, 402, 163]
[159, 160, 468]
[176, 874]
[180, 181, 252]
[862, 139]
[934, 680]
[538, 44, 36, 379]
[1009, 663, 664]
[193, 194]
[54, 1326]
[627, 953]
[723, 1179, 398]
[1231, 1232]
[386, 387, 614]
[659, 27]
[625, 65]
[313, 990]
[538, 44, 36, 190, 1192, 1193]
[184, 328]
[61, 106, 147]
[82, 83, 0, 1, 1232]
[1141, 534, 649]
[1048, 1049]
[195, 544, 545]
[702, 641]
[1093, 138, 61, 106]
[538, 44, 88, 203, 284]
[54, 759, 825, 851]
[1264, 193, 694]
[924, 656]
[160, 468, 469]
[557, 502]
[592, 403]
[521, 163]
[718, 966]
[240, 241]
[895, 1425]
[94, 54, 55]
[98, 216, 61, 106, 1511]
[706, 707, 825, 851, 852]
[855, 182]
[61, 106, 1330]
[763, 764]
[82, 83]
[748, 240, 174]
[471, 377, 378]
[37, 1257]
[94, 54, 759, 825, 826]
[287, 288]
[988, 61, 106]
[14, 109]
[342, 398, 1168]
[777, 283]
[1155, 1156]
[1280, 623]
[30, 1085]
[325, 29, 229]
[414, 88, 203, 272]
[1179, 398, 841, 1241]
[512, 513]
[83, 0]
[542, 398, 1168]
[289, 952]
[0, 714, 715]
[538, 44, 88, 203, 941]
[482, 758]
[1402, 80, 81]
[789, 140, 141, 346]
[261, 262, 632, 61, 106, 1077]
[251, 1322]
[197, 345]
[774, 775]
[44, 415]
[618, 465]
[1179, 398, 1455]
[414, 88]
[886, 825, 851, 852]
[1344, 1083]
[585, 586]
[632, 633]
[1375, 1376]
[456, 5]
[542, 954]
[553, 5]
[262, 632, 633]
[1161, 708]
[1270, 988, 61, 106]
[444, 775]
[90, 569, 655]
[52, 788]
[251, 870]
[460, 461]
[1471, 649]
[203, 204]
[696, 197, 198, 746]
[1328, 183]
[695, 138, 61, 106, 470]
[136, 256, 1190]
[416, 739]
[857, 858]
[94, 54, 759, 825, 828]
[1141, 534, 656, 657]
[439, 138, 61, 106, 179]
[1072, 0, 1, 714]
[1368, 1369]
[48, 61, 106, 147]
[251, 216]
[573, 1267]
[563, 572, 1526]
[676, 502, 1112]
[884, 956]
[1373, 689]
[435, 1012, 1, 1232, 654]
[282, 190, 1192, 1193]
[425, 193, 218]
[44, 36, 282, 190, 1192, 1193]
[1345, 35]
[668, 978, 426]
[727, 356]
[234, 451]
[538, 44, 36, 19, 689]
[37, 374]
[412, 413]
[282, 283]
[1297, 193, 694]
[860, 653]
[435, 1012, 1, 714]
[140, 141]
[92, 190, 1192]
[205, 1024]
[1132, 205]
[26, 27]
[230, 61, 106, 470]
[203, 284, 1040]
[659, 245, 881]
[634, 424]
[366, 3]
[581, 377, 378]
[44, 36, 63]
[106, 179]
[303, 304]
[322, 951]
[625, 63]
[36, 190, 1192, 1193]
[398, 841]
[1044, 3]
[581, 965]
[1216, 708]
[1426, 324]
[259, 1343]
[159, 160, 904]
[224, 902]
[466, 1064]
[936, 478]
[538, 44, 88, 203, 284, 285]
[276, 277]
[184, 419]
[44, 36, 402, 403]
[77, 107]
[594, 499]
[693, 810, 1201]
[538, 44, 1525]
[10, 216, 61, 106, 1077, 1097]
[36, 304]
[978, 1013]
[776, 73]
[1265, 1042]
[706, 707, 828]
[160, 511]
[184, 93]
[671, 1523]
[211, 620]
[752, 753]
[1306, 1307]
[463, 5]
[325, 29, 489]
[668, 216, 61, 106, 1438]
[562, 563, 1014, 1423]
[256, 610]
[418, 304]
[289, 61, 106, 470]
[632, 61, 106]
[1282, 496]
[138, 61, 106, 1438]
[696, 697]
[211, 251, 216, 61, 106, 470]
[347, 1191]
[538, 44, 88, 203, 1329]
[632, 61, 106, 1511]
[159, 160, 817]
[1179, 398, 809]
[307, 896]
[44, 36, 282, 190, 1192]
[208, 209]
[924, 84]
[418, 1052]
[688, 545]
[282, 465]
[464, 205, 1024]
[573, 600, 243, 1059]
[435, 1012, 1, 1232, 654, 363]
[1224, 1225]
[894, 61, 106, 1077, 1097]
[98, 890]
[98, 216, 61, 106]
[105, 377]
[197, 1514]
[1261, 572, 1279]
[1264, 193, 218]
[44, 36, 935]
[44, 88, 1520]
[414, 88, 203, 975]
[247, 1358]
[82, 83, 0, 654, 363, 364]
[900, 1108]
[504, 189]
[10, 1324]
[262, 632, 61, 106, 147]
[538, 44, 36, 19, 607]
[1481, 5]
[1521, 603]
[659, 245, 575]
[90, 635]
[719, 1119]
[211, 537]
[224, 243, 601]
[1196, 1197]
[532, 533]
[668, 216, 61, 106, 147]
[538, 44, 36, 282, 1381]
[211, 251, 216, 61]
[19, 1064]
[138, 61]
[1093, 138, 61, 106, 1077, 1097]
[538, 44, 36, 402, 63]
[508, 266, 267]
[289, 61, 106, 1077]
[1093, 138]
[56, 1254]
[396, 397]
[311, 419]
[332, 146]
[780, 1339]
[1383, 29, 1070]
[322, 990]
[1300, 1301]
[438, 17]
[963, 964]
[44, 36, 182]
[224, 243]
[30, 31]
[404, 29, 229]
[136, 593, 109]
[792, 138, 1256]
[614, 387, 1493]
[167, 168]
[1472, 1473]
[256, 521]
[792, 138, 156]
[36, 650]
[14, 507]
[58, 59, 447]
[262, 632, 61, 106, 1077]
[538, 44, 36, 190, 1192]
[388, 1238]
[1153, 467]
[0, 654]
[295, 30, 1085]
[90, 108]
[1012, 1, 714]
[402, 163]
[487, 488]
[706, 707, 825]
[579, 742]
[160, 468]
[1176, 35]
[414, 88, 203, 629]
[707, 825, 851]
[247, 999]
[538, 44, 36, 689]
[538, 44, 36, 402, 65]
[886, 825, 828]
[1162, 1163]
[517, 518]
[342, 398]
[29, 229]
[120, 121]
[28, 29, 1409]
[1219, 106, 470]
[176, 177]
[1367, 659, 27]
[1131, 614]
[311, 205, 1024]
[668, 978, 1013]
[184, 205, 859]
[695, 138, 61, 106, 1077]
[1, 1232, 654, 363, 364]
[416, 1340]
[261, 262, 632, 61, 106, 1511]
[404, 29, 1409]
[98, 216, 61, 106, 1077, 1097]
[10, 1413]
[658, 659, 245, 246]
[538, 44]
[886, 825, 826]
[988, 61, 106, 1511]
[92, 205]
[323, 324]
[1300, 1304]
[1141, 534, 84, 218]
[88, 203]
[36, 1097]
[145, 403]
[919, 1087]
[236, 237]
[464, 881]
[830, 1310]
[706, 707, 825, 851]
[439, 138, 61, 106, 1438]
[1385, 107]
[94, 706]
[88, 203, 619]
[124, 1448]
[652, 653]
[822, 508]
[1428, 411]
[113, 356]
[365, 678]
[1396, 832, 61, 106, 179]
[988, 61, 106, 1330]
[136, 256, 521, 132]
[282, 35]
[380, 381]
[211, 251, 216, 61, 106, 1077, 1097]
[462, 73]
[754, 755]
[886, 828]
[435, 436, 0, 1]
[1457, 1458]
[48, 49]
[56, 57]
[44, 36, 37, 63]
[436, 0]
[482, 483]
[937, 1456]
[214, 73]
[748, 240, 798]
[877, 878]
[1141, 534, 84, 765, 656]
[1141, 534, 84, 765, 656, 657]
[482, 709]
[1480, 1253]
[538, 44, 36, 19, 1064]
[723, 1179, 398, 1455]
[338, 1337]
[217, 908]
[280, 853]
[729, 730, 182]
[216, 1107]
[509, 944, 9]
[538, 44, 88, 203, 540]
[655, 856]
[136, 1477]
[571, 572]
[719, 720]
[159, 160, 468, 469]
[474, 475]
[854, 29, 489]
[24, 1145]
[261, 262, 632, 61]
[261, 262, 632, 61, 106, 1330]
[939, 940]
[84, 85]
[1126, 825, 851]
[142, 143]
[1011, 1107]
[1134, 516]
[355, 61, 106, 147]
[44, 36, 37, 47, 382]
[579, 1188]
[589, 781]
[239, 63]
[707, 828]
[317, 318]
[538, 44, 36, 402, 202]
[793, 112]
[439, 138, 61, 106]
[12, 1247]
[278, 596]
[632, 61, 106, 470]
[665, 666]
[44, 36, 19, 837]
[807, 445]
[19, 806]
[325, 29]
[466, 358]
[695, 138, 61, 106, 1511]
[439, 138, 61]
[1123, 40]
[1251, 309, 310]
[686, 1509]
[571, 572, 1055]
[36, 19, 837]
[691, 168]
[1341, 9]
[1208, 459]
[18, 19, 607]
[131, 132]
[83, 0, 1, 1232, 654, 363]
[542, 706, 707, 825, 851, 852]
[1217, 1218]
[1435, 61, 106, 1438]
[136, 174]
[355, 3]
[1077, 1097]
[696, 197, 1221]
[36, 402, 163, 164]
[37, 47, 382]
[1290, 97, 346]
[273, 274]
[1115, 377, 378]
[632, 156]
[529, 219, 204]
[262, 632, 156]
[1073, 9]
[600, 243, 1059]
[216, 61, 106, 1077, 1097]
[609, 487, 488, 506]
[44, 36, 533]
[823, 1002]
[886, 825]
[772, 773]
[61, 106, 1077]
[847, 218]
[46, 47, 382]
[256, 521, 163, 164]
[1270, 988, 61]
[1388, 1389]
[370, 223]
[165, 166]
[594, 499, 9]
[759, 825, 851]
[1367, 659, 245, 419]
[534, 84, 794]
[978, 426]
[789, 140]
[800, 1459]
[825, 851, 852]
[569, 655, 1118]
[493, 494]
[44, 36, 403]
[663, 664]
[44, 1525]
[52, 53]
[219, 619]
[213, 5]
[367, 368]
[44, 36, 37, 65]
[919, 1482]
[928, 403]
[1125, 138, 61, 106, 470]
[1227, 61, 106, 1330]
[404, 29, 489]
[398, 809]
[44, 36, 402]
[609, 487, 488]
[118, 139]
[668, 978]
[894, 61, 106]
[439, 138, 61, 106, 1077, 1097]
[750, 381]
[219, 1329]
[1227, 61, 106, 179]
[676, 502]
[32, 33]
[632, 61, 106, 1330]
[442, 492]
[521, 359, 360]
[418, 201, 1377, 962]
[1072, 0, 1]
[82, 790, 1, 714]
[230, 61, 106, 1077, 1097]
[138, 156]
[1129, 61]
[1379, 403]
[86, 182]
[1442, 61, 106, 1077, 1097]
[41, 42, 186]
[102, 1133]
[593, 749]
[818, 35]
[565, 566]
[62, 549]
[1442, 61, 106]
[854, 29, 229]
[919, 14, 15]
[499, 9]
[785, 621, 403]
[234, 235]
[36, 402, 65]
[436, 0, 1]
[463, 84, 218]
[68, 1501]
[948, 1101]
[681, 536]
[256, 521, 132]
[201, 1377]
[211, 251, 99]
[480, 481]
[98, 216, 61, 106, 470]
[44, 36, 1214]
[262, 632, 61, 106, 1438]
[82, 790, 1146]
[572, 1055]
[1116, 258]
[82, 790, 1, 1232, 654, 363, 364]
[463, 84, 765, 656, 657]
[562, 563, 572]
[145, 146]
[454, 455]
[792, 138, 61, 106]
[579, 521, 163, 164]
[994, 995]
[20, 1420]
[136, 576]
[579, 521, 163]
[322, 288]
[247, 248]
[371, 283]
[215, 216, 61, 106, 1077, 1097]
[546, 1491]
[839, 29]
[1338, 1188]
[414, 88, 89]
[414, 88, 1520]
[841, 1318]
[1513, 1507]
[243, 244]
[854, 29, 1070]
[435, 1012, 1]
[584, 9]
[280, 281]
[224, 243, 244]
[58, 59, 1158]
[58, 117]
[667, 499, 9]
[538, 44, 88, 203, 284, 1040]
[1125, 138, 61]
[236, 42, 186]
[538, 44, 36, 43]
[154, 155]
[41, 42]
[790, 1, 1232]
[414, 202]
[54, 759]
[36, 1352]
[1093, 138, 61, 106, 470]
[563, 526]
[240, 116]
[938, 832]
[219, 701]
[464, 356]
[98, 216, 61, 106, 1077]
[668, 216, 61, 106, 1077]
[0, 1, 1232, 654, 363, 364]
[832, 61, 106, 179]
[924, 656, 657]
[211, 216, 61, 106, 147]
[692, 375, 376]
[986, 987]
[1219, 106, 1330]
[696, 197, 570]
[810, 1201]
[855, 354]
[1072, 0, 1, 1232, 654, 363, 364]
[10, 216]
[131, 388, 1238]
[1320, 1321]
[14, 588]
[18, 341]
[251, 216, 61, 106, 179]
[141, 346]
[50, 951]
[254, 255]
[342, 398, 841, 1241]
[127, 128]
[924, 84, 794]
[1034, 283]
[131, 577]
[44, 36, 402, 63]
[104, 105, 377, 378]
[1354, 1355]
[924, 84, 85]
[213, 35]
[261, 262, 632, 61, 106, 1077, 1097]
[668, 669]
[928, 63]
[74, 115]
[674, 675]
[215, 216, 61, 106, 470]
[552, 183]
[676, 677]
[1141, 534, 1495]
[427, 508, 803]
[261, 262, 632, 1035]
[1297, 193, 205]
[355, 333]
[525, 135]
[106, 1438]
[311, 1151]
[1200, 1201]
[571, 572, 1279]
[919, 14]
[768, 769]
[707, 825]
[220, 1083]
[996, 997]
[61, 106, 1511]
[127, 783]
[839, 29, 1070]
[216, 61, 106, 179]
[683, 684]
[693, 232]
[60, 61, 106, 470]
[860, 653, 1015]
[352, 467]
[347, 348]
[1093, 138, 139]
[1309, 780, 1339]
[557, 558]
[245, 246]
[282, 190]
[59, 447]
[436, 0, 714, 715]
[41, 728]
[44, 36, 402, 65]
[136, 137]
[1175, 794]
[618, 205]
[1132, 205, 1024]
[24, 25]
[398, 1168]
[572, 1279]
[1417, 9]
[1390, 316]
[655, 1173]
[1270, 988]
[10, 873]
[363, 364]
[295, 296]
[418, 63]
[1082, 75]
[88, 1520]
[48, 116]
[400, 626]
[1072, 0, 1, 1232, 654, 363]
[138, 61, 106]
[792, 138]
[832, 1128]
[618, 107]
[82, 83, 0, 654, 363]
[542, 706, 707, 825, 828]
[529, 219, 629]
[683, 684, 505, 506]
[438, 660]
[39, 708]
[567, 568]
[894, 119]
[251, 216, 61, 106, 1511]
[1053, 1054, 1173]
[36, 1323]
[232, 233, 417]
[534, 84, 286]
[215, 216, 61, 106, 1438]
[573, 600, 243]
[1341, 1243, 1244]
[92, 190]
[538, 44, 88, 203, 629]
[222, 13]
[1231, 1232, 654, 363]
[82, 83, 0, 1, 714]
[698, 699]
[1181, 973]
[991, 992]
[349, 350]
[219, 319]
[457, 458]
[292, 656, 657]
[1442, 61, 106, 1511]
[402, 63]
[46, 47]
[731, 479]
[573, 558]
[62, 63]
[82, 83, 0, 714]
[750, 751]
[839, 29, 1409]
[375, 1382]
[138, 61, 106, 1077]
[792, 138, 61, 106, 147]
[1031, 1209]
[418, 65]
[44, 36, 1352]
[44, 88, 203, 284, 285]
[1072, 0, 654, 363]
[227, 228]
[256, 521, 359]
[542, 706, 707, 825, 826]
[1117, 29, 229]
[538, 44, 88, 203, 272]
[439, 138, 61, 106, 470]
[541, 205, 859]
[435, 1012, 1, 1232]
[1125, 138, 139]
[36, 282, 1325]
[86, 87]
[661, 662]
[695, 1258, 75]
[1012, 1, 1232, 654, 363]
[88, 203, 204]
[1178, 97]
[367, 1496]
[402, 65]
[1086, 321]
[579, 521, 359, 360]
[98, 216, 61, 106, 1438]
[106, 1077]
[36, 182]
[233, 417]
[1037, 1038]
[1311, 1312]
[1336, 224, 902]
[262, 632, 119]
[844, 845]
[414, 88, 203, 284]
[573, 600, 244]
[82, 83, 1146]
[1251, 309]
[436, 0, 1072]
[632, 119]
[504, 835]
[538, 44, 36, 1323]
[1367, 659, 245, 246]
[1240, 313]
[573, 600]
[10, 1202]
[133, 134]
[530, 531]
[94, 706, 707, 825, 851]
[287, 35]
[332, 336]
[707, 825, 826]
[734, 735]
[847, 208, 209]
[712, 1069]
[160, 511, 468, 469]
[538, 44, 36, 282, 190, 1192]
[195, 218]
[435, 436, 0, 1072]
[22, 23]
[1011, 378]
[92, 205, 859]
[638, 518]
[282, 979]
[790, 1, 1232, 654, 363, 364]
[201, 202]
[338, 183]
[400, 626, 1080]
[695, 138, 61, 106, 179]
[942, 5]
[10, 38]
[203, 1329]
[897, 898]
[1102, 1110]
[420, 421]
[303, 403]
[1308, 591, 453]
[211, 216, 1107]
[258, 259]
[352, 353]
[538, 44, 88, 1520]
[44, 36, 19, 689]
[131, 1100]
[780, 5]
[44, 88, 203, 975]
[695, 138, 119]
[44, 36, 190, 1192, 1193]
[90, 569, 655, 856]
[311, 881]
[172, 1185]
[924, 84, 218]
[1336, 224, 243]
[1, 1232, 654, 715]
[180, 181]
[111, 1359]
[723, 1179]
[251, 216, 1107]
[311, 312]
[18, 19, 689]
[106, 470]
[84, 194]
[251, 216, 61, 106, 1077, 1097]
[1429, 761]
[562, 563, 135]
[695, 138]
[1150, 135]
[58, 59, 1016]
[19, 689]
[668, 216, 61]
[938, 832, 61, 106, 147]
[301, 74]
[129, 130]
[336, 202]
[514, 515]
[534, 84, 194]
[290, 291]
[557, 502, 615]
[684, 505, 506]
[148, 149]
[408, 471, 377]
[418, 201, 202]
[988, 61, 106, 147]
[1176, 288]
[138, 119]
[562, 563, 572, 1055]
[1478, 643]
[996, 1145]
[1084, 9]
[92, 419]
[406, 580]
[440, 1374]
[62, 65]
[203, 540]
[591, 453]
[1134, 202]
[579, 521, 359]
[848, 1038]
[538, 44, 36, 37, 47, 382]
[199, 1124]
[60, 139]
[538, 44, 36, 304]
[1215, 29, 252]
[138, 61, 106, 147]
[944, 9]
[442, 443]
[10, 385]
[282, 1381]
[534, 1407]
[695, 138, 156]
[529, 219, 1329]
[542, 398, 841, 1318]
[261, 262, 632, 61, 106, 470]
[792, 138, 61, 106, 1330]
[320, 515]
[723, 1179, 398, 809]
[756, 757]
[111, 112]
[435, 436, 0, 1, 714, 715]
[216, 61, 106]
[476, 181]
[355, 333, 689]
[10, 216, 61, 106, 470]
[136, 256, 521, 359]
[1125, 1184]
[94, 706, 707, 828]
[1227, 61, 106, 1077, 1097]
[369, 323]
[535, 536]
[1152, 316]
[16, 382]
[924, 9]
[36, 533]
[94, 54, 759, 825, 851]
[311, 185]
[676, 502, 503]
[1141, 534, 84, 85]
[1353, 29, 489]
[509, 9]
[1336, 224, 243, 244]
[774, 1522]
[44, 36, 282]
[790, 1, 1232, 654]
[211, 251, 216, 61, 106, 179]
[595, 583]
[933, 1146]
[224, 243, 615]
[335, 5]
[227, 1519]
[922, 1510]
[138, 61, 106, 1511]
[365, 49]
[762, 334]
[1309, 780, 5]
[60, 61, 106, 1438]
[295, 1422]
[36, 403]
[674, 905]
[1211, 312]
[1341, 1243]
[622, 623, 373]
[211, 251, 216, 1107]
[83, 0, 654]
[1141, 534, 84, 794]
[538, 44, 36, 282, 35]
[600, 243, 615]
[82, 83, 0, 1072]
[790, 1, 714]
[1470, 35]
[289, 61, 106, 1077, 1097]
[136, 667, 499]
[1384, 377]
[924, 84, 765, 656, 657]
[36, 402]
[62, 146]
[832, 61]
[1333, 377, 378]
[299, 100, 970]
[82, 83, 0, 1, 1232, 654]
[332, 202]
[938, 832, 61, 106, 1330]
[645, 646]
[172, 914]
[1398, 403]
[517, 947]
[126, 52, 53]
[332, 336, 202]
[36, 37, 47]
[463, 84, 1414]
[1227, 61, 106, 1511]
[1129, 61, 106, 1077]
[82, 790, 1]
[976, 870]
[1046, 1047]
[98, 216, 1107]
[439, 138, 119]
[160, 1444]
[435, 436, 0, 654, 715]
[215, 890]
[37, 63]
[371, 459]
[464, 205, 859]
[1129, 61, 106, 147]
[355, 333, 334]
[1117, 29, 489]
[1141, 534, 218]
[126, 52, 1038]
[355, 61, 106, 470]
[843, 174]
[414, 88, 203, 941]
[538, 44, 36, 650]
[36, 19, 689]
[770, 1530]
[971, 972]
[0, 1, 714, 715]
[136, 256, 521, 163, 164]
[329, 330]
[416, 1463]
[924, 5]
[563, 1479]
[435, 436, 0, 654]
[1031, 1032]
[562, 563, 572, 1279]
[18, 19, 1064]
[770, 771]
[44, 202]
[94, 706, 707, 825]
[918, 438]
[1270, 988, 61, 106, 1330]
[573, 600, 243, 615]
[1435, 61, 106, 179]
[206, 207]
[563, 572, 1055]
[762, 689]
[265, 9]
[28, 29]
[1399, 1400]
[538, 44, 415]
[589, 459]
[534, 84, 765]
[37, 65]
[1465, 1466]
[435, 436, 0, 714, 715]
[1125, 138, 61, 106, 1077, 1097]
[765, 656, 657]
[1, 1232, 654, 363]
[1141, 534, 656]
[404, 838]
[36, 1061]
[534, 656]
[315, 316]
[435, 436, 0]
[1264, 193, 205, 1024]
[211, 216, 61]
[1353, 29, 229]
[216, 61]
[392, 1505]
[36, 1506]
[988, 61, 106, 1438]
[1298, 1299]
[550, 551]
[295, 30, 31]
[924, 84, 765, 656]
[84, 765]
[919, 14, 507]
[1461, 284, 285]
[94, 54, 680]
[82, 790, 1, 1232, 654, 363]
[184, 185]
[289, 61]
[408, 471, 377, 378]
[251, 216, 61, 106, 1330]
[261, 262, 632, 75]
[48, 61, 106, 1077, 1097]
[1072, 0, 714, 715]
[924, 84, 1414]
[832, 61, 106, 147]
[1178, 97, 346]
[36, 402, 163]
[627, 791]
[36, 282, 190, 1192]
[406, 407]
[658, 659, 245, 419]
[1074, 116]
[1396, 832, 61, 106]
[159, 160, 1444]
[20, 1010]
[80, 81]
[542, 95]
[1126, 825, 851, 852]
[1204, 35]
[104, 91]
[251, 216, 61, 106, 147]
[224, 615]
[44, 36, 190]
[344, 403]
[145, 202]
[211, 409]
[911, 912]
[131, 1300, 1301]
[1125, 138, 61, 106, 1330]
[399, 119]
[748, 240, 459]
[1067, 53]
[1116, 258, 259]
[1219, 106, 147]
[454, 1099]
[712, 713]
[1302, 269]
[84, 765, 656, 657]
[54, 759, 825, 828]
[88, 203, 284, 1040]
[446, 9]
[440, 441]
[278, 279]
[1129, 61, 106, 1438]
[1396, 832, 61, 106, 1330]
[938, 832, 61, 106, 1077]
[305, 1451]
[342, 1452]
[20, 1142]
[1295, 859]
[325, 29, 1070]
[245, 419]
[355, 61, 106]
[1317, 1237]
[520, 29]
[439, 138]
[243, 1059]
[82, 83, 0, 714, 715]
[240, 63]
[723, 1179, 398, 1446]
[20, 189]
[94, 360]
[542, 706, 707, 825]
[1442, 61]
[690, 691, 168]
[36, 282, 465]
[342, 398, 809]
[83, 1146]
[587, 421]
[538, 44, 88, 89]
[602, 603]
[1141, 534, 9]
[433, 713]
[529, 1443]
[538, 44, 36, 1061]
[136, 1004]
[1095, 135]
[748, 459]
[538, 44, 36, 37, 63]
[44, 36, 37, 403]
[579, 521]
[355, 61, 106, 1511]
[464, 107]
[136, 169]
[1262, 61, 106, 1330]
[387, 614]
[538, 44, 36, 1506]
[416, 233, 417]
[509, 478]
[538, 44, 36]
[695, 138, 61, 106, 1438]
[1233, 1234]
[44, 36, 19, 607]
[632, 61, 106, 179]
[36, 37, 403]
[1262, 61, 106, 470]
[10, 216, 61, 106]
[94, 706, 707, 825, 851, 852]
[220, 221]
[303, 146]
[1442, 61, 106, 470]
[36, 19, 607]
[1161, 40]
[1208, 798]
[1468, 1469]
[211, 974]
[261, 262, 632, 973]
[792, 138, 139]
[18, 689]
[563, 135]
[1135, 283]
[1396, 832, 61, 106, 147]
[44, 36, 282, 1381]
[538, 44, 36, 19, 806]
[36, 351]
[998, 1025]
[88, 203, 1329]
[422, 423]
[64, 403]
[203, 941]
[331, 459]
[504, 835, 73]
[625, 403]
[44, 88, 203, 284, 1040]
[29, 1070]
[1453, 1454]
[435, 436, 0, 654, 363]
[1005, 1006]
[203, 284]
[39, 40]
[106, 1330]
[236, 784, 334]
[327, 205]
[1102, 411]
[1058, 755]
[563, 572]
[971, 794]
[520, 29, 1409]
[1483, 1113]
[44, 36, 190, 1192]
[534, 84, 85]
[752, 410, 411]
[390, 643]
[1198, 1268]
[344, 63]
[205, 859]
[825, 826]
[1297, 193]
[692, 375, 1382]
[131, 388]
[44, 36, 1097]
[538, 44, 1026]
[303, 9]
[823, 1039]
[654, 363, 364]
[1215, 29, 1070]
[36, 354]
[172, 555]
[439, 138, 156]
[894, 61, 106, 470]
[1189, 356]
[1093, 138, 61, 106, 1438]
[261, 262, 632]
[807, 99]
[83, 0, 1, 1232, 654]
[165, 260]
[538, 44, 36, 19]
[1141, 534, 5]
[365, 116]
[1353, 29, 1409]
[654, 363]
[82, 790, 1, 1232, 654, 715]
[1012, 1, 714, 715]
[131, 68, 1501]
[879, 880]
[600, 601]
[1131, 614, 387]
[292, 1293]
[1072, 0, 1, 1232, 654, 715]
[1346, 1347]
[425, 193]
[562, 563, 526]
[857, 1397]
[82, 83, 0, 654, 715]
[436, 0, 1, 1232]
[524, 1416]
[136, 1007]
[344, 65]
[825, 828]
[1227, 61, 106, 470]
[1262, 61, 106, 1511]
[36, 37, 47, 382]
[668, 216]
[863, 9]
[900, 1078]
[1121, 684, 505, 506]
[0, 1, 1232]
[18, 334]
[20, 1103]
[36, 43]
[668, 216, 1107]
[1383, 29, 252]
[404, 29, 252]
[92, 185]
[102, 161]
[585, 728]
[577, 164]
[1000, 515]
[1063, 5]
[219, 629]
[236, 784, 689]
[211, 38]
[538, 44, 36, 37, 1257]
[933, 536]
[1334, 401]
[0, 1072]
[1181, 1182]
[10, 426]
[404, 405]
[400, 401]
[562, 563, 1014]
[338, 1474]
[1227, 61, 106, 1077]
[197, 570]
[62, 403]
[98, 216, 61, 106, 179]
[230, 61]
[1117, 29, 1070]
[714, 715]
[696, 197, 345]
[332, 1159]
[1093, 138, 1256]
[520, 29, 252]
[710, 711]
[84, 286]
[94, 54]
[621, 403]
[918, 438, 382]
[1022, 926]
[1231, 1232, 654, 715]
[1, 1232, 654]
[388, 437]
[919, 14, 109]
[1338, 1285]
[435, 1012]
[1336, 224, 243, 601]
[215, 216, 61]
[538, 44, 88, 203, 975]
[1072, 0, 654, 715]
[56, 980]
[789, 140, 141, 1508]
[988, 61, 106, 1077]
[1245, 1246]
[955, 423]
[386, 387, 1493]
[1179, 398, 841]
[289, 61, 106, 1330]
[1005, 1177]
[1302, 1303]
[1012, 1, 1232, 654, 715]
[1269, 459]
[427, 508]
[913, 914]
[886, 825, 851]
[785, 621]
[707, 825, 828]
[438, 319]
[679, 377]
[1336, 224]
[723, 1179, 398, 841]
[145, 63]
[436, 0, 1, 1232, 654]
[60, 1023]
[292, 656]
[766, 161]
[892, 119]
[278, 326]
[511, 469]
[1179, 398, 1446]
[170, 738]
[804, 805]
[444, 99]
[195, 356]
[427, 508, 266, 267]
[1012, 1, 1232, 654]
[542, 398, 1455]
[138, 61, 106, 1330]
[131, 1300, 1304]
[301, 1062]
[1072, 0, 714]
[658, 659, 245]
[823, 824]
[1125, 138, 61, 106, 1511]
[44, 88, 203, 619]
[1527, 926]
[542, 99]
[14, 15]
[502, 615]
[1181, 1186]
[136, 256, 451]
[534, 1495]
[90, 1348]
[686, 1148]
[160, 175]
[1377, 962]
[193, 205, 1024]
[211, 1202]
[538, 44, 36, 37, 65]
[136, 256]
[215, 216, 61, 106, 179]
[487, 488, 506]
[931, 932]
[44, 36, 19, 1064]
[542, 706, 707, 828]
[534, 84]
[136, 256, 806]
[1129, 61, 106]
[1240, 313, 314]
[1001, 515]
[1497, 623, 373]
[44, 36, 37]
[1297, 193, 205, 1024]
[289, 61, 106]
[355, 61, 106, 1330]
[215, 99]
[636, 1019]
[216, 61, 106, 470]
[521, 163, 164]
[1442, 61, 106, 1330]
[1264, 193]
[1291, 1292]
[524, 368]
[604, 605]
[106, 1511]
[1290, 97]
[454, 1408]
[919, 14, 588]
[938, 832, 61, 106, 1511]
[1435, 61]
[94, 99]
[529, 219, 941]
[581, 377]
[1360, 1013]
[915, 916]
[230, 515]
[1297, 193, 218]
[261, 262, 632, 139]
[414, 88, 203, 540]
[311, 135]
[573, 564]
[1072, 0, 654, 363, 364]
[104, 105, 377]
[579, 521, 132]
[54, 759, 825, 826]
[638, 168]
[253, 65]
[654, 715]
[365, 241]
[219, 975]
[20, 673]
[1131, 614, 387, 1493]
[1109, 35]
[240, 459]
[82, 790, 1, 1232, 654]
[336, 146]
[136, 256, 610]
[1088, 560]
[1391, 1392]
[160, 357]
[763, 1331]
[394, 1194]
[444, 445]
[1212, 1213]
[36, 19, 1064]
[365, 383]
[172, 173]
[618, 881]
[16, 223]
[215, 216, 61, 106, 1511]
[414, 88, 203, 1329]
[993, 116]
[1424, 116]
[402, 403]
[59, 1016]
[230, 61, 106, 147]
[44, 1026]
[690, 691]
[251, 216, 61, 106, 1438]
[408, 377, 378]
[759, 825, 828]
[6, 1033]
[695, 138, 61, 106, 147]
[394, 1195]
[1215, 29, 489]
[136, 594, 499, 9]
[529, 219, 701]
[327, 205, 1024]
[83, 0, 1, 714, 715]
[261, 262]
[105, 377, 378]
[557, 502, 1112]
[1093, 138, 156]
[1442, 61, 106, 1438]
[541, 205, 1024]
[1154, 515]
[88, 203, 540]
[535, 1111]
[433, 1089]
[1141, 534, 84, 765]
[70, 71]
[10, 216, 61, 106, 1077]
[199, 200]
[651, 510]
[44, 36, 282, 465]
[1415, 947]
[230, 321]
[408, 471]
[46, 403]
[36, 402, 202]
[90, 569, 655, 1118]
[230, 61, 106, 1438]
[529, 219, 619]
[94, 95]
[224, 225]
[695, 138, 61]
[1123, 708]
[1136, 1137]
[48, 61, 106]
[1, 1232]
[216, 61, 106, 1330]
[563, 1014, 1423]
[48, 61, 106, 1077]
[20, 448]
[622, 623]
[642, 3]
[332, 336, 146]
[983, 1421]
[1462, 403]
[208, 751]
[938, 832, 61, 106, 179]
[404, 29, 1070]
[538, 44, 88, 203, 619]
[759, 825, 826]
[1284, 1285]
[311, 1253]
[1383, 29]
[215, 216, 61, 106]
[1012, 413]
[942, 288]
[1105, 1106]
[159, 160, 357]
[542, 398, 841]
[1003, 583]
[211, 216, 61, 106, 1511]
[342, 398, 841]
[988, 61, 106, 179]
[44, 36, 37, 374]
[1008, 149]
[44, 36, 402, 163]
[66, 67]
[313, 314]
[36, 37, 374]
[1275, 391]
[44, 36, 43]
[60, 61, 106, 147]
[1067, 1068]
[44, 88, 203, 941]
[136, 256, 521]
[256, 451]
[1125, 138, 61, 106]
[355, 61, 106, 1077]
[159, 160, 511, 469]
[696, 197, 198]
[1439, 5]
[511, 468]
[1072, 0, 1, 1232]
[1270, 988, 61, 106, 470]
[894, 61, 106, 1438]
[1115, 377]
[795, 796]
[18, 846, 549]
[83, 0, 1, 714]
[538, 44, 36, 351]
[140, 141, 1508]
[862, 119]
[1262, 61, 106, 1077]
[2, 3]
[198, 746]
[832, 61, 106, 1511]
[618, 356]
[60, 61, 106, 1077]
[700, 701]
[28, 29, 229]
[435, 1012, 413]
[131, 577, 578]
[83, 0, 1, 1232, 654, 363, 364]
[1208, 174]
[819, 899]
[1143, 1144]
[392, 393]
[0, 654, 715]
[463, 656]
[747, 40]
[538, 44, 36, 354]
[1129, 61, 106, 1330]
[538, 539]
[436, 0, 654]
[600, 244]
[538, 624]
[1094, 316]
[266, 267]
[82, 83, 0, 1, 1232, 654, 363]
[569, 655, 1173]
[36, 282, 283]
[463, 84]
[527, 65]
[1129, 61, 106, 1077, 1097]
[47, 382]
[529, 660]
[1396, 832, 61, 106, 1511]
[960, 1081]
[61, 106, 470]
[998, 112]
[1461, 284]
[1497, 623]
[1264, 193, 205, 859]
[857, 1449]
[1126, 828]
[920, 921]
[1366, 973]
[369, 323, 324]
[579, 1512]
[36, 190]
[854, 29, 1409]
[154, 734, 735]
[159, 160, 511, 468]
[538, 44, 36, 63]
[538, 44, 202]
[404, 583]
[1262, 1281]
[967, 968]
[696, 197, 1514]
[297, 298]
[522, 523]
[131, 733]
[1315, 1316]
[1125, 138, 1256]
[1165, 709]
[534, 649]
[501, 257]
[416, 739, 281]
[1129, 61, 106, 179]
[190, 1192, 1193]
[261, 262, 632, 61, 106, 179]
[6, 880]
[600, 243, 601]
[1418, 1419]
[92, 881]
[546, 248]
[48, 61, 106, 1511]
[442, 1114]
[1309, 780]
[10, 216, 61, 106, 179]
[18, 846]
[211, 216, 61, 106]
[18, 19, 806]
[240, 174]
[977, 377, 378]
[309, 310]
[723, 1179, 398, 1168]
[386, 387]
[508, 266]
[157, 158]
[538, 44, 36, 533]
[92, 312]
[541, 465]
[1435, 61, 106]
[48, 61, 106, 470]
[616, 617]
[750, 5]
[463, 656, 657]
[497, 498]
[54, 680]
[659, 245, 246]
[919, 1287]
[60, 61, 106, 1511]
[592, 116]
[425, 193, 205, 859]
[1126, 825]
[658, 659, 245, 881]
[717, 250]
[502, 1112]
[14, 1066]
[538, 44, 36, 403]
[595, 596]
[693, 232, 233]
[1125, 1184, 75]
[203, 975]
[562, 908]
[20, 76]
[463, 84, 286]
[464, 419]
[1072, 0, 654]
[1363, 1364]
[592, 202]
[1219, 106, 1438]
[1450, 277]
[1125, 138, 61, 106, 1077]
[83, 0, 654, 363, 364]
[849, 850]
[538, 937, 1456]
[440, 423]
[832, 61, 106, 1077]
[538, 44, 36, 402]
[544, 545]
[1243, 1244]
[394, 1327]
[0, 1]
[609, 487]
[695, 1258]
[739, 281]
[618, 205, 1024]
[82, 790, 1, 714, 715]
[1460, 1025]
[170, 564]
[676, 615]
[262, 632, 1035]
[938, 1017]
[573, 600, 243, 601]
[278, 709]
[1141, 534]
[325, 29, 1409]
[659, 245]
[138, 61, 106, 179]
[289, 61, 106, 147]
[1354, 1518]
[717, 250, 285]
[425, 193, 194]
[429, 430]
[377, 378]
[1179, 398, 1168]
[292, 293]
[681, 959]
[736, 737]
[138, 1256]
[436, 0, 1, 714]
[931, 1517]
[1236, 1237]
[193, 205, 859]
[275, 139]
[800, 801]
[1227, 61, 106, 1438]
[88, 203, 941]
[92, 205, 1024]
[384, 377]
[322, 5]
[542, 706, 707, 825, 851]
[243, 615]
[658, 659, 245, 575]
[712, 434]
[839, 29, 252]
[28, 29, 1070]
[227, 1260]
[511, 904]
[748, 240, 241]
[14, 749]
[774, 99]
[1461, 284, 1040]
[126, 52]
[1222, 250]
[131, 606]
[44, 36, 402, 163, 164]
[256, 1190]
[129, 1183]
[571, 572, 1526]
[792, 138, 61, 106, 179]
[282, 190, 1192]
[327, 205, 859]
[597, 598]
[44, 88, 203, 540]
[82, 83, 0, 654]
[262, 632, 61, 106]
[44, 36, 37, 1257]
[589, 798]
[1435, 61, 106, 470]
[0, 654, 363]
[684, 505]
[799, 513]
[847, 183]
[10, 216, 61, 106, 1511]
[811, 513]
[90, 569]
[433, 434]
[355, 61, 106, 179]
[538, 44, 88, 203]
[593, 109]
[131, 388, 437]
[1467, 316]
[1227, 61, 106]
[1383, 29, 1409]
[82, 83, 0, 1, 714, 715]
[614, 387]
[262, 632, 61, 106, 470]
[668, 216, 61, 106, 470]
[216, 61, 106, 1511]
[1356, 1357]
[307, 308]
[572, 1526]
[1262, 116]
[556, 35]
[104, 105]
[344, 383]
[541, 205]
[938, 832, 61, 106, 1077, 1097]
[82, 83, 0, 1, 1232, 654, 715]
[627, 628]
[230, 231]
[900, 901]
[1125, 75]
[64, 65]
[398, 841, 1241]
[538, 44, 36, 282, 979]
[847, 893]
[8, 9]
[83, 0, 714]
[1012, 1, 1232]
[435, 436, 0, 714]
[1264, 193, 194]
[1484, 1485]
[535, 715]
[113, 114]
[748, 63]
[563, 1014]
[338, 339]
[436, 0, 654, 715]
[10, 216, 61]
[1379, 116]
[538, 44, 36, 182]
[1396, 832, 61]
[72, 73]
[215, 216]
[18, 547]
[66, 547]
[338, 1313]
[425, 193, 205, 1024]
[20, 673, 835, 73]
[190, 1192]
[1270, 988, 356]
[534, 218]
[148, 1350]
[306, 1380]
[832, 61, 106, 1330]
[44, 36, 402, 202]
[743, 689]
[1129, 61, 106, 1511]
[372, 373]
[695, 138, 1256]
[718, 583]
[894, 61, 106, 179]
[1136, 1528]
[427, 428]
[60, 178]
[686, 687]
[92, 93]
[64, 63]
[668, 99]
[61, 106]
[217, 135]
[464, 205]
[747, 708]
[1082, 135]
[639, 5]
[1125, 138, 61, 106, 147]
[337, 35]
[520, 29, 489]
[495, 496]
[1262, 61, 106, 179]
[435, 436]
[88, 203, 284, 285]
[10, 99]
[131, 1092]
[201, 1377, 962]
[820, 156]
[1475, 5]
[573, 600, 601]
[88, 203, 284]
[490, 491]
[54, 759, 825, 851, 852]
[538, 44, 36, 1097]
[681, 682]
[792, 138, 61, 106, 1077]
[542, 398, 809]
[122, 1494]
[390, 1113]
[414, 88, 203, 204]
[18, 67]
[18, 549]
[534, 1393]
[1270, 988, 61, 106, 1511]
[435, 436, 0, 1, 714]
[355, 61, 106, 1438]
[136, 593]
[866, 63]
[1428, 1110]
[311, 93]
[68, 69]
[118, 119]
[1442, 61, 106, 179]
[82, 83, 0, 1, 1232, 654, 363, 364]
[487, 488, 1343]
[1072, 0]
[333, 334]
[822, 508, 266]
[552, 9]
[463, 84, 194]
[1072, 0, 1, 714, 715]
[141, 1508]
[822, 508, 266, 267]
[1139, 1140]
[748, 240, 63]
[94, 1323]
[864, 865]
[918, 438, 962]
[1005, 1235]
[542, 706, 707]
[82, 83, 0]
[1297, 193, 1441]
[563, 572, 1279]
[534, 656, 657]
[847, 631]
[300, 288]
[538, 44, 45]
[882, 883]
[1442, 61, 106, 1077]
[16, 962]
[82, 83, 0, 1]
[1169, 1170]
[1367, 659]
[19, 607]
[299, 100, 101]
[1297, 193, 205, 859]
[150, 151]
[1000, 321]
[482, 596]
[723, 1179, 398, 841, 1241]
[203, 272]
[463, 84, 765]
[579, 1122]
[12, 13]
[1029, 1030]
[748, 240, 116]
[230, 61, 106, 1077]
[867, 868]
[435, 436, 0, 1, 1232, 654, 363, 364]
[37, 403]
[1027, 1410]
[299, 9]
[98, 873]
[163, 164]
[215, 873]
[1396, 832, 61, 106, 1077, 1097]
[261, 262, 632, 633]
[477, 478]
[251, 216, 61, 106, 1077]
[88, 89]
[44, 36, 1061]
[919, 112]
[900, 1351]
[44, 36, 282, 283]
[698, 1160]
[94, 54, 759, 825]
[193, 218]
[36, 37]
[988, 61]
[92, 135]
[325, 29, 252]
[1127, 283]
[268, 630]
[1227, 61]
[425, 193, 1441]
[1093, 138, 61, 106, 1511]
[1402, 1033]
[98, 216]
[963, 1054, 1173]
[418, 202]
[924, 84, 286]
[136, 594, 499]
[66, 549]
[552, 5]
[262, 632, 61]
[159, 160, 511, 468, 469]
[327, 328]
[1440, 946]
[398, 1455]
[44, 36, 1506]
[375, 376]
[203, 629]
[159, 160, 175]
[122, 1271]
[1192, 1193]
[20, 1043]
[124, 125]
[418, 201]
[333, 689]
[647, 648]
[632, 61, 106, 147]
[573, 600, 1059]
[16, 17]
[765, 656]
[569, 655]
[1270, 988, 61, 106, 1077]
[634, 130]
[1371, 1372]
[211, 216, 61, 106, 470]
[929, 930]
[446, 447]
[538, 44, 36, 37, 374]
[361, 362]
[1232, 654, 715]
[511, 468, 469]
[1262, 61, 106, 1438]
[484, 485]
[600, 243, 244]
[1302, 608]
[1005, 1187]
[1093, 138, 61]
[696, 197, 599]
[211, 216, 61, 106, 1077, 1097]
[342, 398, 1446]
[170, 171]
[569, 655, 856]
[292, 1529]
[829, 218]
[573, 574]
[1266, 1267]
[658, 659]
[436, 0, 654, 363]
[875, 876]
[1336, 224, 243, 1059]
[600, 243]
[44, 88]
[790, 1146]
[44, 36, 1323]
[887, 888]
[215, 216, 61, 106, 147]
[1205, 1206]
[439, 138, 61, 106, 147]
[611, 821]
[676, 564]
[759, 825]
[789, 140, 141]
[501, 821]
[1229, 1048]
[184, 135]
[869, 5]
[729, 730]
[1093, 138, 61, 106, 1077]
[1180, 107]
[1230, 888]
[44, 36, 689]
[136, 116]
[823, 1289]
[786, 787]
[1411, 1412]
[56, 641]
[197, 670]
[56, 423]
[131, 68, 69]
[292, 861]
[387, 1493]
[538, 44, 36, 402, 403]
[390, 391]
[36, 37, 1257]
[263, 264]
[668, 216, 61, 106, 1077, 1097]
[1231, 1232, 654]
[44, 88, 203]
[284, 1040]
[355, 61, 106, 1077, 1097]
[1184, 75]
[1093, 138, 119]
[79, 9]
[542, 398]
[1366, 1186]
[44, 36, 37, 47]
[148, 294]
[1249, 1332]
[6, 7]
[1261, 572, 1526]
[1499, 109]
[792, 138, 61]
[1012, 1, 1232, 654, 363, 364]
[1121, 684]
[538, 44, 88]
[245, 881]
[211, 242]
[529, 219, 319]
[332, 957]
[514, 321]
[741, 5]
[1336, 224, 615]
[509, 510]
[261, 262, 632, 61, 106]
[1396, 832, 61, 106, 1077]
[792, 138, 61, 106, 1077, 1097]
[215, 216, 61, 106, 1077]
[579, 1071]
[1435, 61, 106, 1077, 1097]
[414, 88, 203, 284, 285]
[10, 216, 61, 106, 1330]
[884, 885]
[464, 465]
[1336, 224, 243, 615]
[538, 937]
[160, 511, 469]
[301, 447]
[48, 61, 106, 1330]
[245, 575]
[736, 1296]
[136, 594]
[554, 403]
[1125, 138, 61, 106, 1438]
[727, 205]
[778, 779]
[152, 153]
[1074, 63]
[521, 359]
[727, 205, 1024]
[917, 288]
[860, 1203]
[48, 61]
[145, 383]
[435, 436, 0, 654, 363, 364]
[969, 705]
[1179, 398]
[611, 1286]
[1127, 35]
[463, 84, 85]
[160, 511, 468]
[301, 1051]
[44, 88, 203, 272]
[197, 808]
[895, 896]
[463, 84, 765, 656]
[529, 219, 975]
[44, 36, 379]
[938, 832, 61, 106]
[79, 35]
[98, 216, 61, 106, 147]
[439, 138, 1256]
[187, 116]
[1211, 185]
[36, 282, 190]
[211, 216, 61, 106, 1330]
[219, 941]
[1217, 1365]
[303, 116]
[1020, 1239]
[438, 962]
[989, 419]
[96, 97]
[581, 582]
[542, 706]
[1264, 193, 1441]
[184, 312]
[792, 138, 61, 106, 1511]
[626, 3]
[938, 832, 61, 106, 1438]
[44, 45]
[159, 160, 511, 904]
[848, 53]
[4, 5]
[236, 784]
[336, 403]
[632, 75]
[44, 88, 203, 629]
[793, 356]
[193, 694]
[512, 1130]
[542, 398, 1446]
[184, 881]
[472, 473]
[270, 271]
[1430, 1148]
[110, 5]
[658, 659, 27]
[695, 138, 61, 106]
[36, 935]
[942, 951]
[538, 44, 36, 935]
[62, 304]
[1093, 138, 61, 106, 147]
[1215, 29, 229]
[60, 61, 106, 1330]
[1098, 515]
[36, 282, 190, 1192, 1193]
[28, 29, 489]
[30, 340]
[590, 591]
[256, 806]
[303, 65]
[632, 1035]
[894, 61, 106, 1077]
[210, 73]
[253, 146]
[211, 251, 216, 61, 106, 1438]
[632, 139]
[748, 240]
[1262, 61, 106]
[240, 798]
[435, 1012, 1, 1232, 654, 363, 364]
[488, 506]
[538, 44, 36, 402, 163, 164]
[1125, 138]
[184, 205]
[289, 61, 106, 1438]
[435, 436, 0, 1, 1232]
[414, 88, 203, 619]
[529, 17]
[652, 1203]
[1141, 534, 1407]
[1215, 29]
[197, 198, 746]
[249, 250, 285]
[1345, 283]
[36, 1214]
[0, 1, 1232, 654, 715]
[825, 851]
[435, 436, 0, 1, 1232, 654]
[1273, 1274]
[36, 282, 979]
[410, 411]
[60, 61, 106]
[211, 212]
[488, 1343]
[525, 526]
[131, 577, 1447]
[222, 689]
[988, 1149]
[54, 759, 825]
[94, 1171]
[1001, 321]
[1041, 1042]
[44, 36, 351]
[579, 806]
[673, 835]
[256, 521, 359, 360]
[342, 343]
[160, 817, 1498]
[20, 740]
[695, 138, 139]
[656, 657]
[122, 123]
[211, 251, 216, 61, 106, 1330]
[766, 767]
[612, 1361]
[813, 814]
[938, 832, 61, 106, 470]
[230, 61, 106, 1511]
[1005, 1060]
[623, 373]
[251, 216, 61, 106]
[160, 511, 904]
[509, 944]
[835, 73]
[1401, 1283]
[44, 36, 354]
[404, 29]
[696, 197, 808]
[998, 1403]
[94, 706, 707]
[800, 1507]
[305, 306]
[172, 1079]
[138, 139]
[232, 233]
[74, 75]
[211, 216, 61, 106, 1438]
[431, 432]
[436, 0, 1, 1232, 654, 715]
[90, 91]
[1166, 1167]
[1367, 659, 245, 881]
[111, 1207]
[1050, 55]
[784, 334]
[618, 205, 859]
[839, 29, 489]
[1232, 654, 363]
[322, 943]
[640, 139]
[398, 841, 1318]
[106, 147]
[1367, 659, 245]
[58, 59]
[573, 600, 243, 244]
[1383, 29, 489]
[195, 631]
[1259, 35]
[60, 119]
[295, 30]
[846, 549]
[311, 205]
[644, 174]
[924, 84, 765]
[723, 1179, 398, 841, 1318]
[909, 910]
[538, 44, 36, 1214]
[927, 9]
[604, 279]
[197, 599]
[261, 262, 632, 61, 106, 147]
[1012, 1]
[83, 0, 1072]
[159, 469]
[894, 61, 106, 1511]
[1362, 116]
[98, 99]
[37, 47]
[958, 316]
[988, 61, 106, 470]
[894, 139]
[394, 528]
[1270, 988, 61, 106, 179]
[230, 61, 106, 179]
[1270, 1294]
[752, 410]
[250, 285]
[632, 973]
[683, 684, 505]
[823, 889]
[422, 935]
[832, 61, 106, 1438]
[1210, 9]
[695, 138, 61, 106, 1330]
[1308, 591]
[439, 138, 61, 106, 1330]
[1135, 881]
[262, 632, 973]
[538, 44, 36, 282, 190, 1192, 1193]
[215, 216, 1107]
[261, 262, 632, 156]
[563, 419]
[1383, 29, 229]
[44, 36, 282, 1325]
[195, 544]
[1075, 794]
[20, 1436]
[61, 106, 179]
[79, 183]
[1373, 13]
[0, 714]
[1219, 106, 1077]
[634, 108]
[1367, 659, 245, 575]
[1486, 1487]
[18, 1248]
[36, 402, 63]
[759, 825, 851, 852]
[1125, 138, 119]
[1072, 0, 1, 1232, 654]
[1229, 1048, 1049]
[52, 1038]
[730, 182]
[577, 578]
[1396, 832, 61, 106, 1438]
[94, 732]
[452, 453]
[1134, 516, 319]
[1232, 654, 363, 364]
[960, 961]
[823, 1096]
[258, 259, 1343]
[425, 193, 205]
[10, 409]
[414, 88, 203]
[10, 1223]
[436, 0, 654, 363, 364]
[569, 1118]
[262, 632, 61, 106, 1330]
[355, 61]
[1005, 1065]
[145, 1257]
[636, 728]
[1353, 29]
[468, 469]
[521, 132]
[527, 202]
[562, 563]
[493, 316]
[90, 821]
[219, 204]
[1141, 534, 84]
[1261, 572]
[460, 1335]
[226, 116]
[1297, 193, 194]
[719, 1434]
[847, 9]
[289, 61, 106, 179]
[1125, 138, 156]
[529, 219]
[807, 732]
[191, 192]
[217, 218]
[1129, 61, 106, 470]
[655, 1118]
[439, 138, 139]
[167, 947]
[538, 891]
[449, 450]
[1222, 250, 285]
[159, 160, 817, 1498]
[651, 478]
[671, 672]
[776, 835, 73]
[1091, 334]
[230, 61, 106]
[195, 196]
[84, 218]
[981, 982]
[1147, 421]
[0, 1, 1232, 654, 363]
[466, 13]
[668, 216, 61, 106, 1511]
[1210, 5]
[1524, 202]
[94, 54, 1326]
[1172, 178]
[268, 269]
[322, 1489]
[938, 832, 1128]
[1435, 61, 106, 1330]
[48, 61, 106, 179]
[0, 1, 1232, 654]
[790, 1, 1232, 654, 363]
[48, 61, 106, 1438]
[760, 761]
[62, 341]
[841, 1241]
[41, 586]
[102, 103]
[60, 61, 106, 1077, 1097]
[716, 156]
[632, 61, 106, 1438]
[418, 201, 1377]
[10, 11]
[676, 502, 615]
[96, 97, 346]
[1, 714, 715]
[311, 205, 859]
[83, 0, 1, 1232]
[138, 61, 106, 1077, 1097]
[284, 285]
[422, 182]
[1333, 377]
[88, 203, 975]
[1120, 587, 421]
[1054, 1173]
[1219, 106, 1511]
[1386, 496]
[1098, 321]
[823, 1404]
[355, 333, 1248]
[538, 44, 36, 19, 837]
[333, 1248]
[854, 29, 252]
[243, 601]
[538, 44, 36, 37, 403]
[1264, 193, 205]
[131, 1300]
[138, 61, 106, 470]
[482, 326]
[534, 84, 765, 656]
[240, 383]
[534, 84, 765, 656, 657]
[634, 635]
[36, 19]
[342, 398, 841, 1318]
[46, 146]
[251, 216, 61]
[416, 1463, 417]
[1093, 138, 61, 106, 1330]
[520, 29, 229]
[10, 216, 1107]
[136, 667, 499, 9]
[332, 336, 403]
[634, 1278]
[126, 52, 788]
[1396, 832]
[1396, 832, 1128]
[18, 19]
[1091, 689]
[988, 356]
[170, 486]
[710, 782]
[918, 438, 660]
[394, 395]
[211, 216]
[0, 1, 714]
[1276, 1277]
[10, 216, 61, 106, 147]
[181, 252]
[1219, 106, 179]
[97, 346]
[1258, 75]
[707, 825, 851, 852]
[83, 0, 1, 1232, 654, 715]
[262, 632]
[948, 949]
[106, 1077, 1097]
[20, 21]
[226, 1242]
[963, 1054]
[1342, 1030]
[1336, 224, 225]
[61, 106, 1077, 1097]
[1180, 946]
[1154, 321]
[636, 637]
[44, 88, 203, 204]
[652, 653, 1015]
[871, 872]
[792, 138, 61, 106, 470]
[84, 765, 656]
[88, 203, 629]
[20, 673, 835]
[416, 853]
[638, 840]
[36, 689]
[416, 417]
[44, 36, 282, 190]
[748, 240, 383]
[50, 51]
[626, 1080]
[193, 1441]
[262, 632, 61, 106, 1077, 1097]
[673, 835, 73]
[10, 216, 61, 106, 1438]
[131, 75]
[744, 745]
[1220, 1221]
[90, 424]
[261, 262, 632, 61, 106, 1438]
[230, 61, 106, 1330]
[262, 632, 61, 106, 179]
[668, 216, 61, 106]
[216, 61, 106, 1438]
[247, 1124]
[700, 319]
[418, 403]
[82, 790, 1, 1232]
[508, 803]
[668, 216, 61, 106, 179]
[60, 156]
[924, 84, 194]
[136, 1427]
[262, 632, 139]
[1463, 417]
[679, 377, 378]
[1053, 1054]
[542, 543]
[919, 14, 749]
[100, 970]
[301, 74, 75]
[8, 797]
[439, 138, 61, 106, 1511]
[400, 626, 3]
[154, 734]
[1353, 29, 252]
[945, 946]
[790, 1, 714, 715]
[365, 533]
[1396, 832, 61, 106, 470]
[94, 164]
[534, 84, 218]
[1138, 1038]
[1261, 572, 1055]
[365, 63]
[1090, 9]
[634, 91]
[289, 116]
[94, 706, 707, 825, 828]
[866, 304]
[60, 61]
[197, 198]
[36, 379]
[44, 36]
[203, 619]
[133, 724]
[1020, 1021]
[94, 163]
[131, 68]
[894, 61, 106, 1330]
[1252, 1253]
[435, 436, 0, 1, 1232, 654, 715]
[609, 487, 488, 1343]
[1503, 1504]
[435, 1012, 1, 714, 715]
[36, 37, 65]
[1219, 106, 1077, 1097]
[1435, 61, 106, 147]
[1116, 258, 259, 1343]
[1431, 1432]
[665, 1118]
[790, 1, 1232, 654, 715]
[36, 282, 1381]
[98, 216, 61]
[667, 499]
[1249, 1250]
[1263, 1234]
[1255, 182]
[261, 1226]
[693, 810]
[1387, 358]
[860, 1015]
[88, 203, 272]
[538, 44, 88, 203, 204]
[700, 223]
[414, 415]
[482, 279]
[44, 36, 282, 979]
[1120, 587]
[1437, 946]
[90, 569, 655, 1173]
[1027, 1028]
[1231, 1232, 654, 363, 364]
[159, 160]
[20, 827]
[113, 1433]
[86, 351]
[847, 1032]
[1270, 988, 61, 106, 1077, 1097]
[131, 577, 164]
[1179, 398, 841, 1318]
[1227, 61, 106, 147]
[36, 37, 63]
[1215, 29, 1409]
[534, 5]
[1104, 478]
[988, 61, 106, 1077, 1097]
[476, 181, 252]
[847, 5]
[18, 19, 837]
[211, 251, 216, 61, 106, 1077]
[320, 321]
[748, 240, 781]
[44, 36, 282, 35]
[538, 44, 36, 282, 190]
[44, 36, 304]
[398, 1446]
[83, 0, 654, 363]
[216, 61, 106, 1077]
[519, 5]
[538, 44, 36, 190]
[557, 564]
[203, 284, 285]
[1132, 205, 859]
[1435, 61, 106, 1511]
[355, 549]
[1270, 988, 61, 106, 1438]
[19, 837]
[136, 256, 521, 359, 360]
[1353, 29, 1070]
[84, 794]
[795, 802]
[928, 304]
[819, 288]
[702, 703]
[56, 836]
[918, 438, 319]
[505, 506]
[184, 205, 1024]
[0, 654, 363, 364]
[211, 251, 216, 61, 106, 147]
[215, 216, 61, 106, 1330]
[894, 61, 106, 147]
[140, 141, 346]
[162, 5]
[1117, 29, 252]
[16, 319]
[188, 9]
[384, 377, 378]
[90, 257]
[206, 1164]
[851, 852]
[579, 891]
[98, 216, 61, 106, 1330]
[1125, 138, 61, 106, 179]
[668, 216, 61, 106, 1330]
[1492, 9]
[438, 382]
[562, 563, 419]
[1262, 61, 106, 147]
[1269, 781]
[1216, 40]
[29, 1409]
[100, 101]
[44, 36, 19, 806]
[725, 726]
[516, 319]
[136, 593, 749]
[262, 632, 75]
[28, 29, 252]
[77, 78]
[673, 73]
[236, 42]
[520, 29, 1070]
[1270, 988, 1149]
[295, 30, 340]
[776, 835]
[847, 208]
[1086, 515]
[44, 36, 19]
[977, 377]
[577, 1447]
[113, 218]
[790, 1]
[892, 139]
[193, 205]
[756, 112]
[211, 216, 61, 106, 1077]
[725, 858]
[1442, 61, 106, 147]
[404, 1036]
[559, 560]
[894, 61]
[295, 548]
[918, 438, 17]
[542, 398, 841, 1241]
[211, 216, 61, 106, 179]
[20, 673, 73]
[416, 233]
[538, 812]
[48, 403]
[251, 99]
[792, 138, 119]
[211, 251]
[632, 61]
[44, 88, 89]
[427, 508, 266]
[471, 377]
[1262, 61, 106, 1077, 1097]
[1126, 825, 826]
[253, 202]
[696, 197]
[612, 613]
[1141, 534, 84, 194]
[197, 1221]
[1141, 534, 1393]
[1262, 61]
[282, 1325]
[344, 116]
[756, 907]
[822, 508, 803]
[1117, 29, 1409]
[211, 251, 870]
[1, 714]
[1445, 401]
[600, 1059]
[830, 1305]
[938, 832, 61]
[262, 632, 61, 106, 1511]
[1280, 623, 373]
[211, 385]
[436, 0, 1, 1232, 654, 363, 364]
[1117, 29]
[160, 904]
[342, 775]
[1014, 1423]
[832, 61, 106]
[44, 36, 650]
[839, 29, 229]
[94, 163, 164]
[557, 502, 503]
[46, 63]
[1405, 1406]
[331, 174]
[693, 232, 233, 417]
[919, 14, 1066]
[94, 954]
[1249, 1343]
[1228, 316]
[29, 252]
[911, 1078]
[460, 9]
[240, 781]
[249, 250]
[847, 208, 751]
[833, 834]
[1240, 313, 990]
[216, 61, 106, 147]
[20, 561]
[402, 163, 164]
[793, 109]
[92, 190, 1192, 1193]
[414, 88, 203, 284, 1040]
[1319, 316]
[10, 537]
[706, 707]
[261, 262, 632, 119]
[1009, 663]
[12, 358]
[136, 238]
[211, 251, 216]
[500, 283]
[922, 923]
[408, 1370]
[817, 1498]
[942, 943]
[1093, 138, 61, 106, 179]
[136, 256, 521, 163]
[159, 160, 511]
[436, 0, 714]
[611, 91]
[723, 724]
[332, 1488]
[1515, 1516]
[538, 44, 36, 37, 47]
[191, 1476]
[160, 817]
[188, 479]
[83, 0, 1]
[342, 398, 1455]
[402, 202]
[436, 0, 1, 1232, 654, 363]
[1378, 419]
[344, 202]
[534, 84, 1414]
[10, 974]
[307, 389]
[562, 563, 1479]
[301, 302]
[595, 1056]
[463, 84, 794]
[906, 907]
[36, 63]
[59, 1158]
[256, 521, 163]
[211, 251, 216, 61, 106]
[36, 282, 35]
[1232, 654]
[36, 282]
[538, 44, 36, 282, 283]
[842, 689]
[832, 61, 106, 470]
[1349, 498]
[854, 29]
[64, 116]
[290, 1076]
[342, 732]
[36, 402, 403]
[251, 216, 61, 106, 470]
[538, 44, 36, 37]
[1272, 510]
[408, 377]
[299, 100]
[925, 926]
[1219, 106]
[83, 0, 654, 715]
[94, 54, 759, 825, 851, 852]
[399, 139]
[77, 144]
[301, 74, 115]
[692, 375]
[1027, 1026]
[903, 689]
[44, 88, 203, 284]
[82, 790]
[435, 1012, 1, 1232, 654, 715]
[625, 116]
[538, 44, 36, 282]
[704, 705]
[627, 99]
[562, 563, 572, 1526]
[211, 251, 1322]
[706, 707, 825, 826]
[1394, 1395]
[359, 360]
[1057, 421]
[1384, 377, 378]
[1464, 377]
[317, 1174]
[538, 44, 36, 282, 1325]
[436, 0, 1, 714, 715]
[418, 146]
[632, 61, 106, 1077]
[815, 816]
[90, 569, 1118]
[695, 138, 61, 106, 1077, 1097]
[823, 1490]
[1198, 1199]
[61, 106, 1438]
[727, 205, 859]
[792, 138, 61, 106, 1438]
[460, 5]
[435, 436, 0, 1, 1232, 654, 363]
[950, 316]
[1044, 1045]
[425, 193, 694]
[653, 1015]
[44, 88, 203, 1329]
[36, 190, 1192]
[659, 245, 419]
[915, 1288]
[1126, 825, 828]
[1141, 534, 84, 1414]
[884, 985]
[83, 0, 714, 715]
[830, 831]
[1402, 80]
[36, 19, 806]
[136, 1157]
[538, 44, 36, 1352]
[632, 61, 106, 1077, 1097]
[967, 1081]
[92, 1253]
[84, 1414]
[211, 251, 216, 61, 106, 1511]
[94, 706, 707, 825, 826]
[1181, 115]
[592, 383]
[439, 138, 61, 106, 1077]
[34, 35]
[696, 197, 670]
[42, 186]
[706, 707, 825, 828]
[224, 243, 1059]
[414, 35]
[502, 503]
[1435, 61, 106, 1077]
[784, 689]
[305, 306, 1380]
[60, 61, 106, 179]
[721, 722]
[1338, 116]
[1141, 534, 84, 286]
[46, 65]
[534, 9]
[422, 351]
