103,2 1
103,1 1
2,1 1
101,1 1
0,1 1
18,1 4
28,2 1
28,1 2
49,1 1
38,1 1
16,1 2
59,1 2
26,1 2
69,1 1
36,1 1
79,2 1
14,1 1
68,2 1
79,1 2
68,1 1
46,3 3
57,1 1
46,2 3
46,1 3
24,1 1
78,2 1
78,1 1
56,1 1
99,2 1
99,1 1
34,1 1
88,1 2
77,2 1
77,1 1
12,1 7
66,1 3
55,1 1
44,1 1
33,1 1
98,1 1
22,1 1
87,1 2
76,2 1
76,1 2
54,2 1
54,1 1
43,2 1
43,1 1
32,1 2
75,2 1
10,1 1
75,1 2
64,1 1
42,2 2
42,1 1
20,1 1
74,1 1
63,2 4
63,1 2
52,1 1
41,1 1
30,1 1
84,1 1
94,1 1
72,1 3
61,1 2
50,2 1
50,1 4
93,2 2
93,1 1
82,1 1
91,1 1
90,1 1
9,1 1
8,2 1
8,1 1
6,1 1
106,1 1
105,2 1
105,1 1
4,1 1
