[49, 50]
[22, 95]
[57, 58]
[8, 9]
[79, 78]
[66, 78]
[73, 74]
[14, 15]
[70, 68]
[45, 23]
[37, 23]
[73, 54]
[18, 19]
[53, 23]
[46, 36]
[30, 103]
[22, 23]
[49, 70]
[22, 43]
[30, 31]
[12, 13]
[101, 20]
[96, 29]
[53, 54]
[85, 21]
[2, 3]
[55, 56]
[16, 51]
[16, 23]
[97, 98]
[36, 105]
[20, 21]
[32, 23]
[88, 21]
[97, 90]
[36, 21]
[79, 48]
[93, 94]
[84, 21]
[4, 5]
[16, 104]
[16, 108]
[79, 80]
[16, 54]
[22, 29]
[99, 74]
[53, 29]
[109, 110]
[6, 7]
[75, 24]
[86, 24]
[40, 41]
[34, 35]
[82, 83]
[76, 77]
[68, 69]
[68, 25]
[20, 112]
[63, 15]
[24, 25]
[66, 67]
[6, 48]
[70, 97]
[0, 1]
[114, 115]
[16, 33]
[73, 33]
[111, 52, 5]
[16, 17]
[96, 23]
