[57, 58]
[64, 65]
[44, 77, 83]
[53, 31]
[8, 9]
[61, 11]
[104, 19]
[39, 17]
[26, 20, 21]
[66, 64, 65]
[50, 41]
[2, 41]
[73, 74]
[94, 41]
[46, 47, 105]
[16, 36]
[81, 82]
[93, 37]
[53, 54]
[26, 17]
[16, 91]
[55, 56]
[12, 17]
[89, 90]
[2, 3, 56]
[44, 66, 64, 65]
[46, 47]
[37, 38]
[62, 63]
[4, 43]
[40, 22]
[53, 21]
[30, 17]
[78, 79]
[44, 77]
[69, 70]
[12, 103]
[66, 96, 83]
[66, 96]
[10, 11]
[47, 105]
[42, 35]
[94, 95]
[44, 66, 96, 83]
[49, 50, 41]
[71, 18]
[24, 102]
[64, 19]
[51, 52]
[35, 36]
[53, 17]
[12, 27]
[6, 7]
[44, 66, 64]
[59, 60]
[33, 34]
[44, 66]
[100, 59, 60]
[0, 1]
[110, 85, 86]
[75, 72]
[93, 37, 38]
[49, 50]
[112, 113]
[101, 41]
[12, 54]
[90, 70]
[31, 32]
[44, 66, 96, 97]
[14, 15]
[98, 99]
[18, 19]
[50, 111]
[75, 43]
[22, 23]
[62, 72]
[12, 13]
[80, 18]
[80, 18, 19]
[101, 67, 68]
[2, 3]
[66, 96, 97]
[87, 88]
[100, 59]
[49, 50, 111]
[110, 85]
[20, 21]
[96, 97]
[106, 104, 19]
[12, 48]
[53, 31, 32]
[101, 67]
[66, 64, 19]
[12, 107]
[84, 81]
[85, 86]
[44, 45]
[28, 29]
[66, 64]
[92, 21]
[4, 5]
[26, 20]
[40, 22, 23]
[92, 17]
[106, 104]
[84, 81, 82]
[44, 66, 96]
[77, 83]
[40, 41]
[3, 56]
[71, 18, 19]
[108, 109]
[24, 25]
[42, 35, 36]
[16, 21]
[96, 83]
[67, 68]
[75, 76]
[16, 17]
[44, 66, 64, 19]
[89, 90, 70]
