[57, 58]
[64, 65]
[8, 9]
[68, 20]
[50, 25]
[54, 55, 80]
[76, 94, 53]
[28, 19]
[46, 63, 61, 62]
[63, 88]
[94, 53]
[63, 88, 81]
[75, 64, 65]
[46, 63, 61]
[72, 73]
[72, 45]
[18, 25]
[54, 55]
[61, 62]
[28, 24]
[77, 20, 21]
[12, 29]
[38, 39]
[28, 24, 25]
[46, 47]
[46, 63]
[99, 98]
[75, 17]
[46, 63, 88]
[69, 70]
[84, 85]
[33, 19]
[10, 11]
[105, 82]
[72, 71]
[76, 94]
[12, 96]
[87, 19]
[50, 34, 35]
[99, 98, 21]
[46, 74]
[6, 7]
[68, 20, 21]
[59, 60]
[18, 39]
[79, 22, 23]
[63, 88, 89]
[82, 83]
[66, 67]
[103, 49]
[46, 63, 61, 21]
[0, 1]
[63, 61, 21]
[105, 82, 83]
[9, 40]
[106, 107]
[59, 71]
[77, 20]
[78, 57]
[79, 22]
[18, 86]
[42, 32, 17]
[63, 61, 62]
[87, 25]
[46, 63, 88, 81]
[14, 15]
[78, 57, 58]
[49, 5]
[18, 19]
[42, 32, 97]
[43, 38]
[46, 63, 88, 89]
[22, 23]
[30, 31]
[93, 16]
[74, 81]
[12, 13]
[88, 81]
[63, 61]
[2, 3]
[50, 34]
[103, 49, 5]
[20, 21]
[55, 80]
[66, 29]
[93, 16, 17]
[43, 38, 39]
[93, 16, 104]
[88, 89]
[12, 48]
[61, 21]
[98, 21]
[8, 9, 40]
[44, 45]
[46, 74, 81]
[36, 37]
[41, 19]
[50, 51]
[4, 5]
[16, 104]
[52, 53]
[50, 19]
[101, 102]
[56, 11]
[90, 67]
[26, 27]
[32, 97]
[79, 17]
[34, 35]
[76, 17]
[12, 19]
[26, 95]
[42, 32]
[66, 51]
[12, 100]
[24, 25]
[12, 51]
[91, 92]
[16, 17]
[32, 17]
[75, 64]
