2,2 1
2,1 2
101,2 1
112,1 1
101,1 2
0,1 1
100,2 1
100,1 1
18,1 1
110,2 1
110,1 1
39,1 1
28,1 1
49,2 2
49,1 1
16,1 4
59,1 1
37,1 1
26,2 1
26,1 2
69,1 1
47,1 1
14,1 1
57,1 1
46,2 1
46,1 1
89,2 1
35,1 1
89,1 1
24,1 2
78,1 1
67,1 1
12,1 7
77,1 1
66,2 4
44,3 3
66,1 2
55,1 1
44,2 3
44,1 3
33,1 1
98,1 1
22,1 1
87,1 1
10,1 1
75,1 3
53,2 1
64,1 2
53,1 4
42,2 1
42,1 1
31,1 1
96,1 2
85,1 1
20,1 1
30,1 1
84,2 1
84,1 1
73,1 1
62,1 2
51,1 1
40,2 1
40,1 2
94,1 2
61,1 1
50,1 2
93,2 1
93,1 1
71,2 1
71,1 1
92,1 2
81,1 1
80,2 1
80,1 1
90,1 1
8,1 1
108,1 1
6,1 1
106,2 1
106,1 1
4,1 2
104,1 1
3,1 1
