0 1
2 3
4 5
6 7
8 9
10 11
12 13
14 15
16 17
18 19
20 21
22 23
24 25
26 20
12 27
28 29
30 17
31 32
33 34
35 36
37 38
39 17
40 41
26 17
42 35
4 43
44 45
46 47
12 48
49 50
51 52
50 41
16 36
53 54
55 56
57 58
59 60
61 11
62 63
64 65
66 64
67 68
69 70
44 66
16 21
12 17
71 18
62 72
73 74
75 76
44 77
78 79
53 21
75 72
80 18
40 22
81 82
64 19
77 83
84 81
85 86
87 88
89 90
16 91
92 21
93 37
53 31
94 95
96 97
98 99
96 83
94 41
100 59
53 17
3 56
101 67
24 102
75 43
12 54
12 103
101 41
104 19
47 105
66 96
106 104
92 17
12 107
108 109
110 85
50 111
2 41
112 113
90 70
