[59, 71]
[77, 20]
[68, 20]
[50, 25]
[28, 19]
[18, 86]
[63, 88]
[87, 25]
[14, 15]
[72, 73]
[18, 19]
[72, 45]
[30, 31]
[93, 16]
[12, 13]
[18, 25]
[61, 62]
[88, 81]
[63, 61]
[2, 3]
[103, 49, 5]
[12, 29]
[20, 21]
[46, 47]
[66, 29]
[46, 63]
[88, 89]
[12, 48]
[61, 21]
[75, 17]
[69, 70]
[84, 85]
[44, 45]
[33, 19]
[36, 37]
[41, 19]
[50, 51]
[10, 11]
[4, 5]
[16, 104]
[52, 53]
[50, 19]
[72, 71]
[101, 102]
[12, 96]
[87, 19]
[56, 11]
[6, 7]
[59, 60]
[90, 67]
[18, 39]
[26, 27]
[32, 97]
[79, 17]
[76, 17]
[12, 19]
[26, 95]
[42, 32]
[66, 51]
[12, 100]
[66, 67]
[0, 1]
[12, 51]
[106, 107]
[91, 92]
[16, 17]
[32, 17]
