0 1
2 3
4 5
6 7
8 9
10 11
12 13
14 15
16 17
18 19
20 21
22 23
24 25
26 27
28 24
12 29
30 31
32 17
33 19
34 35
36 37
38 39
9 40
41 19
28 19
42 32
43 38
44 45
46 47
12 48
49 5
18 39
50 51
52 53
54 55
56 11
57 58
59 60
61 62
63 61
64 65
46 63
66 67
18 25
12 19
68 20
69 70
59 71
72 73
46 74
75 64
50 25
72 71
76 17
77 20
78 57
79 22
55 80
74 81
61 21
82 83
84 85
66 29
18 86
87 25
50 34
88 89
90 67
88 81
79 17
91 92
50 19
93 16
94 53
26 95
72 45
12 51
12 96
76 94
32 97
98 21
63 88
99 98
87 19
12 100
101 102
103 49
16 104
105 82
106 107
75 17
66 51
