[22, 95]
[57, 58]
[64, 65]
[71, 72]
[8, 9]
[84, 71]
[49, 70, 97]
[101, 20, 21]
[79, 78]
[70, 68, 69]
[66, 78]
[73, 74]
[70, 68]
[45, 23]
[46, 36]
[30, 103]
[49, 70]
[22, 43]
[61, 62]
[101, 20]
[53, 54]
[85, 21]
[55, 56]
[49, 70, 68]
[16, 51]
[38, 39]
[49, 70, 68, 69]
[16, 23]
[32, 28, 29]
[32, 23]
[84, 71, 72]
[11, 44]
[53, 38]
[88, 21]
[36, 21]
[79, 48]
[84, 21]
[10, 11]
[16, 108]
[79, 80]
[102, 56]
[16, 54]
[99, 74]
[53, 29]
[46, 36, 105]
[47, 42, 43]
[6, 7]
[70, 97, 90]
[59, 60]
[107, 106]
[86, 24]
[52, 5]
[46, 36, 21]
[47, 42]
[101, 20, 112]
[70, 97, 98]
[82, 83]
[100, 59, 60]
[76, 77]
[68, 69]
[88, 26, 27]
[20, 112]
[63, 15]
[66, 67]
[6, 48]
[106, 25]
[0, 1]
[114, 115]
[111, 52, 5]
[113, 91]
[61, 62, 89]
[96, 23]
[49, 50]
[53, 38, 39]
[70, 68, 25]
[107, 106, 25]
[14, 15]
[37, 23]
[49, 81, 90]
[73, 54]
[18, 19]
[53, 23]
[88, 26]
[87, 64, 65]
[22, 23]
[81, 90]
[10, 11, 44]
[30, 31]
[32, 28]
[12, 13]
[75, 24, 25]
[96, 29]
[2, 3]
[87, 64]
[49, 70, 68, 25]
[100, 59]
[97, 98]
[36, 105]
[20, 21]
[97, 90]
[111, 52]
[93, 94]
[28, 29]
[113, 91, 92]
[42, 43]
[4, 5]
[16, 104]
[86, 24, 25]
[22, 29]
[109, 110]
[49, 70, 97, 90]
[75, 24]
[26, 27]
[40, 41]
[85, 102, 56]
[34, 35]
[68, 25]
[24, 25]
[70, 97]
[16, 33]
[73, 33]
[62, 89]
[85, 102]
[91, 92]
[49, 70, 97, 98]
[16, 17]
[49, 81]
