2,2 1
2,1 2
113,1 1
102,2 1
102,1 2
101,2 1
101,1 1
0,1 1
111,2 1
111,1 1
100,1 1
18,1 1
39,1 1
28,1 1
49,2 2
49,1 1
16,1 4
59,1 1
37,1 1
26,2 1
26,1 2
69,1 1
47,1 1
14,1 1
79,1 1
57,1 1
46,2 1
46,1 1
35,1 1
89,1 1
24,1 2
67,1 1
12,1 7
77,1 3
66,2 4
44,3 3
66,1 2
55,1 1
44,2 3
44,1 3
33,1 1
98,1 2
22,1 1
87,1 1
86,2 1
86,1 1
10,1 1
75,1 1
53,2 1
64,1 2
53,1 4
42,2 1
42,1 1
31,1 1
96,1 2
20,1 1
95,2 1
30,1 1
95,1 1
73,2 1
73,1 1
62,1 2
51,1 1
40,2 1
40,1 2
94,1 2
83,1 1
61,1 1
50,1 2
82,2 1
82,1 1
71,1 3
92,1 1
91,2 1
91,1 1
80,1 1
109,1 1
8,1 1
107,2 1
107,1 1
6,1 1
105,1 1
4,1 2
3,1 1
