0 1
2 3
4 5
6 7
8 9
10 11
12 13
14 15
16 17
18 19
20 21
22 23
24 25
26 27
28 29
30 31
32 28
16 33
34 35
36 21
37 23
38 39
40 41
42 43
11 44
45 23
32 23
46 36
47 42
6 48
49 50
16 51
52 5
22 43
53 54
55 56
57 58
59 60
61 62
63 15
64 65
66 67
68 69
70 68
71 72
49 70
73 74
22 29
16 23
75 24
76 77
66 78
79 80
49 81
82 83
84 71
53 29
79 78
85 21
86 24
87 64
88 26
62 89
81 90
68 25
91 92
93 94
73 33
22 95
96 29
53 38
97 98
99 74
97 90
88 21
100 59
53 23
101 20
102 56
30 103
79 48
16 54
16 104
85 102
36 105
106 25
70 97
107 106
96 23
16 108
109 110
111 52
20 112
113 91
114 115
84 21
73 54
