114,1 1
2,1 1
113,2 1
113,1 1
102,1 1
101,2 2
101,1 1
0,1 1
111,2 1
100,2 1
111,1 1
100,1 1
18,1 1
28,1 1
49,3 3
49,2 3
49,1 3
38,1 1
16,1 7
59,1 1
37,1 1
26,1 1
47,2 1
47,1 1
36,1 2
14,1 1
79,1 3
68,1 2
57,1 1
46,2 2
46,1 1
24,1 1
45,1 1
99,1 1
88,2 1
34,1 1
88,1 2
12,1 1
77,1 1
66,1 2
55,1 1
87,2 1
22,1 4
87,1 1
32,2 1
86,2 1
32,1 2
97,1 2
75,2 1
86,1 1
75,1 1
10,1 1
53,2 1
64,1 1
53,1 4
42,1 1
85,2 1
96,1 2
85,1 2
20,1 2
63,1 1
52,1 1
84,2 1
30,1 2
84,1 2
73,1 3
62,1 1
40,1 1
61,2 1
61,1 1
93,1 1
82,1 1
71,1 1
81,1 1
70,2 4
70,1 2
91,1 1
9,1 1
109,1 1
8,2 1
8,1 1
107,2 1
107,1 1
6,1 2
106,1 1
4,1 1
