0 1
2 3
4 5
6 7
8 9
10 11
12 13
14 15
16 17
18 19
20 21
22 23
24 25
26 20
12 27
28 29
30 17
31 32
33 34
35 36
37 38
39 17
40 41
26 17
42 35
4 43
44 45
46 47
12 48
49 50
51 52
50 41
16 36
53 54
55 56
57 58
59 60
61 11
62 63
64 65
66 64
67 68
69 70
44 66
71 72
16 21
12 17
73 18
62 74
75 76
77 78
44 79
80 81
53 21
77 74
82 18
40 22
83 84
64 19
79 85
86 83
87 88
89 90
91 92
71 27
16 93
94 21
95 37
53 31
96 97
98 99
100 72
98 85
96 41
101 59
53 17
3 56
102 67
24 103
77 43
12 54
12 104
102 41
105 19
47 106
66 98
107 105
94 17
12 108
109 110
111 87
50 112
2 41
113 114
92 70
71 54
