[73, 18, 19]
[57, 58]
[64, 65]
[71, 72]
[100, 72]
[53, 31]
[8, 9]
[61, 11]
[39, 17]
[26, 20, 21]
[66, 64, 65]
[113, 114]
[50, 41]
[73, 18]
[2, 41]
[95, 37]
[80, 81]
[86, 83, 84]
[82, 18, 19]
[16, 36]
[44, 79, 85]
[44, 66, 98]
[53, 54]
[26, 17]
[55, 56]
[12, 17]
[47, 106]
[89, 90]
[2, 3, 56]
[44, 66, 64, 65]
[46, 47]
[37, 38]
[96, 41]
[62, 63]
[4, 43]
[40, 22]
[53, 21]
[66, 98, 85]
[77, 74]
[107, 105, 19]
[30, 17]
[69, 70]
[107, 105]
[44, 66, 98, 85]
[10, 11]
[42, 35]
[49, 50, 41]
[64, 19]
[51, 52]
[62, 74]
[35, 36]
[53, 17]
[101, 59]
[12, 27]
[6, 7]
[44, 66, 64]
[59, 60]
[33, 34]
[92, 70]
[44, 66]
[12, 104]
[16, 93]
[0, 1]
[102, 67]
[46, 47, 106]
[24, 103]
[49, 50]
[44, 66, 98, 99]
[66, 98, 99]
[102, 67, 68]
[12, 54]
[94, 17]
[44, 79]
[31, 32]
[94, 21]
[66, 98]
[14, 15]
[49, 50, 112]
[95, 37, 38]
[98, 99]
[18, 19]
[82, 18]
[22, 23]
[12, 13]
[111, 87]
[2, 3]
[102, 41]
[87, 88]
[20, 21]
[50, 112]
[96, 97]
[12, 48]
[53, 31, 32]
[111, 87, 88]
[66, 64, 19]
[98, 85]
[44, 45]
[28, 29]
[66, 64]
[4, 5]
[26, 20]
[71, 54]
[40, 22, 23]
[101, 59, 60]
[77, 78]
[86, 83]
[109, 110]
[105, 19]
[12, 108]
[40, 41]
[3, 56]
[91, 92, 70]
[79, 85]
[24, 25]
[42, 35, 36]
[71, 27]
[16, 21]
[77, 43]
[67, 68]
[91, 92]
[75, 76]
[83, 84]
[16, 17]
[44, 66, 64, 19]
